## AKT Apo ATM BAD BAX BCL2 Bclxl BID Cas3 Cas8 Cas9 CDK2 CDK4 CDK6 CIAP cJun Cl_PARP CYCD CYCE Cytc DNAdam DNAPK ERK Fas FasL FLIP gp130 GROWTH IKK IL6 JAK1 JAK2 JNK MAPK MDM MEK1 MEKK MEKK2 MITO MKK4 MYC NIK p21 p27 p53 PI3K pIKB PIP3 pNFKB pRB Prot pSTAT3 PTEN RAC RAF RAS RIP Smac STAT3 STRESS TRAF3 XIAP X SHP1 TNFA Bort TNFAR
# AKT (PIP3, AKT)
0, 0
1, 1
# Apo (Cl_PARP, Apo)
0, 0
1, 1
# ATM (Cas3, DNAdam, ATM)
0, 0, 0
0, 1, 1
1, 0, 1
1, 1, 1
# BAD (AKT, BAD)
0, 1
1, 0
# BAX (BCL2, BID, Bclxl, p53, BAX)
0, 0, 0, 0, 0
0, 0, 0, 1, 1
0, 0, 1, 0, 0
0, 0, 1, 1, 0
0, 1, 0, 0, 1
0, 1, 0, 1, 1
0, 1, 1, 0, 0
0, 1, 1, 1, 0
1, 0, 0, 0, 0
1, 0, 0, 1, 0
1, 0, 1, 0, 0
1, 0, 1, 1, 0
1, 1, 0, 0, 0
1, 1, 0, 1, 0
1, 1, 1, 0, 0
1, 1, 1, 1, 0
# BCL2 (BAD, p53, pNFKB, pSTAT3, BCL2)
0, 0, 0, 0, 0
0, 0, 0, 1, 1
0, 0, 1, 0, 1
0, 0, 1, 1, 1
0, 1, 0, 0, 0
0, 1, 0, 1, 0
0, 1, 1, 0, 0
0, 1, 1, 1, 0
1, 0, 0, 0, 0
1, 0, 0, 1, 0
1, 0, 1, 0, 0
1, 0, 1, 1, 0
1, 1, 0, 0, 0
1, 1, 0, 1, 0
1, 1, 1, 0, 0
1, 1, 1, 1, 0
# Bclxl (BAD, BAX, p53, pNFKB, pSTAT3, Bclxl)
0, 0, 0, 0, 0, 0
0, 0, 0, 0, 1, 1
0, 0, 0, 1, 0, 1
0, 0, 0, 1, 1, 1
0, 0, 1, 0, 0, 0
0, 0, 1, 0, 1, 0
0, 0, 1, 1, 0, 0
0, 0, 1, 1, 1, 0
0, 1, 0, 0, 0, 0
0, 1, 0, 0, 1, 0
0, 1, 0, 1, 0, 0
0, 1, 0, 1, 1, 0
0, 1, 1, 0, 0, 0
0, 1, 1, 0, 1, 0
0, 1, 1, 1, 0, 0
0, 1, 1, 1, 1, 0
1, 0, 0, 0, 0, 0
1, 0, 0, 0, 1, 0
1, 0, 0, 1, 0, 0
1, 0, 0, 1, 1, 0
1, 0, 1, 0, 0, 0
1, 0, 1, 0, 1, 0
1, 0, 1, 1, 0, 0
1, 0, 1, 1, 1, 0
1, 1, 0, 0, 0, 0
1, 1, 0, 0, 1, 0
1, 1, 0, 1, 0, 0
1, 1, 0, 1, 1, 0
1, 1, 1, 0, 0, 0
1, 1, 1, 0, 1, 0
1, 1, 1, 1, 0, 0
1, 1, 1, 1, 1, 0
# BID (BCL2, Bclxl, Cas8, Fas, STRESS, BID)
0, 0, 0, 0, 0, 0
0, 0, 0, 0, 1, 1
0, 0, 0, 1, 0, 1
0, 0, 0, 1, 1, 1
0, 0, 1, 0, 0, 1
0, 0, 1, 0, 1, 1
0, 0, 1, 1, 0, 1
0, 0, 1, 1, 1, 1
0, 1, 0, 0, 0, 0
0, 1, 0, 0, 1, 0
0, 1, 0, 1, 0, 0
0, 1, 0, 1, 1, 0
0, 1, 1, 0, 0, 0
0, 1, 1, 0, 1, 0
0, 1, 1, 1, 0, 0
0, 1, 1, 1, 1, 0
1, 0, 0, 0, 0, 0
1, 0, 0, 0, 1, 0
1, 0, 0, 1, 0, 0
1, 0, 0, 1, 1, 0
1, 0, 1, 0, 0, 0
1, 0, 1, 0, 1, 0
1, 0, 1, 1, 0, 0
1, 0, 1, 1, 1, 0
1, 1, 0, 0, 0, 0
1, 1, 0, 0, 1, 0
1, 1, 0, 1, 0, 0
1, 1, 0, 1, 1, 0
1, 1, 1, 0, 0, 0
1, 1, 1, 0, 1, 0
1, 1, 1, 1, 0, 0
1, 1, 1, 1, 1, 0
# Cas3 (Cas8, Cas9, XIAP, Cas3)
0, 0, 0, 0
0, 0, 1, 0
0, 1, 0, 1
0, 1, 1, 0
1, 0, 0, 1
1, 0, 1, 0
1, 1, 0, 1
1, 1, 1, 0
# Cas8 (FLIP, Fas, FasL, Cas8)
0, 0, 0, 0
0, 0, 1, 0
0, 1, 0, 0
0, 1, 1, 1
1, 0, 0, 0
1, 0, 1, 0
1, 1, 0, 0
1, 1, 1, 0
# Cas9 (AKT, Cytc, XIAP, Cas9)
0, 0, 0, 0
0, 0, 1, 0
0, 1, 0, 1
0, 1, 1, 0
1, 0, 0, 0
1, 0, 1, 0
1, 1, 0, 0
1, 1, 1, 0
# CDK2 (CYCE, p21, CDK2)
0, 0, 0
0, 1, 0
1, 0, 1
1, 1, 0
# CDK4 (CYCD, p21, p27, CDK4)
0, 0, 0, 0
0, 0, 1, 0
0, 1, 0, 0
0, 1, 1, 0
1, 0, 0, 1
1, 0, 1, 0
1, 1, 0, 0
1, 1, 1, 0
# CDK6 (CYCD, CDK6)
0, 0
1, 1
# CIAP (TNFAR, CIAP)
0, 0
1, 1
# cJun (JNK, cJun)
0, 0
1, 1
# Cl_PARP (Cas3, Cl_PARP)
0, 0
1, 1
# CYCD (AKT, ERK, MYC, CYCD)
0, 0, 0, 0
0, 0, 1, 1
0, 1, 0, 1
0, 1, 1, 1
1, 0, 0, 1
1, 0, 1, 1
1, 1, 0, 1
1, 1, 1, 1
# CYCE (MYC, CYCE)
0, 0
1, 1
# Cytc (MITO, Cytc)
0, 0
1, 1
# DNAdam (Cas3, STRESS, DNAdam)
0, 0, 0
0, 1, 1
1, 0, 1
1, 1, 1
# DNAPK (ATM, DNAPK)
0, 0
1, 1
# ERK (MAPK, ERK)
0, 0
1, 1
# Fas (FasL, p53, Fas)
0, 0, 0
0, 1, 1
1, 0, 1
1, 1, 1
# FasL (Fas, cJun, FasL)
0, 0, 0
0, 1, 1
1, 0, 1
1, 1, 1
# FLIP (pNFKB, FLIP)
0, 0
1, 1
# gp130 (Cas3, gp130)
0, 1
1, 0
# GROWTH (pRB, GROWTH)
0, 0
1, 1
# IKK (AKT, NIK, RIP, IKK)
0, 0, 0, 0
0, 0, 1, 0
0, 1, 0, 0
0, 1, 1, 1
1, 0, 0, 1
1, 0, 1, 1
1, 1, 0, 1
1, 1, 1, 1
# IL6 (pNFKB, IL6)
0, 0
1, 1
# JAK1 (IL6, SHP1, gp130, JAK1)
0, 0, 0, 0
0, 0, 1, 0
0, 1, 0, 0
0, 1, 1, 0
1, 0, 0, 0
1, 0, 1, 1
1, 1, 0, 0
1, 1, 1, 1
# JAK2 (IL6, SHP1, gp130, JAK2)
0, 0, 0, 0
0, 0, 1, 0
0, 1, 0, 0
0, 1, 1, 0
1, 0, 0, 0
1, 0, 1, 1
1, 1, 0, 0
1, 1, 1, 0
# JNK (MKK4, Prot, JNK)
0, 0, 0
0, 1, 0
1, 0, 1
1, 1, 0
# MAPK (MEK1, MAPK)
0, 0
1, 1
# MDM (AKT, ATM, p53, MDM)
0, 0, 0, 0
0, 0, 1, 1
0, 1, 0, 0
0, 1, 1, 0
1, 0, 0, 1
1, 0, 1, 1
1, 1, 0, 0
1, 1, 1, 0
# MEK1 (RAF, MEK1)
0, 0
1, 1
# MEKK (MEK1, MEKK)
0, 0
1, 1
# MEKK2 (RAC, MEKK2)
0, 0
1, 1
# MITO (BAX, MITO)
0, 0
1, 1
# MKK4 (MEKK2, MKK4)
0, 0
1, 1
# MYC (ERK, MEKK, pSTAT3, MYC)
0, 0, 0, 0
0, 0, 1, 1
0, 1, 0, 1
0, 1, 1, 1
1, 0, 0, 1
1, 0, 1, 1
1, 1, 0, 1
1, 1, 1, 1
# NIK (TRAF3, NIK)
0, 1
1, 0
# p21 (AKT, CDK4, MDM, MYC, p53, p21)
0, 0, 0, 0, 0, 0
0, 0, 0, 0, 1, 1
0, 0, 0, 1, 0, 0
0, 0, 0, 1, 1, 0
0, 0, 1, 0, 0, 0
0, 0, 1, 0, 1, 0
0, 0, 1, 1, 0, 0
0, 0, 1, 1, 1, 0
0, 1, 0, 0, 0, 0
0, 1, 0, 0, 1, 0
0, 1, 0, 1, 0, 0
0, 1, 0, 1, 1, 0
0, 1, 1, 0, 0, 0
0, 1, 1, 0, 1, 0
0, 1, 1, 1, 0, 0
0, 1, 1, 1, 1, 0
1, 0, 0, 0, 0, 0
1, 0, 0, 0, 1, 0
1, 0, 0, 1, 0, 0
1, 0, 0, 1, 1, 0
1, 0, 1, 0, 0, 0
1, 0, 1, 0, 1, 0
1, 0, 1, 1, 0, 0
1, 0, 1, 1, 1, 0
1, 1, 0, 0, 0, 0
1, 1, 0, 0, 1, 0
1, 1, 0, 1, 0, 0
1, 1, 0, 1, 1, 0
1, 1, 1, 0, 0, 0
1, 1, 1, 0, 1, 0
1, 1, 1, 1, 0, 0
1, 1, 1, 1, 1, 0
# p27 (AKT, CDK4, MYC, p53, p27)
0, 0, 0, 0, 0
0, 0, 0, 1, 1
0, 0, 1, 0, 0
0, 0, 1, 1, 0
0, 1, 0, 0, 0
0, 1, 0, 1, 0
0, 1, 1, 0, 0
0, 1, 1, 1, 0
1, 0, 0, 0, 0
1, 0, 0, 1, 0
1, 0, 1, 0, 0
1, 0, 1, 1, 0
1, 1, 0, 0, 0
1, 1, 0, 1, 0
1, 1, 1, 0, 0
1, 1, 1, 1, 0
# p53 (DNAPK, JNK, MDM, Prot, p53)
0, 0, 0, 0, 0
0, 0, 0, 1, 0
0, 0, 1, 0, 0
0, 0, 1, 1, 0
0, 1, 0, 0, 1
0, 1, 0, 1, 1
0, 1, 1, 0, 1
0, 1, 1, 1, 0
1, 0, 0, 0, 1
1, 0, 0, 1, 1
1, 0, 1, 0, 1
1, 0, 1, 1, 0
1, 1, 0, 0, 1
1, 1, 0, 1, 1
1, 1, 1, 0, 1
1, 1, 1, 1, 0
# PI3K (IL6, gp130, PI3K)
0, 0, 0
0, 1, 0
1, 0, 0
1, 1, 1
# pIKB (IKK, pIKB)
0, 0
1, 1
# PIP3 (PIP3, PTEN, PIP3)
0, 0, 0
0, 1, 0
1, 0, 1
1, 1, 0
# pNFKB (Prot, X, pIKB, pSTAT3, pNFKB)
0, 0, 0, 0, 0
0, 0, 0, 1, 1
0, 0, 1, 0, 1
0, 0, 1, 1, 1
0, 1, 0, 0, 1
0, 1, 0, 1, 1
0, 1, 1, 0, 1
0, 1, 1, 1, 1
1, 0, 0, 0, 0
1, 0, 0, 1, 1
1, 0, 1, 0, 1
1, 0, 1, 1, 1
1, 1, 0, 0, 1
1, 1, 0, 1, 1
1, 1, 1, 0, 1
1, 1, 1, 1, 1
# pRB (CDK2, CDK4, CDK6, pRB)
0, 0, 0, 0
0, 0, 1, 0
0, 1, 0, 0
0, 1, 1, 1
1, 0, 0, 0
1, 0, 1, 0
1, 1, 0, 0
1, 1, 1, 1
# Prot (Bort, Prot)
0, 1
1, 0
# pSTAT3 (IKK, JAK1, JAK2, JNK, STAT3, pSTAT3)
0, 0, 0, 0, 0, 0
0, 0, 0, 0, 1, 0
0, 0, 0, 1, 0, 0
0, 0, 0, 1, 1, 0
0, 0, 1, 0, 0, 0
0, 0, 1, 0, 1, 0
0, 0, 1, 1, 0, 0
0, 0, 1, 1, 1, 0
0, 1, 0, 0, 0, 0
0, 1, 0, 0, 1, 0
0, 1, 0, 1, 0, 0
0, 1, 0, 1, 1, 0
0, 1, 1, 0, 0, 0
0, 1, 1, 0, 1, 1
0, 1, 1, 1, 0, 0
0, 1, 1, 1, 1, 1
1, 0, 0, 0, 0, 0
1, 0, 0, 0, 1, 0
1, 0, 0, 1, 0, 0
1, 0, 0, 1, 1, 0
1, 0, 1, 0, 0, 0
1, 0, 1, 0, 1, 0
1, 0, 1, 1, 0, 0
1, 0, 1, 1, 1, 0
1, 1, 0, 0, 0, 0
1, 1, 0, 0, 1, 0
1, 1, 0, 1, 0, 0
1, 1, 0, 1, 1, 0
1, 1, 1, 0, 0, 0
1, 1, 1, 0, 1, 1
1, 1, 1, 1, 0, 0
1, 1, 1, 1, 1, 1
# PTEN (p53, PTEN)
0, 0
1, 1
# RAC (STRESS, RAC)
0, 0
1, 1
# RAF (RAS, RAF)
0, 0
1, 1
# RAS (IL6, SHP1, gp130, RAS)
0, 0, 0, 0
0, 0, 1, 0
0, 1, 0, 1
0, 1, 1, 1
1, 0, 0, 0
1, 0, 1, 1
1, 1, 0, 1
1, 1, 1, 1
# RIP (Bort, TNFA, TNFAR, RIP)
0, 0, 0, 0
0, 0, 1, 0
0, 1, 0, 0
0, 1, 1, 1
1, 0, 0, 1
1, 0, 1, 1
1, 1, 0, 1
1, 1, 1, 1
# Smac (MITO, Smac)
0, 0
1, 1
# STAT3 (Cas3, STAT3)
0, 1
1, 0
# STRESS (DNAdam, Prot, STRESS)
0, 0, 1
0, 1, 0
1, 0, 1
1, 1, 1
# TRAF3 (CIAP, TRAF3)
0, 1
1, 0
# XIAP (Smac, p53, pNFKB, pSTAT3, XIAP)
0, 0, 0, 0, 0
0, 0, 0, 1, 1
0, 0, 1, 0, 1
0, 0, 1, 1, 1
0, 1, 0, 0, 0
0, 1, 0, 1, 0
0, 1, 1, 0, 0
0, 1, 1, 1, 0
1, 0, 0, 0, 0
1, 0, 0, 1, 0
1, 0, 1, 0, 0
1, 0, 1, 1, 0
1, 1, 0, 0, 0
1, 1, 0, 1, 0
1, 1, 1, 0, 0
1, 1, 1, 1, 0
