## ADM AEBP1 AFF1 AICDA AKAP12 AKT3 ALOX5 ANXA2 APLP2 APOBEC3G APP BLNK BMI1 CASP3 CAV1 CCL5 CCND2 CD27 CD63 CD69 CD70 CD74 CD79A CD81 CD86 CHST2 CNR1 CREM CSDA CSNK2A2 CTSB CUL5 DPP4 EED EGR1 EZH2 FCER2 FGFR1 FOS FRK FYN GSK3B H2AFX HDAC9 HIST1H3H HIST2H2AA3 HSP90AA1 HSP90B1 IFNGR2 IGF1R IL10RA IL7 ILK INPP5D JAK1 LGALS1 LIG1 LMNA LPL MAP2K6 MAP4K4 MARCKS MGAT5 MIF MYL9 MYLK NAB1 NCOR2 NFE2L2 NOTCH2 OGT PAX3 PCNA PLD1 PRF1 PRKCA PTCH1 PTEN RFC5 RPS6KA5 RRM1 RUNX3 SELL SELP SIAH1 SKI TCF3 TGFBR3 TNF TNFRSF1B VDR
# ADM (HSP90AA1, TNF, ADM)
0, 0, 0
0, 1, 0
1, 0, 1
1, 1, 1
# AEBP1 (TGFBR3, AEBP1)
0, 0
1, 1
# AFF1 (SIAH1, AFF1)
0, 1
1, 0
# AICDA (CD27, CD79A, HSP90AA1, AICDA)
0, 0, 0, 0
0, 0, 1, 1
0, 1, 0, 0
0, 1, 1, 1
1, 0, 0, 0
1, 0, 1, 1
1, 1, 0, 0
1, 1, 1, 1
# AKAP12 (TNF, AKAP12)
0, 0
1, 1
# AKT3 (IGF1R, PTEN, AKT3)
0, 0, 0
0, 1, 0
1, 0, 1
1, 1, 0
# ALOX5 (EGR1, TGFBR3, ALOX5)
0, 0, 0
0, 1, 0
1, 0, 1
1, 1, 1
# ANXA2 (ANXA2, ANXA2)
0, 0
1, 1
# APLP2 (APP, APLP2)
0, 0
1, 1
# APOBEC3G (CUL5, IFNGR2, APOBEC3G)
0, 0, 1
0, 1, 1
1, 0, 0
1, 1, 0
# APP (CD74, FYN, IFNGR2, TNF, APP)
0, 0, 0, 0, 0
0, 0, 0, 1, 0
0, 0, 1, 0, 0
0, 0, 1, 1, 1
0, 1, 0, 0, 0
0, 1, 0, 1, 0
0, 1, 1, 0, 0
0, 1, 1, 1, 1
1, 0, 0, 0, 0
1, 0, 0, 1, 0
1, 0, 1, 0, 0
1, 0, 1, 1, 1
1, 1, 0, 0, 0
1, 1, 0, 1, 0
1, 1, 1, 0, 0
1, 1, 1, 1, 1
# BLNK (CD79A, BLNK)
0, 0
1, 1
# BMI1 (BMI1, BMI1)
0, 0
1, 1
# CASP3 (CTSB, IGF1R, TNF, CASP3)
0, 0, 0, 0
0, 0, 1, 1
0, 1, 0, 0
0, 1, 1, 0
1, 0, 0, 0
1, 0, 1, 0
1, 1, 0, 0
1, 1, 1, 0
# CAV1 (PRKCA, TGFBR3, CAV1)
0, 0, 0
0, 1, 0
1, 0, 1
1, 1, 1
# CCL5 (FOS, IFNGR2, CCL5)
0, 0, 0
0, 1, 1
1, 0, 0
1, 1, 0
# CCND2 (ANXA2, PTEN, CCND2)
0, 0, 0
0, 1, 0
1, 0, 1
1, 1, 0
# CD27 (PRF1, CD27)
0, 1
1, 0
# CD63 (SELP, CD63)
0, 0
1, 1
# CD69 (CD81, TNF, CD69)
0, 0, 0
0, 1, 0
1, 0, 0
1, 1, 1
# CD70 (TNF, CD70)
0, 0
1, 1
# CD74 (CD74, CD74)
0, 0
1, 1
# CD79A (CD86, TCF3, CD79A)
0, 0, 0
0, 1, 0
1, 0, 0
1, 1, 1
# CD81 (CD81, CD81)
0, 0
1, 1
# CD86 (TNFRSF1B, CD86)
0, 1
1, 0
# CHST2 (CHST2, CHST2)
0, 0
1, 1
# CNR1 (CNR1, CNR1)
0, 0
1, 1
# CREM (CREM, CREM)
0, 0
1, 1
# CSDA (CSDA, CSDA)
0, 0
1, 1
# CSNK2A2 (CSNK2A2, CSNK2A2)
0, 0
1, 1
# CTSB (CAV1, CTSB)
0, 0
1, 1
# CUL5 (CUL5, CUL5)
0, 0
1, 1
# DPP4 (TNF, DPP4)
0, 0
1, 1
# EED (EED, EED)
0, 0
1, 1
# EGR1 (AEBP1, CNR1, HDAC9, NAB1, TGFBR3, EGR1)
0, 0, 0, 0, 0, 0
0, 0, 0, 0, 1, 0
0, 0, 0, 1, 0, 0
0, 0, 0, 1, 1, 0
0, 0, 1, 0, 0, 0
0, 0, 1, 0, 1, 0
0, 0, 1, 1, 0, 0
0, 0, 1, 1, 1, 0
0, 1, 0, 0, 0, 0
0, 1, 0, 0, 1, 0
0, 1, 0, 1, 0, 0
0, 1, 0, 1, 1, 0
0, 1, 1, 0, 0, 0
0, 1, 1, 0, 1, 0
0, 1, 1, 1, 0, 0
0, 1, 1, 1, 1, 0
1, 0, 0, 0, 0, 0
1, 0, 0, 0, 1, 0
1, 0, 0, 1, 0, 0
1, 0, 0, 1, 1, 0
1, 0, 1, 0, 0, 0
1, 0, 1, 0, 1, 0
1, 0, 1, 1, 0, 0
1, 0, 1, 1, 1, 0
1, 1, 0, 0, 0, 0
1, 1, 0, 0, 1, 1
1, 1, 0, 1, 0, 0
1, 1, 0, 1, 1, 0
1, 1, 1, 0, 0, 0
1, 1, 1, 0, 1, 0
1, 1, 1, 1, 0, 0
1, 1, 1, 1, 1, 0
# EZH2 (EED, HDAC9, EZH2)
0, 0, 1
0, 1, 0
1, 0, 1
1, 1, 0
# FCER2 (NOTCH2, FCER2)
0, 0
1, 1
# FGFR1 (FGFR1, FGFR1)
0, 0
1, 1
# FOS (ADM, CNR1, CREM, JAK1, LMNA, MAP2K6, PCNA, TNF, FOS)
0, 0, 0, 0, 0, 0, 0, 0, 0
0, 0, 0, 0, 0, 0, 0, 1, 0
0, 0, 0, 0, 0, 0, 1, 0, 0
0, 0, 0, 0, 0, 0, 1, 1, 0
0, 0, 0, 0, 0, 1, 0, 0, 0
0, 0, 0, 0, 0, 1, 0, 1, 0
0, 0, 0, 0, 0, 1, 1, 0, 0
0, 0, 0, 0, 0, 1, 1, 1, 0
0, 0, 0, 0, 1, 0, 0, 0, 0
0, 0, 0, 0, 1, 0, 0, 1, 0
0, 0, 0, 0, 1, 0, 1, 0, 0
0, 0, 0, 0, 1, 0, 1, 1, 0
0, 0, 0, 0, 1, 1, 0, 0, 0
0, 0, 0, 0, 1, 1, 0, 1, 0
0, 0, 0, 0, 1, 1, 1, 0, 0
0, 0, 0, 0, 1, 1, 1, 1, 0
0, 0, 0, 1, 0, 0, 0, 0, 0
0, 0, 0, 1, 0, 0, 0, 1, 0
0, 0, 0, 1, 0, 0, 1, 0, 0
0, 0, 0, 1, 0, 0, 1, 1, 0
0, 0, 0, 1, 0, 1, 0, 0, 0
0, 0, 0, 1, 0, 1, 0, 1, 0
0, 0, 0, 1, 0, 1, 1, 0, 0
0, 0, 0, 1, 0, 1, 1, 1, 0
0, 0, 0, 1, 1, 0, 0, 0, 0
0, 0, 0, 1, 1, 0, 0, 1, 0
0, 0, 0, 1, 1, 0, 1, 0, 0
0, 0, 0, 1, 1, 0, 1, 1, 0
0, 0, 0, 1, 1, 1, 0, 0, 0
0, 0, 0, 1, 1, 1, 0, 1, 0
0, 0, 0, 1, 1, 1, 1, 0, 0
0, 0, 0, 1, 1, 1, 1, 1, 0
0, 0, 1, 0, 0, 0, 0, 0, 0
0, 0, 1, 0, 0, 0, 0, 1, 0
0, 0, 1, 0, 0, 0, 1, 0, 0
0, 0, 1, 0, 0, 0, 1, 1, 0
0, 0, 1, 0, 0, 1, 0, 0, 0
0, 0, 1, 0, 0, 1, 0, 1, 0
0, 0, 1, 0, 0, 1, 1, 0, 0
0, 0, 1, 0, 0, 1, 1, 1, 0
0, 0, 1, 0, 1, 0, 0, 0, 0
0, 0, 1, 0, 1, 0, 0, 1, 0
0, 0, 1, 0, 1, 0, 1, 0, 0
0, 0, 1, 0, 1, 0, 1, 1, 0
0, 0, 1, 0, 1, 1, 0, 0, 0
0, 0, 1, 0, 1, 1, 0, 1, 0
0, 0, 1, 0, 1, 1, 1, 0, 0
0, 0, 1, 0, 1, 1, 1, 1, 0
0, 0, 1, 1, 0, 0, 0, 0, 0
0, 0, 1, 1, 0, 0, 0, 1, 0
0, 0, 1, 1, 0, 0, 1, 0, 0
0, 0, 1, 1, 0, 0, 1, 1, 0
0, 0, 1, 1, 0, 1, 0, 0, 0
0, 0, 1, 1, 0, 1, 0, 1, 0
0, 0, 1, 1, 0, 1, 1, 0, 0
0, 0, 1, 1, 0, 1, 1, 1, 0
0, 0, 1, 1, 1, 0, 0, 0, 0
0, 0, 1, 1, 1, 0, 0, 1, 0
0, 0, 1, 1, 1, 0, 1, 0, 0
0, 0, 1, 1, 1, 0, 1, 1, 0
0, 0, 1, 1, 1, 1, 0, 0, 0
0, 0, 1, 1, 1, 1, 0, 1, 0
0, 0, 1, 1, 1, 1, 1, 0, 0
0, 0, 1, 1, 1, 1, 1, 1, 0
0, 1, 0, 0, 0, 0, 0, 0, 0
0, 1, 0, 0, 0, 0, 0, 1, 0
0, 1, 0, 0, 0, 0, 1, 0, 0
0, 1, 0, 0, 0, 0, 1, 1, 0
0, 1, 0, 0, 0, 1, 0, 0, 0
0, 1, 0, 0, 0, 1, 0, 1, 0
0, 1, 0, 0, 0, 1, 1, 0, 0
0, 1, 0, 0, 0, 1, 1, 1, 0
0, 1, 0, 0, 1, 0, 0, 0, 0
0, 1, 0, 0, 1, 0, 0, 1, 0
0, 1, 0, 0, 1, 0, 1, 0, 0
0, 1, 0, 0, 1, 0, 1, 1, 0
0, 1, 0, 0, 1, 1, 0, 0, 0
0, 1, 0, 0, 1, 1, 0, 1, 0
0, 1, 0, 0, 1, 1, 1, 0, 0
0, 1, 0, 0, 1, 1, 1, 1, 0
0, 1, 0, 1, 0, 0, 0, 0, 0
0, 1, 0, 1, 0, 0, 0, 1, 0
0, 1, 0, 1, 0, 0, 1, 0, 0
0, 1, 0, 1, 0, 0, 1, 1, 0
0, 1, 0, 1, 0, 1, 0, 0, 0
0, 1, 0, 1, 0, 1, 0, 1, 0
0, 1, 0, 1, 0, 1, 1, 0, 0
0, 1, 0, 1, 0, 1, 1, 1, 0
0, 1, 0, 1, 1, 0, 0, 0, 0
0, 1, 0, 1, 1, 0, 0, 1, 0
0, 1, 0, 1, 1, 0, 1, 0, 0
0, 1, 0, 1, 1, 0, 1, 1, 0
0, 1, 0, 1, 1, 1, 0, 0, 0
0, 1, 0, 1, 1, 1, 0, 1, 0
0, 1, 0, 1, 1, 1, 1, 0, 0
0, 1, 0, 1, 1, 1, 1, 1, 0
0, 1, 1, 0, 0, 0, 0, 0, 0
0, 1, 1, 0, 0, 0, 0, 1, 0
0, 1, 1, 0, 0, 0, 1, 0, 0
0, 1, 1, 0, 0, 0, 1, 1, 0
0, 1, 1, 0, 0, 1, 0, 0, 0
0, 1, 1, 0, 0, 1, 0, 1, 0
0, 1, 1, 0, 0, 1, 1, 0, 0
0, 1, 1, 0, 0, 1, 1, 1, 0
0, 1, 1, 0, 1, 0, 0, 0, 0
0, 1, 1, 0, 1, 0, 0, 1, 0
0, 1, 1, 0, 1, 0, 1, 0, 0
0, 1, 1, 0, 1, 0, 1, 1, 0
0, 1, 1, 0, 1, 1, 0, 0, 0
0, 1, 1, 0, 1, 1, 0, 1, 0
0, 1, 1, 0, 1, 1, 1, 0, 0
0, 1, 1, 0, 1, 1, 1, 1, 0
0, 1, 1, 1, 0, 0, 0, 0, 0
0, 1, 1, 1, 0, 0, 0, 1, 0
0, 1, 1, 1, 0, 0, 1, 0, 0
0, 1, 1, 1, 0, 0, 1, 1, 0
0, 1, 1, 1, 0, 1, 0, 0, 0
0, 1, 1, 1, 0, 1, 0, 1, 0
0, 1, 1, 1, 0, 1, 1, 0, 0
0, 1, 1, 1, 0, 1, 1, 1, 0
0, 1, 1, 1, 1, 0, 0, 0, 0
0, 1, 1, 1, 1, 0, 0, 1, 0
0, 1, 1, 1, 1, 0, 1, 0, 0
0, 1, 1, 1, 1, 0, 1, 1, 0
0, 1, 1, 1, 1, 1, 0, 0, 0
0, 1, 1, 1, 1, 1, 0, 1, 0
0, 1, 1, 1, 1, 1, 1, 0, 0
0, 1, 1, 1, 1, 1, 1, 1, 0
1, 0, 0, 0, 0, 0, 0, 0, 0
1, 0, 0, 0, 0, 0, 0, 1, 0
1, 0, 0, 0, 0, 0, 1, 0, 0
1, 0, 0, 0, 0, 0, 1, 1, 0
1, 0, 0, 0, 0, 1, 0, 0, 0
1, 0, 0, 0, 0, 1, 0, 1, 0
1, 0, 0, 0, 0, 1, 1, 0, 0
1, 0, 0, 0, 0, 1, 1, 1, 0
1, 0, 0, 0, 1, 0, 0, 0, 0
1, 0, 0, 0, 1, 0, 0, 1, 0
1, 0, 0, 0, 1, 0, 1, 0, 0
1, 0, 0, 0, 1, 0, 1, 1, 0
1, 0, 0, 0, 1, 1, 0, 0, 0
1, 0, 0, 0, 1, 1, 0, 1, 1
1, 0, 0, 0, 1, 1, 1, 0, 0
1, 0, 0, 0, 1, 1, 1, 1, 1
1, 0, 0, 1, 0, 0, 0, 0, 0
1, 0, 0, 1, 0, 0, 0, 1, 0
1, 0, 0, 1, 0, 0, 1, 0, 0
1, 0, 0, 1, 0, 0, 1, 1, 0
1, 0, 0, 1, 0, 1, 0, 0, 0
1, 0, 0, 1, 0, 1, 0, 1, 0
1, 0, 0, 1, 0, 1, 1, 0, 0
1, 0, 0, 1, 0, 1, 1, 1, 0
1, 0, 0, 1, 1, 0, 0, 0, 0
1, 0, 0, 1, 1, 0, 0, 1, 0
1, 0, 0, 1, 1, 0, 1, 0, 0
1, 0, 0, 1, 1, 0, 1, 1, 0
1, 0, 0, 1, 1, 1, 0, 0, 0
1, 0, 0, 1, 1, 1, 0, 1, 0
1, 0, 0, 1, 1, 1, 1, 0, 0
1, 0, 0, 1, 1, 1, 1, 1, 0
1, 0, 1, 0, 0, 0, 0, 0, 0
1, 0, 1, 0, 0, 0, 0, 1, 0
1, 0, 1, 0, 0, 0, 1, 0, 0
1, 0, 1, 0, 0, 0, 1, 1, 0
1, 0, 1, 0, 0, 1, 0, 0, 0
1, 0, 1, 0, 0, 1, 0, 1, 0
1, 0, 1, 0, 0, 1, 1, 0, 0
1, 0, 1, 0, 0, 1, 1, 1, 0
1, 0, 1, 0, 1, 0, 0, 0, 0
1, 0, 1, 0, 1, 0, 0, 1, 0
1, 0, 1, 0, 1, 0, 1, 0, 0
1, 0, 1, 0, 1, 0, 1, 1, 0
1, 0, 1, 0, 1, 1, 0, 0, 0
1, 0, 1, 0, 1, 1, 0, 1, 1
1, 0, 1, 0, 1, 1, 1, 0, 0
1, 0, 1, 0, 1, 1, 1, 1, 1
1, 0, 1, 1, 0, 0, 0, 0, 0
1, 0, 1, 1, 0, 0, 0, 1, 0
1, 0, 1, 1, 0, 0, 1, 0, 0
1, 0, 1, 1, 0, 0, 1, 1, 0
1, 0, 1, 1, 0, 1, 0, 0, 0
1, 0, 1, 1, 0, 1, 0, 1, 0
1, 0, 1, 1, 0, 1, 1, 0, 0
1, 0, 1, 1, 0, 1, 1, 1, 0
1, 0, 1, 1, 1, 0, 0, 0, 0
1, 0, 1, 1, 1, 0, 0, 1, 0
1, 0, 1, 1, 1, 0, 1, 0, 0
1, 0, 1, 1, 1, 0, 1, 1, 0
1, 0, 1, 1, 1, 1, 0, 0, 0
1, 0, 1, 1, 1, 1, 0, 1, 0
1, 0, 1, 1, 1, 1, 1, 0, 0
1, 0, 1, 1, 1, 1, 1, 1, 0
1, 1, 0, 0, 0, 0, 0, 0, 0
1, 1, 0, 0, 0, 0, 0, 1, 0
1, 1, 0, 0, 0, 0, 1, 0, 0
1, 1, 0, 0, 0, 0, 1, 1, 0
1, 1, 0, 0, 0, 1, 0, 0, 0
1, 1, 0, 0, 0, 1, 0, 1, 0
1, 1, 0, 0, 0, 1, 1, 0, 0
1, 1, 0, 0, 0, 1, 1, 1, 0
1, 1, 0, 0, 1, 0, 0, 0, 0
1, 1, 0, 0, 1, 0, 0, 1, 0
1, 1, 0, 0, 1, 0, 1, 0, 0
1, 1, 0, 0, 1, 0, 1, 1, 0
1, 1, 0, 0, 1, 1, 0, 0, 0
1, 1, 0, 0, 1, 1, 0, 1, 1
1, 1, 0, 0, 1, 1, 1, 0, 0
1, 1, 0, 0, 1, 1, 1, 1, 1
1, 1, 0, 1, 0, 0, 0, 0, 0
1, 1, 0, 1, 0, 0, 0, 1, 0
1, 1, 0, 1, 0, 0, 1, 0, 0
1, 1, 0, 1, 0, 0, 1, 1, 0
1, 1, 0, 1, 0, 1, 0, 0, 0
1, 1, 0, 1, 0, 1, 0, 1, 0
1, 1, 0, 1, 0, 1, 1, 0, 0
1, 1, 0, 1, 0, 1, 1, 1, 0
1, 1, 0, 1, 1, 0, 0, 0, 0
1, 1, 0, 1, 1, 0, 0, 1, 0
1, 1, 0, 1, 1, 0, 1, 0, 0
1, 1, 0, 1, 1, 0, 1, 1, 0
1, 1, 0, 1, 1, 1, 0, 0, 0
1, 1, 0, 1, 1, 1, 0, 1, 0
1, 1, 0, 1, 1, 1, 1, 0, 0
1, 1, 0, 1, 1, 1, 1, 1, 0
1, 1, 1, 0, 0, 0, 0, 0, 0
1, 1, 1, 0, 0, 0, 0, 1, 0
1, 1, 1, 0, 0, 0, 1, 0, 0
1, 1, 1, 0, 0, 0, 1, 1, 0
1, 1, 1, 0, 0, 1, 0, 0, 0
1, 1, 1, 0, 0, 1, 0, 1, 0
1, 1, 1, 0, 0, 1, 1, 0, 0
1, 1, 1, 0, 0, 1, 1, 1, 0
1, 1, 1, 0, 1, 0, 0, 0, 0
1, 1, 1, 0, 1, 0, 0, 1, 0
1, 1, 1, 0, 1, 0, 1, 0, 0
1, 1, 1, 0, 1, 0, 1, 1, 0
1, 1, 1, 0, 1, 1, 0, 0, 0
1, 1, 1, 0, 1, 1, 0, 1, 1
1, 1, 1, 0, 1, 1, 1, 0, 0
1, 1, 1, 0, 1, 1, 1, 1, 1
1, 1, 1, 1, 0, 0, 0, 0, 0
1, 1, 1, 1, 0, 0, 0, 1, 0
1, 1, 1, 1, 0, 0, 1, 0, 0
1, 1, 1, 1, 0, 0, 1, 1, 0
1, 1, 1, 1, 0, 1, 0, 0, 0
1, 1, 1, 1, 0, 1, 0, 1, 0
1, 1, 1, 1, 0, 1, 1, 0, 0
1, 1, 1, 1, 0, 1, 1, 1, 0
1, 1, 1, 1, 1, 0, 0, 0, 0
1, 1, 1, 1, 1, 0, 0, 1, 0
1, 1, 1, 1, 1, 0, 1, 0, 0
1, 1, 1, 1, 1, 0, 1, 1, 0
1, 1, 1, 1, 1, 1, 0, 0, 0
1, 1, 1, 1, 1, 1, 0, 1, 0
1, 1, 1, 1, 1, 1, 1, 0, 0
1, 1, 1, 1, 1, 1, 1, 1, 0
# FRK (FRK, FRK)
0, 0
1, 1
# FYN (FYN, FYN)
0, 0
1, 1
# GSK3B (GSK3B, GSK3B)
0, 0
1, 1
# H2AFX (CASP3, H2AFX)
0, 0
1, 1
# HDAC9 (NCOR2, SKI, HDAC9)
0, 0, 0
0, 1, 0
1, 0, 1
1, 1, 0
# HIST1H3H (HIST2H2AA3, HIST1H3H)
0, 1
1, 0
# HIST2H2AA3 (HDAC9, HIST2H2AA3)
0, 1
1, 0
# HSP90AA1 (HSP90AA1, HSP90AA1)
0, 0
1, 1
# HSP90B1 (IFNGR2, HSP90B1)
0, 1
1, 0
# IFNGR2 (TNF, IFNGR2)
0, 0
1, 1
# IGF1R (CAV1, EGR1, IGF1R)
0, 0, 0
0, 1, 0
1, 0, 0
1, 1, 1
# IL10RA (IL10RA, IL10RA)
0, 0
1, 1
# IL7 (IFNGR2, TNF, IL7)
0, 0, 0
0, 1, 1
1, 0, 0
1, 1, 1
# ILK (FOS, ILK)
0, 1
1, 0
# INPP5D (IGF1R, TGFBR3, INPP5D)
0, 0, 0
0, 1, 1
1, 0, 0
1, 1, 1
# JAK1 (HDAC9, IFNGR2, IL10RA, IL7, JAK1)
0, 0, 0, 0, 0
0, 0, 0, 1, 0
0, 0, 1, 0, 0
0, 0, 1, 1, 0
0, 1, 0, 0, 0
0, 1, 0, 1, 0
0, 1, 1, 0, 0
0, 1, 1, 1, 1
1, 0, 0, 0, 0
1, 0, 0, 1, 0
1, 0, 1, 0, 0
1, 0, 1, 1, 0
1, 1, 0, 0, 0
1, 1, 0, 1, 0
1, 1, 1, 0, 0
1, 1, 1, 1, 0
# LGALS1 (TGFBR3, LGALS1)
0, 0
1, 1
# LIG1 (PCNA, LIG1)
0, 0
1, 1
# LMNA (LMNA, LMNA)
0, 0
1, 1
# LPL (FOS, TNF, LPL)
0, 0, 0
0, 1, 0
1, 0, 1
1, 1, 0
# MAP2K6 (CCL5, MAP2K6)
0, 0
1, 1
# MAP4K4 (TNF, MAP4K4)
0, 0
1, 1
# MARCKS (PRKCA, MARCKS)
0, 1
1, 0
# MGAT5 (LGALS1, MGAT5)
0, 1
1, 0
# MIF (CD74, IFNGR2, TNF, MIF)
0, 0, 0, 0
0, 0, 1, 0
0, 1, 0, 0
0, 1, 1, 0
1, 0, 0, 0
1, 0, 1, 0
1, 1, 0, 0
1, 1, 1, 1
# MYL9 (MYLK, MYL9)
0, 0
1, 1
# MYLK (TNF, MYLK)
0, 0
1, 1
# NAB1 (EGR1, NAB1)
0, 0
1, 1
# NCOR2 (TNF, NCOR2)
0, 0
1, 1
# NFE2L2 (GSK3B, TNF, NFE2L2)
0, 0, 0
0, 1, 1
1, 0, 0
1, 1, 0
# NOTCH2 (TNF, NOTCH2)
0, 0
1, 1
# OGT (IGF1R, OGT)
0, 0
1, 1
# PAX3 (PTCH1, TGFBR3, PAX3)
0, 0, 0
0, 1, 0
1, 0, 1
1, 1, 0
# PCNA (CSDA, HSP90AA1, RFC5, PCNA)
0, 0, 0, 0
0, 0, 1, 0
0, 1, 0, 0
0, 1, 1, 0
1, 0, 0, 0
1, 0, 1, 0
1, 1, 0, 1
1, 1, 1, 0
# PLD1 (APP, PRKCA, PLD1)
0, 0, 0
0, 1, 0
1, 0, 0
1, 1, 1
# PRF1 (RUNX3, TNF, PRF1)
0, 0, 0
0, 1, 0
1, 0, 1
1, 1, 1
# PRKCA (AKAP12, TGFBR3, PRKCA)
0, 0, 0
0, 1, 0
1, 0, 0
1, 1, 1
# PTCH1 (FGFR1, PTCH1)
0, 0
1, 1
# PTEN (Unable to generate the Truth Table. Too many inputs - Input limit = 10; number of inputs = 12.)
# RFC5 (RFC5, RFC5)
0, 0
1, 1
# RPS6KA5 (TNF, RPS6KA5)
0, 0
1, 1
# RRM1 (RRM1, RRM1)
0, 0
1, 1
# RUNX3 (EZH2, RUNX3)
0, 1
1, 0
# SELL (CHST2, IFNGR2, SELL)
0, 0, 0
0, 1, 0
1, 0, 0
1, 1, 1
# SELP (MGAT5, TNF, SELP)
0, 0, 0
0, 1, 0
1, 0, 0
1, 1, 1
# SIAH1 (SIAH1, SIAH1)
0, 0
1, 1
# SKI (SKI, SKI)
0, 0
1, 1
# TCF3 (TCF3, TCF3)
0, 0
1, 1
# TGFBR3 (TGFBR3, TGFBR3)
0, 0
1, 1
# TNF (LPL, TNF)
0, 0
1, 1
# TNFRSF1B (TNFRSF1B, TNFRSF1B)
0, 0
1, 1
# VDR (NCOR2, PRKCA, VDR)
0, 0, 0
0, 1, 1
1, 0, 0
1, 1, 0
