## A20 AKT Apaf1 APC BAD BclX BID Cas12 Cas3 Cas3_dummy Cas6 Cas7 Cas8 Cas9 cFLIP DNADamageEvent FADD GFR IAP IkB IKK JNK JNKK Mdm2 MEKK1 Mito NFkB NIK p53 PI3K PIP2 PIP3 PTEN RIP TNFR1 TNFR2 TRADD TRAF TRAF2 GF TNF
# A20 (NFkB, A20)
0, 0
1, 1
# AKT (PIP3, AKT)
0, 0
1, 1
# Apaf1 (p53, Apaf1)
0, 0
1, 1
# APC (Apaf1, Cas9, IAP, Mito, APC)
0, 0, 0, 0, 0
0, 0, 0, 1, 0
0, 0, 1, 0, 0
0, 0, 1, 1, 0
0, 1, 0, 0, 0
0, 1, 0, 1, 0
0, 1, 1, 0, 0
0, 1, 1, 1, 0
1, 0, 0, 0, 0
1, 0, 0, 1, 0
1, 0, 1, 0, 0
1, 0, 1, 1, 0
1, 1, 0, 0, 0
1, 1, 0, 1, 1
1, 1, 1, 0, 0
1, 1, 1, 1, 0
# BAD (AKT, p53, BAD)
0, 0, 0
0, 1, 1
1, 0, 0
1, 1, 0
# BclX (BAD, NFkB, p53, BclX)
0, 0, 0, 0
0, 0, 1, 0
0, 1, 0, 1
0, 1, 1, 0
1, 0, 0, 0
1, 0, 1, 0
1, 1, 0, 0
1, 1, 1, 0
# BID (BclX, Cas8, JNK, p53, BID)
0, 0, 0, 0, 0
0, 0, 0, 1, 0
0, 0, 1, 0, 0
0, 0, 1, 1, 1
0, 1, 0, 0, 0
0, 1, 0, 1, 1
0, 1, 1, 0, 0
0, 1, 1, 1, 1
1, 0, 0, 0, 0
1, 0, 0, 1, 0
1, 0, 1, 0, 0
1, 0, 1, 1, 0
1, 1, 0, 0, 0
1, 1, 0, 1, 0
1, 1, 1, 0, 0
1, 1, 1, 1, 0
# Cas12 (Cas7, Cas12)
0, 0
1, 1
# Cas3 (APC, Cas6, Cas8, IAP, Cas3)
0, 0, 0, 0, 0
0, 0, 0, 1, 0
0, 0, 1, 0, 1
0, 0, 1, 1, 0
0, 1, 0, 0, 1
0, 1, 0, 1, 1
0, 1, 1, 0, 1
0, 1, 1, 1, 1
1, 0, 0, 0, 1
1, 0, 0, 1, 0
1, 0, 1, 0, 1
1, 0, 1, 1, 0
1, 1, 0, 0, 1
1, 1, 0, 1, 1
1, 1, 1, 0, 1
1, 1, 1, 1, 1
# Cas3_dummy (Cas3, Cas3_dummy)
0, 0
1, 1
# Cas6 (Cas3, IAP, Cas6)
0, 0, 0
0, 1, 0
1, 0, 1
1, 1, 0
# Cas7 (APC, Cas8, IAP, Cas7)
0, 0, 0, 0
0, 0, 1, 0
0, 1, 0, 1
0, 1, 1, 0
1, 0, 0, 1
1, 0, 1, 0
1, 1, 0, 1
1, 1, 1, 0
# Cas8 (Cas6, FADD, cFLIP, Cas8)
0, 0, 0, 0
0, 0, 1, 0
0, 1, 0, 1
0, 1, 1, 0
1, 0, 0, 1
1, 0, 1, 0
1, 1, 0, 1
1, 1, 1, 0
# Cas9 (AKT, Cas12, Cas3, IAP, Cas9)
0, 0, 0, 0, 0
0, 0, 0, 1, 0
0, 0, 1, 0, 1
0, 0, 1, 1, 0
0, 1, 0, 0, 1
0, 1, 0, 1, 0
0, 1, 1, 0, 1
0, 1, 1, 1, 0
1, 0, 0, 0, 0
1, 0, 0, 1, 0
1, 0, 1, 0, 0
1, 0, 1, 1, 0
1, 1, 0, 0, 0
1, 1, 0, 1, 0
1, 1, 1, 0, 0
1, 1, 1, 1, 0
# cFLIP (TRAF, cFLIP)
0, 0
1, 1
# DNADamageEvent (Cas3, Cas3_dummy, DNADamageEvent)
0, 0, 0
0, 1, 0
1, 0, 0
1, 1, 1
# FADD (TRADD, FADD)
0, 0
1, 1
# GFR (GF, GFR)
0, 0
1, 1
# IAP (Cas3, Cas6, Mito, NFkB, IAP)
0, 0, 0, 0, 0
0, 0, 0, 1, 1
0, 0, 1, 0, 0
0, 0, 1, 1, 0
0, 1, 0, 0, 0
0, 1, 0, 1, 1
0, 1, 1, 0, 0
0, 1, 1, 1, 0
1, 0, 0, 0, 0
1, 0, 0, 1, 1
1, 0, 1, 0, 0
1, 0, 1, 1, 0
1, 1, 0, 0, 0
1, 1, 0, 1, 0
1, 1, 1, 0, 0
1, 1, 1, 1, 0
# IkB (IKK, NFkB, IkB)
0, 0, 0
0, 1, 1
1, 0, 0
1, 1, 0
# IKK (A20, AKT, NIK, IKK)
0, 0, 0, 0
0, 0, 1, 1
0, 1, 0, 1
0, 1, 1, 1
1, 0, 0, 0
1, 0, 1, 0
1, 1, 0, 0
1, 1, 1, 0
# JNK (JNKK, JNK)
0, 0
1, 1
# JNKK (AKT, MEKK1, JNKK)
0, 0, 0
0, 1, 1
1, 0, 0
1, 1, 0
# Mdm2 (AKT, p53, Mdm2)
0, 0, 0
0, 1, 1
1, 0, 1
1, 1, 1
# MEKK1 (RIP, MEKK1)
0, 0
1, 1
# Mito (BID, BclX, Mito)
0, 0, 0
0, 1, 0
1, 0, 1
1, 1, 0
# NFkB (IkB, NFkB)
0, 1
1, 0
# NIK (TRAF2, NIK)
0, 0
1, 1
# p53 (DNADamageEvent, JNK, Mdm2, p53)
0, 0, 0, 0
0, 0, 1, 0
0, 1, 0, 1
0, 1, 1, 0
1, 0, 0, 1
1, 0, 1, 1
1, 1, 0, 1
1, 1, 1, 1
# PI3K (GFR, PI3K)
0, 0
1, 1
# PIP2 (GFR, PIP2)
0, 0
1, 1
# PIP3 (PI3K, PIP2, PTEN, PIP3)
0, 0, 0, 0
0, 0, 1, 0
0, 1, 0, 0
0, 1, 1, 0
1, 0, 0, 0
1, 0, 1, 0
1, 1, 0, 1
1, 1, 1, 0
# PTEN (p53, PTEN)
0, 0
1, 1
# RIP (TRADD, RIP)
0, 0
1, 1
# TNFR1 (TNF, TNFR1)
0, 0
1, 1
# TNFR2 (TNF, TNFR2)
0, 0
1, 1
# TRADD (TNFR1, TRADD)
0, 0
1, 1
# TRAF (TRADD, TRAF)
0, 0
1, 1
# TRAF2 (TNFR2, TRAF2)
0, 0
1, 1
