## AD AgAb_Bacterium AP Bb BC_Bacterium BC_TRetortaeformis Cb DCI_Bacterium DCI_TRetortaeformis DCII_Bacterium DCII_TRetortaeformis DP EC_Bacterium EC_TRetortaeformis EL EL2 IFNg_Bacterium IFNgI IFNgII IgA_Bacterium IgA_TRetortaeformis IgE IgG IgG_Bacterium IL10I IL10I_Bacterium IL12II IL13 IL4I IL4II IL5 MPI_Bacterium NE_Bacterium NE_TRetortaeformis Oag PH PIC T0 TEL Th1I_Bacterium Th1I_TRetortaeformis Th1II_Bacterium Th1II_TRetortaeformis Th2I_Bacterium Th2I_TRetortaeformis Th2II_Bacterium Th2II_TRetortaeformis TNE TrI_Bacterium TrII TTSSI TTSSII IS
# AD (AD, IS, IgG, MPI_Bacterium, NE_TRetortaeformis, AD)
0, 0, 0, 0, 0, 0
0, 0, 0, 0, 1, 0
0, 0, 0, 1, 0, 0
0, 0, 0, 1, 1, 0
0, 0, 1, 0, 0, 0
0, 0, 1, 0, 1, 0
0, 0, 1, 1, 0, 0
0, 0, 1, 1, 1, 0
0, 1, 0, 0, 0, 1
0, 1, 0, 0, 1, 1
0, 1, 0, 1, 0, 1
0, 1, 0, 1, 1, 1
0, 1, 1, 0, 0, 1
0, 1, 1, 0, 1, 1
0, 1, 1, 1, 0, 1
0, 1, 1, 1, 1, 1
1, 0, 0, 0, 0, 1
1, 0, 0, 0, 1, 1
1, 0, 0, 1, 0, 1
1, 0, 0, 1, 1, 1
1, 0, 1, 0, 0, 1
1, 0, 1, 0, 1, 0
1, 0, 1, 1, 0, 0
1, 0, 1, 1, 1, 0
1, 1, 0, 0, 0, 1
1, 1, 0, 0, 1, 1
1, 1, 0, 1, 0, 1
1, 1, 0, 1, 1, 1
1, 1, 1, 0, 0, 1
1, 1, 1, 0, 1, 1
1, 1, 1, 1, 0, 1
1, 1, 1, 1, 1, 1
# AgAb_Bacterium (Bb, IgA_Bacterium, IgG_Bacterium, AgAb_Bacterium)
0, 0, 0, 0
0, 0, 1, 0
0, 1, 0, 0
0, 1, 1, 0
1, 0, 0, 0
1, 0, 1, 1
1, 1, 0, 1
1, 1, 1, 1
# AP (AgAb_Bacterium, Bb, Cb, IgG_Bacterium, MPI_Bacterium, Th1I_Bacterium, AP)
0, 0, 0, 0, 0, 0, 0
0, 0, 0, 0, 0, 1, 0
0, 0, 0, 0, 1, 0, 0
0, 0, 0, 0, 1, 1, 0
0, 0, 0, 1, 0, 0, 0
0, 0, 0, 1, 0, 1, 0
0, 0, 0, 1, 1, 0, 0
0, 0, 0, 1, 1, 1, 0
0, 0, 1, 0, 0, 0, 0
0, 0, 1, 0, 0, 1, 0
0, 0, 1, 0, 1, 0, 0
0, 0, 1, 0, 1, 1, 0
0, 0, 1, 1, 0, 0, 0
0, 0, 1, 1, 0, 1, 0
0, 0, 1, 1, 1, 0, 0
0, 0, 1, 1, 1, 1, 0
0, 1, 0, 0, 0, 0, 0
0, 1, 0, 0, 0, 1, 0
0, 1, 0, 0, 1, 0, 0
0, 1, 0, 0, 1, 1, 0
0, 1, 0, 1, 0, 0, 0
0, 1, 0, 1, 0, 1, 0
0, 1, 0, 1, 1, 0, 0
0, 1, 0, 1, 1, 1, 0
0, 1, 1, 0, 0, 0, 0
0, 1, 1, 0, 0, 1, 0
0, 1, 1, 0, 1, 0, 0
0, 1, 1, 0, 1, 1, 0
0, 1, 1, 1, 0, 0, 0
0, 1, 1, 1, 0, 1, 0
0, 1, 1, 1, 1, 0, 0
0, 1, 1, 1, 1, 1, 1
1, 0, 0, 0, 0, 0, 0
1, 0, 0, 0, 0, 1, 0
1, 0, 0, 0, 1, 0, 0
1, 0, 0, 0, 1, 1, 0
1, 0, 0, 1, 0, 0, 0
1, 0, 0, 1, 0, 1, 0
1, 0, 0, 1, 1, 0, 0
1, 0, 0, 1, 1, 1, 0
1, 0, 1, 0, 0, 0, 0
1, 0, 1, 0, 0, 1, 0
1, 0, 1, 0, 1, 0, 0
1, 0, 1, 0, 1, 1, 0
1, 0, 1, 1, 0, 0, 0
1, 0, 1, 1, 0, 1, 0
1, 0, 1, 1, 1, 0, 0
1, 0, 1, 1, 1, 1, 0
1, 1, 0, 0, 0, 0, 0
1, 1, 0, 0, 0, 1, 0
1, 1, 0, 0, 1, 0, 0
1, 1, 0, 0, 1, 1, 1
1, 1, 0, 1, 0, 0, 0
1, 1, 0, 1, 0, 1, 0
1, 1, 0, 1, 1, 0, 0
1, 1, 0, 1, 1, 1, 1
1, 1, 1, 0, 0, 0, 0
1, 1, 1, 0, 0, 1, 0
1, 1, 1, 0, 1, 0, 0
1, 1, 1, 0, 1, 1, 1
1, 1, 1, 1, 0, 0, 0
1, 1, 1, 1, 0, 1, 0
1, 1, 1, 1, 1, 0, 0
1, 1, 1, 1, 1, 1, 1
# Bb (Bb, PH, Bb)
0, 0, 0
0, 1, 0
1, 0, 1
1, 1, 0
# BC_Bacterium (BC_Bacterium, T0, BC_Bacterium)
0, 0, 0
0, 1, 1
1, 0, 1
1, 1, 1
# BC_TRetortaeformis (BC_TRetortaeformis, T0, BC_TRetortaeformis)
0, 0, 0
0, 1, 1
1, 0, 1
1, 1, 1
# Cb (AgAb_Bacterium, Bb, IgG_Bacterium, Oag, Cb)
0, 0, 0, 0, 0
0, 0, 0, 1, 0
0, 0, 1, 0, 0
0, 0, 1, 1, 0
0, 1, 0, 0, 1
0, 1, 0, 1, 0
0, 1, 1, 0, 1
0, 1, 1, 1, 0
1, 0, 0, 0, 0
1, 0, 0, 1, 0
1, 0, 1, 0, 1
1, 0, 1, 1, 1
1, 1, 0, 0, 1
1, 1, 0, 1, 0
1, 1, 1, 0, 1
1, 1, 1, 1, 1
# DCI_Bacterium (Bb, IFNg_Bacterium, PIC, DCI_Bacterium)
0, 0, 0, 0
0, 0, 1, 0
0, 1, 0, 0
0, 1, 1, 0
1, 0, 0, 0
1, 0, 1, 1
1, 1, 0, 1
1, 1, 1, 1
# DCI_TRetortaeformis (PIC, DCI_TRetortaeformis)
0, 0
1, 1
# DCII_Bacterium (DCI_Bacterium, DCII_Bacterium)
0, 0
1, 1
# DCII_TRetortaeformis (DCI_TRetortaeformis, DCII_TRetortaeformis)
0, 0
1, 1
# DP (NE_Bacterium, TTSSI, DP)
0, 0, 0
0, 1, 0
1, 0, 0
1, 1, 1
# EC_Bacterium (Bb, EC_Bacterium)
0, 0
1, 1
# EC_TRetortaeformis (AD, IS, EC_TRetortaeformis)
0, 0, 0
0, 1, 1
1, 0, 1
1, 1, 1
# EL (EL2, IS, EL)
0, 0, 0
0, 1, 1
1, 0, 0
1, 1, 0
# EL2 (IL13, IL5, IgE, EL2)
0, 0, 0, 0
0, 0, 1, 0
0, 1, 0, 0
0, 1, 1, 1
1, 0, 0, 0
1, 0, 1, 0
1, 1, 0, 1
1, 1, 1, 1
# IFNg_Bacterium (DCI_Bacterium, IL10I_Bacterium, IL4I, MPI_Bacterium, Th1I_Bacterium, IFNg_Bacterium)
0, 0, 0, 0, 0, 0
0, 0, 0, 0, 1, 1
0, 0, 0, 1, 0, 1
0, 0, 0, 1, 1, 1
0, 0, 1, 0, 0, 0
0, 0, 1, 0, 1, 0
0, 0, 1, 1, 0, 1
0, 0, 1, 1, 1, 1
0, 1, 0, 0, 0, 0
0, 1, 0, 0, 1, 0
0, 1, 0, 1, 0, 1
0, 1, 0, 1, 1, 1
0, 1, 1, 0, 0, 0
0, 1, 1, 0, 1, 0
0, 1, 1, 1, 0, 1
0, 1, 1, 1, 1, 1
1, 0, 0, 0, 0, 1
1, 0, 0, 0, 1, 1
1, 0, 0, 1, 0, 1
1, 0, 0, 1, 1, 1
1, 0, 1, 0, 0, 1
1, 0, 1, 0, 1, 1
1, 0, 1, 1, 0, 1
1, 0, 1, 1, 1, 1
1, 1, 0, 0, 0, 1
1, 1, 0, 0, 1, 1
1, 1, 0, 1, 0, 1
1, 1, 0, 1, 1, 1
1, 1, 1, 0, 0, 1
1, 1, 1, 0, 1, 1
1, 1, 1, 1, 0, 1
1, 1, 1, 1, 1, 1
# IFNgI (DCI_TRetortaeformis, IFNg_Bacterium, Th1I_TRetortaeformis, IFNgI)
0, 0, 0, 0
0, 0, 1, 1
0, 1, 0, 1
0, 1, 1, 1
1, 0, 0, 1
1, 0, 1, 1
1, 1, 0, 1
1, 1, 1, 1
# IFNgII (IFNgI, IFNg_Bacterium, IFNgII)
0, 0, 0
0, 1, 1
1, 0, 1
1, 1, 1
# IgA_Bacterium (BC_Bacterium, Bb, IgA_Bacterium, IgA_Bacterium)
0, 0, 0, 0
0, 0, 1, 0
0, 1, 0, 0
0, 1, 1, 1
1, 0, 0, 0
1, 0, 1, 0
1, 1, 0, 1
1, 1, 1, 1
# IgA_TRetortaeformis (BC_TRetortaeformis, IS, IgA_TRetortaeformis)
0, 0, 0
0, 1, 0
1, 0, 0
1, 1, 1
# IgE (BC_TRetortaeformis, IL13, IL4II, IgE)
0, 0, 0, 0
0, 0, 1, 0
0, 1, 0, 0
0, 1, 1, 0
1, 0, 0, 0
1, 0, 1, 1
1, 1, 0, 1
1, 1, 1, 1
# IgG (BC_TRetortaeformis, IgG)
0, 0
1, 1
# IgG_Bacterium (BC_Bacterium, IgG_Bacterium, IgG_Bacterium)
0, 0, 0
0, 1, 1
1, 0, 1
1, 1, 1
# IL10I (IL10I_Bacterium, Th2I_TRetortaeformis, IL10I)
0, 0, 0
0, 1, 1
1, 0, 1
1, 1, 1
# IL10I_Bacterium (MPI_Bacterium, TTSSI, Th2I_Bacterium, TrI_Bacterium, IL10I_Bacterium)
0, 0, 0, 0, 0
0, 0, 0, 1, 1
0, 0, 1, 0, 0
0, 0, 1, 1, 1
0, 1, 0, 0, 0
0, 1, 0, 1, 1
0, 1, 1, 0, 1
0, 1, 1, 1, 1
1, 0, 0, 0, 1
1, 0, 0, 1, 1
1, 0, 1, 0, 1
1, 0, 1, 1, 1
1, 1, 0, 0, 1
1, 1, 0, 1, 1
1, 1, 1, 0, 1
1, 1, 1, 1, 1
# IL12II (DCII_Bacterium, DCII_TRetortaeformis, IL4II, T0, IL12II)
0, 0, 0, 0, 0
0, 0, 0, 1, 0
0, 0, 1, 0, 0
0, 0, 1, 1, 0
0, 1, 0, 0, 0
0, 1, 0, 1, 1
0, 1, 1, 0, 0
0, 1, 1, 1, 0
1, 0, 0, 0, 0
1, 0, 0, 1, 1
1, 0, 1, 0, 0
1, 0, 1, 1, 0
1, 1, 0, 0, 0
1, 1, 0, 1, 1
1, 1, 1, 0, 0
1, 1, 1, 1, 0
# IL13 (EL, EL2, IS, Th2I_Bacterium, Th2I_TRetortaeformis, IL13)
0, 0, 0, 0, 0, 0
0, 0, 0, 0, 1, 1
0, 0, 0, 1, 0, 1
0, 0, 0, 1, 1, 1
0, 0, 1, 0, 0, 0
0, 0, 1, 0, 1, 1
0, 0, 1, 1, 0, 1
0, 0, 1, 1, 1, 1
0, 1, 0, 0, 0, 1
0, 1, 0, 0, 1, 1
0, 1, 0, 1, 0, 1
0, 1, 0, 1, 1, 1
0, 1, 1, 0, 0, 1
0, 1, 1, 0, 1, 1
0, 1, 1, 1, 0, 1
0, 1, 1, 1, 1, 1
1, 0, 0, 0, 0, 0
1, 0, 0, 0, 1, 1
1, 0, 0, 1, 0, 1
1, 0, 0, 1, 1, 1
1, 0, 1, 0, 0, 1
1, 0, 1, 0, 1, 1
1, 0, 1, 1, 0, 1
1, 0, 1, 1, 1, 1
1, 1, 0, 0, 0, 1
1, 1, 0, 0, 1, 1
1, 1, 0, 1, 0, 1
1, 1, 0, 1, 1, 1
1, 1, 1, 0, 0, 1
1, 1, 1, 0, 1, 1
1, 1, 1, 1, 0, 1
1, 1, 1, 1, 1, 1
# IL4I (IL4II, IL4I)
0, 0
1, 1
# IL4II (DCII_Bacterium, DCII_TRetortaeformis, EL2, IFNgI, IL12II, T0, Th2II_Bacterium, Th2II_TRetortaeformis, IL4II)
0, 0, 0, 0, 0, 0, 0, 0, 0
0, 0, 0, 0, 0, 0, 0, 1, 1
0, 0, 0, 0, 0, 0, 1, 0, 1
0, 0, 0, 0, 0, 0, 1, 1, 1
0, 0, 0, 0, 0, 1, 0, 0, 0
0, 0, 0, 0, 0, 1, 0, 1, 1
0, 0, 0, 0, 0, 1, 1, 0, 1
0, 0, 0, 0, 0, 1, 1, 1, 1
0, 0, 0, 0, 1, 0, 0, 0, 0
0, 0, 0, 0, 1, 0, 0, 1, 0
0, 0, 0, 0, 1, 0, 1, 0, 0
0, 0, 0, 0, 1, 0, 1, 1, 0
0, 0, 0, 0, 1, 1, 0, 0, 0
0, 0, 0, 0, 1, 1, 0, 1, 0
0, 0, 0, 0, 1, 1, 1, 0, 0
0, 0, 0, 0, 1, 1, 1, 1, 0
0, 0, 0, 1, 0, 0, 0, 0, 0
0, 0, 0, 1, 0, 0, 0, 1, 0
0, 0, 0, 1, 0, 0, 1, 0, 0
0, 0, 0, 1, 0, 0, 1, 1, 0
0, 0, 0, 1, 0, 1, 0, 0, 0
0, 0, 0, 1, 0, 1, 0, 1, 0
0, 0, 0, 1, 0, 1, 1, 0, 0
0, 0, 0, 1, 0, 1, 1, 1, 0
0, 0, 0, 1, 1, 0, 0, 0, 0
0, 0, 0, 1, 1, 0, 0, 1, 0
0, 0, 0, 1, 1, 0, 1, 0, 0
0, 0, 0, 1, 1, 0, 1, 1, 0
0, 0, 0, 1, 1, 1, 0, 0, 0
0, 0, 0, 1, 1, 1, 0, 1, 0
0, 0, 0, 1, 1, 1, 1, 0, 0
0, 0, 0, 1, 1, 1, 1, 1, 0
0, 0, 1, 0, 0, 0, 0, 0, 1
0, 0, 1, 0, 0, 0, 0, 1, 1
0, 0, 1, 0, 0, 0, 1, 0, 1
0, 0, 1, 0, 0, 0, 1, 1, 1
0, 0, 1, 0, 0, 1, 0, 0, 1
0, 0, 1, 0, 0, 1, 0, 1, 1
0, 0, 1, 0, 0, 1, 1, 0, 1
0, 0, 1, 0, 0, 1, 1, 1, 1
0, 0, 1, 0, 1, 0, 0, 0, 1
0, 0, 1, 0, 1, 0, 0, 1, 1
0, 0, 1, 0, 1, 0, 1, 0, 1
0, 0, 1, 0, 1, 0, 1, 1, 1
0, 0, 1, 0, 1, 1, 0, 0, 1
0, 0, 1, 0, 1, 1, 0, 1, 1
0, 0, 1, 0, 1, 1, 1, 0, 1
0, 0, 1, 0, 1, 1, 1, 1, 1
0, 0, 1, 1, 0, 0, 0, 0, 1
0, 0, 1, 1, 0, 0, 0, 1, 1
0, 0, 1, 1, 0, 0, 1, 0, 1
0, 0, 1, 1, 0, 0, 1, 1, 1
0, 0, 1, 1, 0, 1, 0, 0, 1
0, 0, 1, 1, 0, 1, 0, 1, 1
0, 0, 1, 1, 0, 1, 1, 0, 1
0, 0, 1, 1, 0, 1, 1, 1, 1
0, 0, 1, 1, 1, 0, 0, 0, 1
0, 0, 1, 1, 1, 0, 0, 1, 1
0, 0, 1, 1, 1, 0, 1, 0, 1
0, 0, 1, 1, 1, 0, 1, 1, 1
0, 0, 1, 1, 1, 1, 0, 0, 1
0, 0, 1, 1, 1, 1, 0, 1, 1
0, 0, 1, 1, 1, 1, 1, 0, 1
0, 0, 1, 1, 1, 1, 1, 1, 1
0, 1, 0, 0, 0, 0, 0, 0, 0
0, 1, 0, 0, 0, 0, 0, 1, 1
0, 1, 0, 0, 0, 0, 1, 0, 1
0, 1, 0, 0, 0, 0, 1, 1, 1
0, 1, 0, 0, 0, 1, 0, 0, 1
0, 1, 0, 0, 0, 1, 0, 1, 1
0, 1, 0, 0, 0, 1, 1, 0, 1
0, 1, 0, 0, 0, 1, 1, 1, 1
0, 1, 0, 0, 1, 0, 0, 0, 0
0, 1, 0, 0, 1, 0, 0, 1, 0
0, 1, 0, 0, 1, 0, 1, 0, 0
0, 1, 0, 0, 1, 0, 1, 1, 0
0, 1, 0, 0, 1, 1, 0, 0, 0
0, 1, 0, 0, 1, 1, 0, 1, 0
0, 1, 0, 0, 1, 1, 1, 0, 0
0, 1, 0, 0, 1, 1, 1, 1, 0
0, 1, 0, 1, 0, 0, 0, 0, 0
0, 1, 0, 1, 0, 0, 0, 1, 0
0, 1, 0, 1, 0, 0, 1, 0, 0
0, 1, 0, 1, 0, 0, 1, 1, 0
0, 1, 0, 1, 0, 1, 0, 0, 0
0, 1, 0, 1, 0, 1, 0, 1, 0
0, 1, 0, 1, 0, 1, 1, 0, 0
0, 1, 0, 1, 0, 1, 1, 1, 0
0, 1, 0, 1, 1, 0, 0, 0, 0
0, 1, 0, 1, 1, 0, 0, 1, 0
0, 1, 0, 1, 1, 0, 1, 0, 0
0, 1, 0, 1, 1, 0, 1, 1, 0
0, 1, 0, 1, 1, 1, 0, 0, 0
0, 1, 0, 1, 1, 1, 0, 1, 0
0, 1, 0, 1, 1, 1, 1, 0, 0
0, 1, 0, 1, 1, 1, 1, 1, 0
0, 1, 1, 0, 0, 0, 0, 0, 1
0, 1, 1, 0, 0, 0, 0, 1, 1
0, 1, 1, 0, 0, 0, 1, 0, 1
0, 1, 1, 0, 0, 0, 1, 1, 1
0, 1, 1, 0, 0, 1, 0, 0, 1
0, 1, 1, 0, 0, 1, 0, 1, 1
0, 1, 1, 0, 0, 1, 1, 0, 1
0, 1, 1, 0, 0, 1, 1, 1, 1
0, 1, 1, 0, 1, 0, 0, 0, 1
0, 1, 1, 0, 1, 0, 0, 1, 1
0, 1, 1, 0, 1, 0, 1, 0, 1
0, 1, 1, 0, 1, 0, 1, 1, 1
0, 1, 1, 0, 1, 1, 0, 0, 1
0, 1, 1, 0, 1, 1, 0, 1, 1
0, 1, 1, 0, 1, 1, 1, 0, 1
0, 1, 1, 0, 1, 1, 1, 1, 1
0, 1, 1, 1, 0, 0, 0, 0, 1
0, 1, 1, 1, 0, 0, 0, 1, 1
0, 1, 1, 1, 0, 0, 1, 0, 1
0, 1, 1, 1, 0, 0, 1, 1, 1
0, 1, 1, 1, 0, 1, 0, 0, 1
0, 1, 1, 1, 0, 1, 0, 1, 1
0, 1, 1, 1, 0, 1, 1, 0, 1
0, 1, 1, 1, 0, 1, 1, 1, 1
0, 1, 1, 1, 1, 0, 0, 0, 1
0, 1, 1, 1, 1, 0, 0, 1, 1
0, 1, 1, 1, 1, 0, 1, 0, 1
0, 1, 1, 1, 1, 0, 1, 1, 1
0, 1, 1, 1, 1, 1, 0, 0, 1
0, 1, 1, 1, 1, 1, 0, 1, 1
0, 1, 1, 1, 1, 1, 1, 0, 1
0, 1, 1, 1, 1, 1, 1, 1, 1
1, 0, 0, 0, 0, 0, 0, 0, 0
1, 0, 0, 0, 0, 0, 0, 1, 1
1, 0, 0, 0, 0, 0, 1, 0, 1
1, 0, 0, 0, 0, 0, 1, 1, 1
1, 0, 0, 0, 0, 1, 0, 0, 1
1, 0, 0, 0, 0, 1, 0, 1, 1
1, 0, 0, 0, 0, 1, 1, 0, 1
1, 0, 0, 0, 0, 1, 1, 1, 1
1, 0, 0, 0, 1, 0, 0, 0, 0
1, 0, 0, 0, 1, 0, 0, 1, 0
1, 0, 0, 0, 1, 0, 1, 0, 0
1, 0, 0, 0, 1, 0, 1, 1, 0
1, 0, 0, 0, 1, 1, 0, 0, 0
1, 0, 0, 0, 1, 1, 0, 1, 0
1, 0, 0, 0, 1, 1, 1, 0, 0
1, 0, 0, 0, 1, 1, 1, 1, 0
1, 0, 0, 1, 0, 0, 0, 0, 0
1, 0, 0, 1, 0, 0, 0, 1, 0
1, 0, 0, 1, 0, 0, 1, 0, 0
1, 0, 0, 1, 0, 0, 1, 1, 0
1, 0, 0, 1, 0, 1, 0, 0, 0
1, 0, 0, 1, 0, 1, 0, 1, 0
1, 0, 0, 1, 0, 1, 1, 0, 0
1, 0, 0, 1, 0, 1, 1, 1, 0
1, 0, 0, 1, 1, 0, 0, 0, 0
1, 0, 0, 1, 1, 0, 0, 1, 0
1, 0, 0, 1, 1, 0, 1, 0, 0
1, 0, 0, 1, 1, 0, 1, 1, 0
1, 0, 0, 1, 1, 1, 0, 0, 0
1, 0, 0, 1, 1, 1, 0, 1, 0
1, 0, 0, 1, 1, 1, 1, 0, 0
1, 0, 0, 1, 1, 1, 1, 1, 0
1, 0, 1, 0, 0, 0, 0, 0, 1
1, 0, 1, 0, 0, 0, 0, 1, 1
1, 0, 1, 0, 0, 0, 1, 0, 1
1, 0, 1, 0, 0, 0, 1, 1, 1
1, 0, 1, 0, 0, 1, 0, 0, 1
1, 0, 1, 0, 0, 1, 0, 1, 1
1, 0, 1, 0, 0, 1, 1, 0, 1
1, 0, 1, 0, 0, 1, 1, 1, 1
1, 0, 1, 0, 1, 0, 0, 0, 1
1, 0, 1, 0, 1, 0, 0, 1, 1
1, 0, 1, 0, 1, 0, 1, 0, 1
1, 0, 1, 0, 1, 0, 1, 1, 1
1, 0, 1, 0, 1, 1, 0, 0, 1
1, 0, 1, 0, 1, 1, 0, 1, 1
1, 0, 1, 0, 1, 1, 1, 0, 1
1, 0, 1, 0, 1, 1, 1, 1, 1
1, 0, 1, 1, 0, 0, 0, 0, 1
1, 0, 1, 1, 0, 0, 0, 1, 1
1, 0, 1, 1, 0, 0, 1, 0, 1
1, 0, 1, 1, 0, 0, 1, 1, 1
1, 0, 1, 1, 0, 1, 0, 0, 1
1, 0, 1, 1, 0, 1, 0, 1, 1
1, 0, 1, 1, 0, 1, 1, 0, 1
1, 0, 1, 1, 0, 1, 1, 1, 1
1, 0, 1, 1, 1, 0, 0, 0, 1
1, 0, 1, 1, 1, 0, 0, 1, 1
1, 0, 1, 1, 1, 0, 1, 0, 1
1, 0, 1, 1, 1, 0, 1, 1, 1
1, 0, 1, 1, 1, 1, 0, 0, 1
1, 0, 1, 1, 1, 1, 0, 1, 1
1, 0, 1, 1, 1, 1, 1, 0, 1
1, 0, 1, 1, 1, 1, 1, 1, 1
1, 1, 0, 0, 0, 0, 0, 0, 0
1, 1, 0, 0, 0, 0, 0, 1, 1
1, 1, 0, 0, 0, 0, 1, 0, 1
1, 1, 0, 0, 0, 0, 1, 1, 1
1, 1, 0, 0, 0, 1, 0, 0, 1
1, 1, 0, 0, 0, 1, 0, 1, 1
1, 1, 0, 0, 0, 1, 1, 0, 1
1, 1, 0, 0, 0, 1, 1, 1, 1
1, 1, 0, 0, 1, 0, 0, 0, 0
1, 1, 0, 0, 1, 0, 0, 1, 0
1, 1, 0, 0, 1, 0, 1, 0, 0
1, 1, 0, 0, 1, 0, 1, 1, 0
1, 1, 0, 0, 1, 1, 0, 0, 0
1, 1, 0, 0, 1, 1, 0, 1, 0
1, 1, 0, 0, 1, 1, 1, 0, 0
1, 1, 0, 0, 1, 1, 1, 1, 0
1, 1, 0, 1, 0, 0, 0, 0, 0
1, 1, 0, 1, 0, 0, 0, 1, 0
1, 1, 0, 1, 0, 0, 1, 0, 0
1, 1, 0, 1, 0, 0, 1, 1, 0
1, 1, 0, 1, 0, 1, 0, 0, 0
1, 1, 0, 1, 0, 1, 0, 1, 0
1, 1, 0, 1, 0, 1, 1, 0, 0
1, 1, 0, 1, 0, 1, 1, 1, 0
1, 1, 0, 1, 1, 0, 0, 0, 0
1, 1, 0, 1, 1, 0, 0, 1, 0
1, 1, 0, 1, 1, 0, 1, 0, 0
1, 1, 0, 1, 1, 0, 1, 1, 0
1, 1, 0, 1, 1, 1, 0, 0, 0
1, 1, 0, 1, 1, 1, 0, 1, 0
1, 1, 0, 1, 1, 1, 1, 0, 0
1, 1, 0, 1, 1, 1, 1, 1, 0
1, 1, 1, 0, 0, 0, 0, 0, 1
1, 1, 1, 0, 0, 0, 0, 1, 1
1, 1, 1, 0, 0, 0, 1, 0, 1
1, 1, 1, 0, 0, 0, 1, 1, 1
1, 1, 1, 0, 0, 1, 0, 0, 1
1, 1, 1, 0, 0, 1, 0, 1, 1
1, 1, 1, 0, 0, 1, 1, 0, 1
1, 1, 1, 0, 0, 1, 1, 1, 1
1, 1, 1, 0, 1, 0, 0, 0, 1
1, 1, 1, 0, 1, 0, 0, 1, 1
1, 1, 1, 0, 1, 0, 1, 0, 1
1, 1, 1, 0, 1, 0, 1, 1, 1
1, 1, 1, 0, 1, 1, 0, 0, 1
1, 1, 1, 0, 1, 1, 0, 1, 1
1, 1, 1, 0, 1, 1, 1, 0, 1
1, 1, 1, 0, 1, 1, 1, 1, 1
1, 1, 1, 1, 0, 0, 0, 0, 1
1, 1, 1, 1, 0, 0, 0, 1, 1
1, 1, 1, 1, 0, 0, 1, 0, 1
1, 1, 1, 1, 0, 0, 1, 1, 1
1, 1, 1, 1, 0, 1, 0, 0, 1
1, 1, 1, 1, 0, 1, 0, 1, 1
1, 1, 1, 1, 0, 1, 1, 0, 1
1, 1, 1, 1, 0, 1, 1, 1, 1
1, 1, 1, 1, 1, 0, 0, 0, 1
1, 1, 1, 1, 1, 0, 0, 1, 1
1, 1, 1, 1, 1, 0, 1, 0, 1
1, 1, 1, 1, 1, 0, 1, 1, 1
1, 1, 1, 1, 1, 1, 0, 0, 1
1, 1, 1, 1, 1, 1, 0, 1, 1
1, 1, 1, 1, 1, 1, 1, 0, 1
1, 1, 1, 1, 1, 1, 1, 1, 1
# IL5 (EL2, Th2II_TRetortaeformis, IL5)
0, 0, 0
0, 1, 1
1, 0, 1
1, 1, 1
# MPI_Bacterium (Bb, IFNg_Bacterium, PIC, MPI_Bacterium)
0, 0, 0, 0
0, 0, 1, 0
0, 1, 0, 0
0, 1, 1, 0
1, 0, 0, 0
1, 0, 1, 1
1, 1, 0, 1
1, 1, 1, 1
# NE_Bacterium (PIC, NE_Bacterium)
0, 0
1, 1
# NE_TRetortaeformis (AD, IFNgI, IL10I, IL4I, PIC, NE_TRetortaeformis)
0, 0, 0, 0, 0, 0
0, 0, 0, 0, 1, 0
0, 0, 0, 1, 0, 0
0, 0, 0, 1, 1, 0
0, 0, 1, 0, 0, 0
0, 0, 1, 0, 1, 0
0, 0, 1, 1, 0, 0
0, 0, 1, 1, 1, 0
0, 1, 0, 0, 0, 1
0, 1, 0, 0, 1, 1
0, 1, 0, 1, 0, 0
0, 1, 0, 1, 1, 0
0, 1, 1, 0, 0, 0
0, 1, 1, 0, 1, 0
0, 1, 1, 1, 0, 0
0, 1, 1, 1, 1, 0
1, 0, 0, 0, 0, 0
1, 0, 0, 0, 1, 1
1, 0, 0, 1, 0, 0
1, 0, 0, 1, 1, 1
1, 0, 1, 0, 0, 0
1, 0, 1, 0, 1, 1
1, 0, 1, 1, 0, 0
1, 0, 1, 1, 1, 1
1, 1, 0, 0, 0, 1
1, 1, 0, 0, 1, 1
1, 1, 0, 1, 0, 0
1, 1, 0, 1, 1, 1
1, 1, 1, 0, 0, 0
1, 1, 1, 0, 1, 1
1, 1, 1, 1, 0, 0
1, 1, 1, 1, 1, 1
# Oag (Bb, Oag)
0, 0
1, 1
# PH (AP, Bb, PH)
0, 0, 0
0, 1, 0
1, 0, 0
1, 1, 1
# PIC (AD, AP, EC_Bacterium, EC_TRetortaeformis, IL10I, IgA_TRetortaeformis, PIC)
0, 0, 0, 0, 0, 0, 0
0, 0, 0, 0, 0, 1, 0
0, 0, 0, 0, 1, 0, 0
0, 0, 0, 0, 1, 1, 0
0, 0, 0, 1, 0, 0, 1
0, 0, 0, 1, 0, 1, 0
0, 0, 0, 1, 1, 0, 0
0, 0, 0, 1, 1, 1, 0
0, 0, 1, 0, 0, 0, 1
0, 0, 1, 0, 0, 1, 0
0, 0, 1, 0, 1, 0, 0
0, 0, 1, 0, 1, 1, 0
0, 0, 1, 1, 0, 0, 1
0, 0, 1, 1, 0, 1, 0
0, 0, 1, 1, 1, 0, 0
0, 0, 1, 1, 1, 1, 0
0, 1, 0, 0, 0, 0, 1
0, 1, 0, 0, 0, 1, 0
0, 1, 0, 0, 1, 0, 0
0, 1, 0, 0, 1, 1, 0
0, 1, 0, 1, 0, 0, 1
0, 1, 0, 1, 0, 1, 0
0, 1, 0, 1, 1, 0, 0
0, 1, 0, 1, 1, 1, 0
0, 1, 1, 0, 0, 0, 1
0, 1, 1, 0, 0, 1, 0
0, 1, 1, 0, 1, 0, 0
0, 1, 1, 0, 1, 1, 0
0, 1, 1, 1, 0, 0, 1
0, 1, 1, 1, 0, 1, 0
0, 1, 1, 1, 1, 0, 0
0, 1, 1, 1, 1, 1, 0
1, 0, 0, 0, 0, 0, 1
1, 0, 0, 0, 0, 1, 0
1, 0, 0, 0, 1, 0, 0
1, 0, 0, 0, 1, 1, 0
1, 0, 0, 1, 0, 0, 1
1, 0, 0, 1, 0, 1, 0
1, 0, 0, 1, 1, 0, 0
1, 0, 0, 1, 1, 1, 0
1, 0, 1, 0, 0, 0, 1
1, 0, 1, 0, 0, 1, 0
1, 0, 1, 0, 1, 0, 0
1, 0, 1, 0, 1, 1, 0
1, 0, 1, 1, 0, 0, 1
1, 0, 1, 1, 0, 1, 0
1, 0, 1, 1, 1, 0, 0
1, 0, 1, 1, 1, 1, 0
1, 1, 0, 0, 0, 0, 1
1, 1, 0, 0, 0, 1, 0
1, 1, 0, 0, 1, 0, 0
1, 1, 0, 0, 1, 1, 0
1, 1, 0, 1, 0, 0, 1
1, 1, 0, 1, 0, 1, 0
1, 1, 0, 1, 1, 0, 0
1, 1, 0, 1, 1, 1, 0
1, 1, 1, 0, 0, 0, 1
1, 1, 1, 0, 0, 1, 0
1, 1, 1, 0, 1, 0, 0
1, 1, 1, 0, 1, 1, 0
1, 1, 1, 1, 0, 0, 1
1, 1, 1, 1, 0, 1, 0
1, 1, 1, 1, 1, 0, 0
1, 1, 1, 1, 1, 1, 0
# T0 (DCII_Bacterium, DCII_TRetortaeformis, T0)
0, 0, 0
0, 1, 1
1, 0, 1
1, 1, 1
# TEL (EL, EL2, TEL)
0, 0, 0
0, 1, 1
1, 0, 1
1, 1, 1
# Th1I_Bacterium (Th1II_Bacterium, Th1I_Bacterium)
0, 0
1, 1
# Th1I_TRetortaeformis (Th1II_TRetortaeformis, Th1I_TRetortaeformis)
0, 0
1, 1
# Th1II_Bacterium (DCII_Bacterium, IL12II, T0, Th1II_Bacterium)
0, 0, 0, 0
0, 0, 1, 0
0, 1, 0, 0
0, 1, 1, 0
1, 0, 0, 0
1, 0, 1, 0
1, 1, 0, 0
1, 1, 1, 1
# Th1II_TRetortaeformis (DCII_TRetortaeformis, IL12II, T0, Th1II_TRetortaeformis)
0, 0, 0, 0
0, 0, 1, 0
0, 1, 0, 0
0, 1, 1, 0
1, 0, 0, 0
1, 0, 1, 0
1, 1, 0, 0
1, 1, 1, 1
# Th2I_Bacterium (Th2II_Bacterium, Th2I_Bacterium)
0, 0
1, 1
# Th2I_TRetortaeformis (Th2II_TRetortaeformis, Th2I_TRetortaeformis)
0, 0
1, 1
# Th2II_Bacterium (DCII_Bacterium, IL12II, T0, Th2II_Bacterium)
0, 0, 0, 0
0, 0, 1, 0
0, 1, 0, 0
0, 1, 1, 0
1, 0, 0, 0
1, 0, 1, 1
1, 1, 0, 0
1, 1, 1, 0
# Th2II_TRetortaeformis (DCII_TRetortaeformis, IL12II, T0, Th2II_TRetortaeformis)
0, 0, 0, 0
0, 0, 1, 0
0, 1, 0, 0
0, 1, 1, 0
1, 0, 0, 0
1, 0, 1, 1
1, 1, 0, 0
1, 1, 1, 0
# TNE (NE_Bacterium, NE_TRetortaeformis, TNE)
0, 0, 0
0, 1, 1
1, 0, 1
1, 1, 1
# TrI_Bacterium (TrII, TrI_Bacterium)
0, 0
1, 1
# TrII (DCII_Bacterium, T0, TTSSII, TrII)
0, 0, 0, 0
0, 0, 1, 0
0, 1, 0, 0
0, 1, 1, 0
1, 0, 0, 0
1, 0, 1, 0
1, 1, 0, 0
1, 1, 1, 1
# TTSSI (Bb, IgA_Bacterium, IgG_Bacterium, TTSSI)
0, 0, 0, 0
0, 0, 1, 0
0, 1, 0, 0
0, 1, 1, 0
1, 0, 0, 1
1, 0, 1, 0
1, 1, 0, 0
1, 1, 1, 0
# TTSSII (TTSSI, TTSSII)
0, 0
1, 1
