## AID Bach2 Bcl6 BCR Blimp1 CD40 ERK IL_21R IL_2R IL_4R Irf4 NF_kB Pax5 STAT3 STAT5 STAT6 XBP1 CD40L IL-4 Ag IL-21 IL-2
# AID (Blimp1, NF-kB, Pax5, STAT6, AID)
0, 0, 0, 0, 0
0, 0, 0, 1, 1
0, 0, 1, 0, 0
0, 0, 1, 1, 1
0, 1, 0, 0, 0
0, 1, 0, 1, 1
0, 1, 1, 0, 1
0, 1, 1, 1, 1
1, 0, 0, 0, 0
1, 0, 0, 1, 0
1, 0, 1, 0, 0
1, 0, 1, 1, 0
1, 1, 0, 0, 0
1, 1, 0, 1, 0
1, 1, 1, 0, 0
1, 1, 1, 1, 0
# Bach2 (Blimp1, Pax5, Bach2)
0, 0, 0
0, 1, 1
1, 0, 0
1, 1, 0
# Bcl6 (Bcl6, Blimp1, ERK, Irf4, Pax5, STAT5, STAT6, Bcl6)
0, 0, 0, 0, 0, 0, 0, 0
0, 0, 0, 0, 0, 0, 1, 1
0, 0, 0, 0, 0, 1, 0, 1
0, 0, 0, 0, 0, 1, 1, 1
0, 0, 0, 0, 1, 0, 0, 0
0, 0, 0, 0, 1, 0, 1, 1
0, 0, 0, 0, 1, 1, 0, 1
0, 0, 0, 0, 1, 1, 1, 1
0, 0, 0, 1, 0, 0, 0, 0
0, 0, 0, 1, 0, 0, 1, 0
0, 0, 0, 1, 0, 1, 0, 0
0, 0, 0, 1, 0, 1, 1, 0
0, 0, 0, 1, 1, 0, 0, 0
0, 0, 0, 1, 1, 0, 1, 0
0, 0, 0, 1, 1, 1, 0, 0
0, 0, 0, 1, 1, 1, 1, 0
0, 0, 1, 0, 0, 0, 0, 0
0, 0, 1, 0, 0, 0, 1, 0
0, 0, 1, 0, 0, 1, 0, 0
0, 0, 1, 0, 0, 1, 1, 0
0, 0, 1, 0, 1, 0, 0, 0
0, 0, 1, 0, 1, 0, 1, 0
0, 0, 1, 0, 1, 1, 0, 0
0, 0, 1, 0, 1, 1, 1, 0
0, 0, 1, 1, 0, 0, 0, 0
0, 0, 1, 1, 0, 0, 1, 0
0, 0, 1, 1, 0, 1, 0, 0
0, 0, 1, 1, 0, 1, 1, 0
0, 0, 1, 1, 1, 0, 0, 0
0, 0, 1, 1, 1, 0, 1, 0
0, 0, 1, 1, 1, 1, 0, 0
0, 0, 1, 1, 1, 1, 1, 0
0, 1, 0, 0, 0, 0, 0, 0
0, 1, 0, 0, 0, 0, 1, 0
0, 1, 0, 0, 0, 1, 0, 0
0, 1, 0, 0, 0, 1, 1, 0
0, 1, 0, 0, 1, 0, 0, 0
0, 1, 0, 0, 1, 0, 1, 0
0, 1, 0, 0, 1, 1, 0, 0
0, 1, 0, 0, 1, 1, 1, 0
0, 1, 0, 1, 0, 0, 0, 0
0, 1, 0, 1, 0, 0, 1, 0
0, 1, 0, 1, 0, 1, 0, 0
0, 1, 0, 1, 0, 1, 1, 0
0, 1, 0, 1, 1, 0, 0, 0
0, 1, 0, 1, 1, 0, 1, 0
0, 1, 0, 1, 1, 1, 0, 0
0, 1, 0, 1, 1, 1, 1, 0
0, 1, 1, 0, 0, 0, 0, 0
0, 1, 1, 0, 0, 0, 1, 0
0, 1, 1, 0, 0, 1, 0, 0
0, 1, 1, 0, 0, 1, 1, 0
0, 1, 1, 0, 1, 0, 0, 0
0, 1, 1, 0, 1, 0, 1, 0
0, 1, 1, 0, 1, 1, 0, 0
0, 1, 1, 0, 1, 1, 1, 0
0, 1, 1, 1, 0, 0, 0, 0
0, 1, 1, 1, 0, 0, 1, 0
0, 1, 1, 1, 0, 1, 0, 0
0, 1, 1, 1, 0, 1, 1, 0
0, 1, 1, 1, 1, 0, 0, 0
0, 1, 1, 1, 1, 0, 1, 0
0, 1, 1, 1, 1, 1, 0, 0
0, 1, 1, 1, 1, 1, 1, 0
1, 0, 0, 0, 0, 0, 0, 0
1, 0, 0, 0, 0, 0, 1, 1
1, 0, 0, 0, 0, 1, 0, 1
1, 0, 0, 0, 0, 1, 1, 1
1, 0, 0, 0, 1, 0, 0, 1
1, 0, 0, 0, 1, 0, 1, 1
1, 0, 0, 0, 1, 1, 0, 1
1, 0, 0, 0, 1, 1, 1, 1
1, 0, 0, 1, 0, 0, 0, 0
1, 0, 0, 1, 0, 0, 1, 0
1, 0, 0, 1, 0, 1, 0, 0
1, 0, 0, 1, 0, 1, 1, 0
1, 0, 0, 1, 1, 0, 0, 0
1, 0, 0, 1, 1, 0, 1, 0
1, 0, 0, 1, 1, 1, 0, 0
1, 0, 0, 1, 1, 1, 1, 0
1, 0, 1, 0, 0, 0, 0, 0
1, 0, 1, 0, 0, 0, 1, 0
1, 0, 1, 0, 0, 1, 0, 0
1, 0, 1, 0, 0, 1, 1, 0
1, 0, 1, 0, 1, 0, 0, 0
1, 0, 1, 0, 1, 0, 1, 0
1, 0, 1, 0, 1, 1, 0, 0
1, 0, 1, 0, 1, 1, 1, 0
1, 0, 1, 1, 0, 0, 0, 0
1, 0, 1, 1, 0, 0, 1, 0
1, 0, 1, 1, 0, 1, 0, 0
1, 0, 1, 1, 0, 1, 1, 0
1, 0, 1, 1, 1, 0, 0, 0
1, 0, 1, 1, 1, 0, 1, 0
1, 0, 1, 1, 1, 1, 0, 0
1, 0, 1, 1, 1, 1, 1, 0
1, 1, 0, 0, 0, 0, 0, 0
1, 1, 0, 0, 0, 0, 1, 0
1, 1, 0, 0, 0, 1, 0, 0
1, 1, 0, 0, 0, 1, 1, 0
1, 1, 0, 0, 1, 0, 0, 0
1, 1, 0, 0, 1, 0, 1, 0
1, 1, 0, 0, 1, 1, 0, 0
1, 1, 0, 0, 1, 1, 1, 0
1, 1, 0, 1, 0, 0, 0, 0
1, 1, 0, 1, 0, 0, 1, 0
1, 1, 0, 1, 0, 1, 0, 0
1, 1, 0, 1, 0, 1, 1, 0
1, 1, 0, 1, 1, 0, 0, 0
1, 1, 0, 1, 1, 0, 1, 0
1, 1, 0, 1, 1, 1, 0, 0
1, 1, 0, 1, 1, 1, 1, 0
1, 1, 1, 0, 0, 0, 0, 0
1, 1, 1, 0, 0, 0, 1, 0
1, 1, 1, 0, 0, 1, 0, 0
1, 1, 1, 0, 0, 1, 1, 0
1, 1, 1, 0, 1, 0, 0, 0
1, 1, 1, 0, 1, 0, 1, 0
1, 1, 1, 0, 1, 1, 0, 0
1, 1, 1, 0, 1, 1, 1, 0
1, 1, 1, 1, 0, 0, 0, 0
1, 1, 1, 1, 0, 0, 1, 0
1, 1, 1, 1, 0, 1, 0, 0
1, 1, 1, 1, 0, 1, 1, 0
1, 1, 1, 1, 1, 0, 0, 0
1, 1, 1, 1, 1, 0, 1, 0
1, 1, 1, 1, 1, 1, 0, 0
1, 1, 1, 1, 1, 1, 1, 0
# BCR (Ag, BCR)
0, 0
1, 1
# Blimp1 (Bach2, Bcl6, ERK, Irf4, Pax5, STAT3, Blimp1)
0, 0, 0, 0, 0, 0, 0
0, 0, 0, 0, 0, 1, 1
0, 0, 0, 0, 1, 0, 0
0, 0, 0, 0, 1, 1, 0
0, 0, 0, 1, 0, 0, 1
0, 0, 0, 1, 0, 1, 1
0, 0, 0, 1, 1, 0, 0
0, 0, 0, 1, 1, 1, 0
0, 0, 1, 0, 0, 0, 1
0, 0, 1, 0, 0, 1, 1
0, 0, 1, 0, 1, 0, 0
0, 0, 1, 0, 1, 1, 0
0, 0, 1, 1, 0, 0, 1
0, 0, 1, 1, 0, 1, 1
0, 0, 1, 1, 1, 0, 0
0, 0, 1, 1, 1, 1, 0
0, 1, 0, 0, 0, 0, 0
0, 1, 0, 0, 0, 1, 0
0, 1, 0, 0, 1, 0, 0
0, 1, 0, 0, 1, 1, 0
0, 1, 0, 1, 0, 0, 0
0, 1, 0, 1, 0, 1, 0
0, 1, 0, 1, 1, 0, 0
0, 1, 0, 1, 1, 1, 0
0, 1, 1, 0, 0, 0, 0
0, 1, 1, 0, 0, 1, 0
0, 1, 1, 0, 1, 0, 0
0, 1, 1, 0, 1, 1, 0
0, 1, 1, 1, 0, 0, 0
0, 1, 1, 1, 0, 1, 0
0, 1, 1, 1, 1, 0, 0
0, 1, 1, 1, 1, 1, 0
1, 0, 0, 0, 0, 0, 0
1, 0, 0, 0, 0, 1, 0
1, 0, 0, 0, 1, 0, 0
1, 0, 0, 0, 1, 1, 0
1, 0, 0, 1, 0, 0, 0
1, 0, 0, 1, 0, 1, 0
1, 0, 0, 1, 1, 0, 0
1, 0, 0, 1, 1, 1, 0
1, 0, 1, 0, 0, 0, 0
1, 0, 1, 0, 0, 1, 0
1, 0, 1, 0, 1, 0, 0
1, 0, 1, 0, 1, 1, 0
1, 0, 1, 1, 0, 0, 0
1, 0, 1, 1, 0, 1, 0
1, 0, 1, 1, 1, 0, 0
1, 0, 1, 1, 1, 1, 0
1, 1, 0, 0, 0, 0, 0
1, 1, 0, 0, 0, 1, 0
1, 1, 0, 0, 1, 0, 0
1, 1, 0, 0, 1, 1, 0
1, 1, 0, 1, 0, 0, 0
1, 1, 0, 1, 0, 1, 0
1, 1, 0, 1, 1, 0, 0
1, 1, 0, 1, 1, 1, 0
1, 1, 1, 0, 0, 0, 0
1, 1, 1, 0, 0, 1, 0
1, 1, 1, 0, 1, 0, 0
1, 1, 1, 0, 1, 1, 0
1, 1, 1, 1, 0, 0, 0
1, 1, 1, 1, 0, 1, 0
1, 1, 1, 1, 1, 0, 0
1, 1, 1, 1, 1, 1, 0
# CD40 (CD40L, CD40)
0, 0
1, 1
# ERK (BCR, ERK)
0, 0
1, 1
# IL_21R (IL-21, IL-21R)
0, 0
1, 1
# IL_2R (IL-2, IL-2R)
0, 0
1, 1
# IL_4R (IL-4, IL-4R)
0, 0
1, 1
# Irf4 (Bcl6, Blimp1, Irf4, NF-kB, Irf4)
0, 0, 0, 0, 0
0, 0, 0, 1, 1
0, 0, 1, 0, 1
0, 0, 1, 1, 1
0, 1, 0, 0, 1
0, 1, 0, 1, 1
0, 1, 1, 0, 1
0, 1, 1, 1, 1
1, 0, 0, 0, 0
1, 0, 0, 1, 1
1, 0, 1, 0, 0
1, 0, 1, 1, 1
1, 1, 0, 0, 0
1, 1, 0, 1, 1
1, 1, 1, 0, 0
1, 1, 1, 1, 1
# NF_kB (CD40, NF-kB)
0, 0
1, 1
# Pax5 (Blimp1, ERK, Irf4, Pax5, Pax5)
0, 0, 0, 0, 1
0, 0, 0, 1, 1
0, 0, 1, 0, 0
0, 0, 1, 1, 1
0, 1, 0, 0, 0
0, 1, 0, 1, 0
0, 1, 1, 0, 0
0, 1, 1, 1, 0
1, 0, 0, 0, 0
1, 0, 0, 1, 0
1, 0, 1, 0, 0
1, 0, 1, 1, 0
1, 1, 0, 0, 0
1, 1, 0, 1, 0
1, 1, 1, 0, 0
1, 1, 1, 1, 0
# STAT3 (IL-21R, STAT3)
0, 0
1, 1
# STAT5 (IL-2R, STAT5)
0, 0
1, 1
# STAT6 (IL-4R, STAT6)
0, 0
1, 1
# XBP1 (Blimp1, Pax5, XBP1)
0, 0, 0
0, 1, 0
1, 0, 1
1, 1, 0
