## AKT BAX cJUN cRAF CyclinB1 CyclinD1 ERBB1 ERBB2 ERBB3 ERK1_2 FoxO1_3a GSK3a_b Nfkb p38 p53 p70S6K PRAS PTEN RB RPS6 TSC2 stimulus erlotinib trastuzumab pertuzumab
# AKT (AKT, ERBB1, ERBB2, ERBB3, PTEN, AKT)
0, 0, 0, 0, 0, 0
0, 0, 0, 0, 1, 0
0, 0, 0, 1, 0, 1
0, 0, 0, 1, 1, 0
0, 0, 1, 0, 0, 1
0, 0, 1, 0, 1, 0
0, 0, 1, 1, 0, 1
0, 0, 1, 1, 1, 0
0, 1, 0, 0, 0, 1
0, 1, 0, 0, 1, 0
0, 1, 0, 1, 0, 1
0, 1, 0, 1, 1, 0
0, 1, 1, 0, 0, 1
0, 1, 1, 0, 1, 0
0, 1, 1, 1, 0, 1
0, 1, 1, 1, 1, 0
1, 0, 0, 0, 0, 1
1, 0, 0, 0, 1, 0
1, 0, 0, 1, 0, 1
1, 0, 0, 1, 1, 0
1, 0, 1, 0, 0, 1
1, 0, 1, 0, 1, 0
1, 0, 1, 1, 0, 1
1, 0, 1, 1, 1, 0
1, 1, 0, 0, 0, 1
1, 1, 0, 0, 1, 0
1, 1, 0, 1, 0, 1
1, 1, 0, 1, 1, 0
1, 1, 1, 0, 0, 1
1, 1, 1, 0, 1, 0
1, 1, 1, 1, 0, 1
1, 1, 1, 1, 1, 0
# BAX (BAX, BAX)
0, 0
1, 1
# cJUN (GSK3a_b, cJUN, cJUN)
0, 0, 0
0, 1, 1
1, 0, 0
1, 1, 0
# cRAF (ERBB1, ERBB2, ERK1_2, cRAF, cRAF)
0, 0, 0, 0, 0
0, 0, 0, 1, 1
0, 0, 1, 0, 0
0, 0, 1, 1, 0
0, 1, 0, 0, 1
0, 1, 0, 1, 1
0, 1, 1, 0, 0
0, 1, 1, 1, 0
1, 0, 0, 0, 1
1, 0, 0, 1, 1
1, 0, 1, 0, 0
1, 0, 1, 1, 0
1, 1, 0, 0, 1
1, 1, 0, 1, 1
1, 1, 1, 0, 0
1, 1, 1, 1, 0
# CyclinB1 (CyclinB1, ERBB1, ERBB3, p53, CyclinB1)
0, 0, 0, 0, 0
0, 0, 0, 1, 0
0, 0, 1, 0, 1
0, 0, 1, 1, 0
0, 1, 0, 0, 1
0, 1, 0, 1, 0
0, 1, 1, 0, 1
0, 1, 1, 1, 0
1, 0, 0, 0, 1
1, 0, 0, 1, 0
1, 0, 1, 0, 1
1, 0, 1, 1, 0
1, 1, 0, 0, 1
1, 1, 0, 1, 0
1, 1, 1, 0, 1
1, 1, 1, 1, 0
# CyclinD1 (AKT, CyclinD1, ERK1_2, GSK3a_b, RPS6, CyclinD1)
0, 0, 0, 0, 0, 0
0, 0, 0, 0, 1, 1
0, 0, 0, 1, 0, 0
0, 0, 0, 1, 1, 0
0, 0, 1, 0, 0, 1
0, 0, 1, 0, 1, 1
0, 0, 1, 1, 0, 0
0, 0, 1, 1, 1, 0
0, 1, 0, 0, 0, 1
0, 1, 0, 0, 1, 1
0, 1, 0, 1, 0, 0
0, 1, 0, 1, 1, 0
0, 1, 1, 0, 0, 1
0, 1, 1, 0, 1, 1
0, 1, 1, 1, 0, 0
0, 1, 1, 1, 1, 0
1, 0, 0, 0, 0, 1
1, 0, 0, 0, 1, 1
1, 0, 0, 1, 0, 0
1, 0, 0, 1, 1, 0
1, 0, 1, 0, 0, 1
1, 0, 1, 0, 1, 1
1, 0, 1, 1, 0, 0
1, 0, 1, 1, 1, 0
1, 1, 0, 0, 0, 1
1, 1, 0, 0, 1, 1
1, 1, 0, 1, 0, 0
1, 1, 0, 1, 1, 0
1, 1, 1, 0, 0, 1
1, 1, 1, 0, 1, 1
1, 1, 1, 1, 0, 0
1, 1, 1, 1, 1, 0
# ERBB1 (ERBB1, erlotinib, pertuzumab, stimulus, ERBB1)
0, 0, 0, 0, 0
0, 0, 0, 1, 1
0, 0, 1, 0, 0
0, 0, 1, 1, 0
0, 1, 0, 0, 0
0, 1, 0, 1, 0
0, 1, 1, 0, 0
0, 1, 1, 1, 0
1, 0, 0, 0, 1
1, 0, 0, 1, 1
1, 0, 1, 0, 0
1, 0, 1, 1, 0
1, 1, 0, 0, 0
1, 1, 0, 1, 0
1, 1, 1, 0, 0
1, 1, 1, 1, 0
# ERBB2 (ERBB2, erlotinib, pertuzumab, stimulus, trastuzumab, ERBB2)
0, 0, 0, 0, 0, 0
0, 0, 0, 0, 1, 0
0, 0, 0, 1, 0, 1
0, 0, 0, 1, 1, 0
0, 0, 1, 0, 0, 0
0, 0, 1, 0, 1, 0
0, 0, 1, 1, 0, 0
0, 0, 1, 1, 1, 0
0, 1, 0, 0, 0, 0
0, 1, 0, 0, 1, 0
0, 1, 0, 1, 0, 0
0, 1, 0, 1, 1, 0
0, 1, 1, 0, 0, 0
0, 1, 1, 0, 1, 0
0, 1, 1, 1, 0, 0
0, 1, 1, 1, 1, 0
1, 0, 0, 0, 0, 1
1, 0, 0, 0, 1, 0
1, 0, 0, 1, 0, 1
1, 0, 0, 1, 1, 0
1, 0, 1, 0, 0, 0
1, 0, 1, 0, 1, 0
1, 0, 1, 1, 0, 0
1, 0, 1, 1, 1, 0
1, 1, 0, 0, 0, 0
1, 1, 0, 0, 1, 0
1, 1, 0, 1, 0, 0
1, 1, 0, 1, 1, 0
1, 1, 1, 0, 0, 0
1, 1, 1, 0, 1, 0
1, 1, 1, 1, 0, 0
1, 1, 1, 1, 1, 0
# ERBB3 (ERBB3, PTEN, RPS6, erlotinib, pertuzumab, stimulus, ERBB3)
0, 0, 0, 0, 0, 0, 0
0, 0, 0, 0, 0, 1, 1
0, 0, 0, 0, 1, 0, 0
0, 0, 0, 0, 1, 1, 0
0, 0, 0, 1, 0, 0, 0
0, 0, 0, 1, 0, 1, 0
0, 0, 0, 1, 1, 0, 0
0, 0, 0, 1, 1, 1, 0
0, 0, 1, 0, 0, 0, 1
0, 0, 1, 0, 0, 1, 1
0, 0, 1, 0, 1, 0, 0
0, 0, 1, 0, 1, 1, 0
0, 0, 1, 1, 0, 0, 0
0, 0, 1, 1, 0, 1, 0
0, 0, 1, 1, 1, 0, 0
0, 0, 1, 1, 1, 1, 0
0, 1, 0, 0, 0, 0, 0
0, 1, 0, 0, 0, 1, 0
0, 1, 0, 0, 1, 0, 0
0, 1, 0, 0, 1, 1, 0
0, 1, 0, 1, 0, 0, 0
0, 1, 0, 1, 0, 1, 0
0, 1, 0, 1, 1, 0, 0
0, 1, 0, 1, 1, 1, 0
0, 1, 1, 0, 0, 0, 0
0, 1, 1, 0, 0, 1, 0
0, 1, 1, 0, 1, 0, 0
0, 1, 1, 0, 1, 1, 0
0, 1, 1, 1, 0, 0, 0
0, 1, 1, 1, 0, 1, 0
0, 1, 1, 1, 1, 0, 0
0, 1, 1, 1, 1, 1, 0
1, 0, 0, 0, 0, 0, 1
1, 0, 0, 0, 0, 1, 1
1, 0, 0, 0, 1, 0, 0
1, 0, 0, 0, 1, 1, 0
1, 0, 0, 1, 0, 0, 0
1, 0, 0, 1, 0, 1, 0
1, 0, 0, 1, 1, 0, 0
1, 0, 0, 1, 1, 1, 0
1, 0, 1, 0, 0, 0, 1
1, 0, 1, 0, 0, 1, 1
1, 0, 1, 0, 1, 0, 0
1, 0, 1, 0, 1, 1, 0
1, 0, 1, 1, 0, 0, 0
1, 0, 1, 1, 0, 1, 0
1, 0, 1, 1, 1, 0, 0
1, 0, 1, 1, 1, 1, 0
1, 1, 0, 0, 0, 0, 0
1, 1, 0, 0, 0, 1, 0
1, 1, 0, 0, 1, 0, 0
1, 1, 0, 0, 1, 1, 0
1, 1, 0, 1, 0, 0, 0
1, 1, 0, 1, 0, 1, 0
1, 1, 0, 1, 1, 0, 0
1, 1, 0, 1, 1, 1, 0
1, 1, 1, 0, 0, 0, 0
1, 1, 1, 0, 0, 1, 0
1, 1, 1, 0, 1, 0, 0
1, 1, 1, 0, 1, 1, 0
1, 1, 1, 1, 0, 0, 0
1, 1, 1, 1, 0, 1, 0
1, 1, 1, 1, 1, 0, 0
1, 1, 1, 1, 1, 1, 0
# ERK1_2 (ERK1_2, cRAF, ERK1_2)
0, 0, 0
0, 1, 1
1, 0, 1
1, 1, 1
# FoxO1_3a (AKT, FoxO1_3a, FoxO1_3a)
0, 0, 0
0, 1, 1
1, 0, 0
1, 1, 0
# GSK3a_b (CyclinD1, GSK3a_b, p53, GSK3a_b)
0, 0, 0, 0
0, 0, 1, 1
0, 1, 0, 1
0, 1, 1, 1
1, 0, 0, 1
1, 0, 1, 1
1, 1, 0, 1
1, 1, 1, 1
# Nfkb (Nfkb, Nfkb)
0, 0
1, 1
# p38 (AKT, p38, p38)
0, 0, 0
0, 1, 1
1, 0, 1
1, 1, 1
# p53 (CyclinB1, PTEN, RB, p38, p53, stimulus, p53)
0, 0, 0, 0, 0, 0, 0
0, 0, 0, 0, 0, 1, 1
0, 0, 0, 0, 1, 0, 1
0, 0, 0, 0, 1, 1, 1
0, 0, 0, 1, 0, 0, 1
0, 0, 0, 1, 0, 1, 1
0, 0, 0, 1, 1, 0, 1
0, 0, 0, 1, 1, 1, 1
0, 0, 1, 0, 0, 0, 1
0, 0, 1, 0, 0, 1, 1
0, 0, 1, 0, 1, 0, 1
0, 0, 1, 0, 1, 1, 1
0, 0, 1, 1, 0, 0, 1
0, 0, 1, 1, 0, 1, 1
0, 0, 1, 1, 1, 0, 1
0, 0, 1, 1, 1, 1, 1
0, 1, 0, 0, 0, 0, 1
0, 1, 0, 0, 0, 1, 1
0, 1, 0, 0, 1, 0, 1
0, 1, 0, 0, 1, 1, 1
0, 1, 0, 1, 0, 0, 1
0, 1, 0, 1, 0, 1, 1
0, 1, 0, 1, 1, 0, 1
0, 1, 0, 1, 1, 1, 1
0, 1, 1, 0, 0, 0, 1
0, 1, 1, 0, 0, 1, 1
0, 1, 1, 0, 1, 0, 1
0, 1, 1, 0, 1, 1, 1
0, 1, 1, 1, 0, 0, 1
0, 1, 1, 1, 0, 1, 1
0, 1, 1, 1, 1, 0, 1
0, 1, 1, 1, 1, 1, 1
1, 0, 0, 0, 0, 0, 1
1, 0, 0, 0, 0, 1, 1
1, 0, 0, 0, 1, 0, 1
1, 0, 0, 0, 1, 1, 1
1, 0, 0, 1, 0, 0, 1
1, 0, 0, 1, 0, 1, 1
1, 0, 0, 1, 1, 0, 1
1, 0, 0, 1, 1, 1, 1
1, 0, 1, 0, 0, 0, 1
1, 0, 1, 0, 0, 1, 1
1, 0, 1, 0, 1, 0, 1
1, 0, 1, 0, 1, 1, 1
1, 0, 1, 1, 0, 0, 1
1, 0, 1, 1, 0, 1, 1
1, 0, 1, 1, 1, 0, 1
1, 0, 1, 1, 1, 1, 1
1, 1, 0, 0, 0, 0, 1
1, 1, 0, 0, 0, 1, 1
1, 1, 0, 0, 1, 0, 1
1, 1, 0, 0, 1, 1, 1
1, 1, 0, 1, 0, 0, 1
1, 1, 0, 1, 0, 1, 1
1, 1, 0, 1, 1, 0, 1
1, 1, 0, 1, 1, 1, 1
1, 1, 1, 0, 0, 0, 1
1, 1, 1, 0, 0, 1, 1
1, 1, 1, 0, 1, 0, 1
1, 1, 1, 0, 1, 1, 1
1, 1, 1, 1, 0, 0, 1
1, 1, 1, 1, 0, 1, 1
1, 1, 1, 1, 1, 0, 1
1, 1, 1, 1, 1, 1, 1
# p70S6K (ERK1_2, Nfkb, PRAS, TSC2, p70S6K, p70S6K)
0, 0, 0, 0, 0, 0
0, 0, 0, 0, 1, 1
0, 0, 0, 1, 0, 0
0, 0, 0, 1, 1, 0
0, 0, 1, 0, 0, 0
0, 0, 1, 0, 1, 0
0, 0, 1, 1, 0, 0
0, 0, 1, 1, 1, 0
0, 1, 0, 0, 0, 0
0, 1, 0, 0, 1, 0
0, 1, 0, 1, 0, 0
0, 1, 0, 1, 1, 0
0, 1, 1, 0, 0, 0
0, 1, 1, 0, 1, 0
0, 1, 1, 1, 0, 0
0, 1, 1, 1, 1, 0
1, 0, 0, 0, 0, 1
1, 0, 0, 0, 1, 1
1, 0, 0, 1, 0, 0
1, 0, 0, 1, 1, 0
1, 0, 1, 0, 0, 0
1, 0, 1, 0, 1, 0
1, 0, 1, 1, 0, 0
1, 0, 1, 1, 1, 0
1, 1, 0, 0, 0, 0
1, 1, 0, 0, 1, 0
1, 1, 0, 1, 0, 0
1, 1, 0, 1, 1, 0
1, 1, 1, 0, 0, 0
1, 1, 1, 0, 1, 0
1, 1, 1, 1, 0, 0
1, 1, 1, 1, 1, 0
# PRAS (AKT, PRAS, PRAS)
0, 0, 0
0, 1, 1
1, 0, 0
1, 1, 0
# PTEN (GSK3a_b, PTEN, PTEN)
0, 0, 0
0, 1, 1
1, 0, 0
1, 1, 0
# RB (CyclinD1, Nfkb, RB, RB)
0, 0, 0, 0
0, 0, 1, 1
0, 1, 0, 1
0, 1, 1, 1
1, 0, 0, 0
1, 0, 1, 0
1, 1, 0, 0
1, 1, 1, 0
# RPS6 (RPS6, p70S6K, RPS6)
0, 0, 0
0, 1, 1
1, 0, 1
1, 1, 1
# TSC2 (AKT, ERK1_2, GSK3a_b, TSC2, TSC2)
0, 0, 0, 0, 0
0, 0, 0, 1, 1
0, 0, 1, 0, 0
0, 0, 1, 1, 0
0, 1, 0, 0, 0
0, 1, 0, 1, 0
0, 1, 1, 0, 0
0, 1, 1, 1, 0
1, 0, 0, 0, 0
1, 0, 0, 1, 0
1, 0, 1, 0, 0
1, 0, 1, 1, 0
1, 1, 0, 0, 0
1, 1, 0, 1, 0
1, 1, 1, 0, 0
1, 1, 1, 1, 0
