## Cdc14 Cdc20 Cdh1 Clb2 Clb5 Cln2 Cln3 FEAR MEN SFF Sic1 SMBF Swe1 Swi5 Whi5 Yhp1 Size SpindleCP Start BuddingCP
# Cdc14 (FEAR, MEN, Cdc14)
0, 0, 0
0, 1, 0
1, 0, 0
1, 1, 1
# Cdc20 (Clb2, SFF, SpindleCP, Cdc20)
0, 0, 0, 0
0, 0, 1, 0
0, 1, 0, 0
0, 1, 1, 0
1, 0, 0, 0
1, 0, 1, 0
1, 1, 0, 0
1, 1, 1, 1
# Cdh1 (Cdc14, Clb2, Clb5, Cln2, Cdh1)
0, 0, 0, 0, 1
0, 0, 0, 1, 0
0, 0, 1, 0, 0
0, 0, 1, 1, 0
0, 1, 0, 0, 0
0, 1, 0, 1, 0
0, 1, 1, 0, 0
0, 1, 1, 1, 0
1, 0, 0, 0, 1
1, 0, 0, 1, 1
1, 0, 1, 0, 1
1, 0, 1, 1, 1
1, 1, 0, 0, 1
1, 1, 0, 1, 1
1, 1, 1, 0, 1
1, 1, 1, 1, 1
# Clb2 (Cdc20, Cdh1, SFF, Sic1, Swe1, Clb2)
0, 0, 0, 0, 0, 1
0, 0, 0, 0, 1, 0
0, 0, 0, 1, 0, 0
0, 0, 0, 1, 1, 0
0, 0, 1, 0, 0, 1
0, 0, 1, 0, 1, 0
0, 0, 1, 1, 0, 1
0, 0, 1, 1, 1, 0
0, 1, 0, 0, 0, 0
0, 1, 0, 0, 1, 0
0, 1, 0, 1, 0, 0
0, 1, 0, 1, 1, 0
0, 1, 1, 0, 0, 1
0, 1, 1, 0, 1, 0
0, 1, 1, 1, 0, 1
0, 1, 1, 1, 1, 0
1, 0, 0, 0, 0, 0
1, 0, 0, 0, 1, 0
1, 0, 0, 1, 0, 0
1, 0, 0, 1, 1, 0
1, 0, 1, 0, 0, 1
1, 0, 1, 0, 1, 0
1, 0, 1, 1, 0, 1
1, 0, 1, 1, 1, 0
1, 1, 0, 0, 0, 0
1, 1, 0, 0, 1, 0
1, 1, 0, 1, 0, 0
1, 1, 0, 1, 1, 0
1, 1, 1, 0, 0, 0
1, 1, 1, 0, 1, 0
1, 1, 1, 1, 0, 0
1, 1, 1, 1, 1, 0
# Clb5 (Cdc20, SMBF, Sic1, Clb5)
0, 0, 0, 0
0, 0, 1, 0
0, 1, 0, 1
0, 1, 1, 0
1, 0, 0, 0
1, 0, 1, 0
1, 1, 0, 0
1, 1, 1, 0
# Cln2 (SMBF, Start, Cln2)
0, 0, 0
0, 1, 0
1, 0, 0
1, 1, 1
# Cln3 (Size, Yhp1, Cln3)
0, 0, 0
0, 1, 0
1, 0, 1
1, 1, 0
# FEAR (Cdc20, FEAR)
0, 0
1, 1
# MEN (Clb2, FEAR, MEN)
0, 0, 0
0, 1, 0
1, 0, 0
1, 1, 1
# SFF (Clb2, SFF)
0, 0
1, 1
# Sic1 (Cdc14, Clb2, Clb5, Cln2, Sic1, Swi5, Sic1)
0, 0, 0, 0, 0, 0, 1
0, 0, 0, 0, 0, 1, 1
0, 0, 0, 0, 1, 0, 1
0, 0, 0, 0, 1, 1, 1
0, 0, 0, 1, 0, 0, 0
0, 0, 0, 1, 0, 1, 0
0, 0, 0, 1, 1, 0, 0
0, 0, 0, 1, 1, 1, 0
0, 0, 1, 0, 0, 0, 0
0, 0, 1, 0, 0, 1, 0
0, 0, 1, 0, 1, 0, 0
0, 0, 1, 0, 1, 1, 0
0, 0, 1, 1, 0, 0, 0
0, 0, 1, 1, 0, 1, 0
0, 0, 1, 1, 1, 0, 0
0, 0, 1, 1, 1, 1, 0
0, 1, 0, 0, 0, 0, 0
0, 1, 0, 0, 0, 1, 0
0, 1, 0, 0, 1, 0, 0
0, 1, 0, 0, 1, 1, 0
0, 1, 0, 1, 0, 0, 0
0, 1, 0, 1, 0, 1, 0
0, 1, 0, 1, 1, 0, 0
0, 1, 0, 1, 1, 1, 0
0, 1, 1, 0, 0, 0, 0
0, 1, 1, 0, 0, 1, 0
0, 1, 1, 0, 1, 0, 0
0, 1, 1, 0, 1, 1, 0
0, 1, 1, 1, 0, 0, 0
0, 1, 1, 1, 0, 1, 0
0, 1, 1, 1, 1, 0, 0
0, 1, 1, 1, 1, 1, 0
1, 0, 0, 0, 0, 0, 0
1, 0, 0, 0, 0, 1, 1
1, 0, 0, 0, 1, 0, 1
1, 0, 0, 0, 1, 1, 1
1, 0, 0, 1, 0, 0, 0
1, 0, 0, 1, 0, 1, 1
1, 0, 0, 1, 1, 0, 1
1, 0, 0, 1, 1, 1, 1
1, 0, 1, 0, 0, 0, 0
1, 0, 1, 0, 0, 1, 1
1, 0, 1, 0, 1, 0, 1
1, 0, 1, 0, 1, 1, 1
1, 0, 1, 1, 0, 0, 0
1, 0, 1, 1, 0, 1, 1
1, 0, 1, 1, 1, 0, 1
1, 0, 1, 1, 1, 1, 1
1, 1, 0, 0, 0, 0, 0
1, 1, 0, 0, 0, 1, 1
1, 1, 0, 0, 1, 0, 1
1, 1, 0, 0, 1, 1, 1
1, 1, 0, 1, 0, 0, 0
1, 1, 0, 1, 0, 1, 1
1, 1, 0, 1, 1, 0, 1
1, 1, 0, 1, 1, 1, 1
1, 1, 1, 0, 0, 0, 0
1, 1, 1, 0, 0, 1, 1
1, 1, 1, 0, 1, 0, 1
1, 1, 1, 0, 1, 1, 1
1, 1, 1, 1, 0, 0, 0
1, 1, 1, 1, 0, 1, 1
1, 1, 1, 1, 1, 0, 1
1, 1, 1, 1, 1, 1, 1
# SMBF (Clb2, Whi5, SMBF)
0, 0, 1
0, 1, 0
1, 0, 0
1, 1, 0
# Swe1 (BuddingCP, Swe1)
0, 1
1, 0
# Swi5 (Cdc14, Clb2, SFF, Swi5, Swi5)
0, 0, 0, 0, 0
0, 0, 0, 1, 0
0, 0, 1, 0, 0
0, 0, 1, 1, 0
0, 1, 0, 0, 0
0, 1, 0, 1, 0
0, 1, 1, 0, 0
0, 1, 1, 1, 0
1, 0, 0, 0, 0
1, 0, 0, 1, 0
1, 0, 1, 0, 1
1, 0, 1, 1, 0
1, 1, 0, 0, 0
1, 1, 0, 1, 0
1, 1, 1, 0, 0
1, 1, 1, 1, 0
# Whi5 (Cln2, Cln3, Start, Whi5)
0, 0, 0, 1
0, 0, 1, 1
0, 1, 0, 1
0, 1, 1, 0
1, 0, 0, 1
1, 0, 1, 0
1, 1, 0, 1
1, 1, 1, 0
# Yhp1 (SMBF, Yhp1)
0, 0
1, 1
