## Bmp2 canWnt Dkk1 exogen_BMP2_II exogen_CanWnt_I exogen_canWnt_II Fgf8 Foxc1_2 GATAs Isl1 Mesp1 Nkx2_5 Tbx1 Tbx5 exogen_BMP2_I
# Bmp2 (canWnt, exogen_BMP2_II, Bmp2)
0, 0, 0
0, 1, 1
1, 0, 0
1, 1, 0
# canWnt (exogen_canWnt_II, canWnt)
0, 0
1, 1
# Dkk1 (Mesp1, canWnt, exogen_BMP2_II, Dkk1)
0, 0, 0, 0
0, 0, 1, 0
0, 1, 0, 1
0, 1, 1, 0
1, 0, 0, 1
1, 0, 1, 1
1, 1, 0, 1
1, 1, 1, 1
# exogen_BMP2_II (exogen_BMP2_I, exogen_BMP2_II)
0, 0
1, 1
# exogen_CanWnt_I (exogen_CanWnt_I, exogen_CanWnt_I)
0, 0
1, 1
# exogen_canWnt_II (exogen_CanWnt_I, exogen_canWnt_II)
0, 0
1, 1
# Fgf8 (Foxc1_2, Mesp1, Tbx1, Fgf8)
0, 0, 0, 0
0, 0, 1, 1
0, 1, 0, 0
0, 1, 1, 0
1, 0, 0, 1
1, 0, 1, 1
1, 1, 0, 0
1, 1, 1, 0
# Foxc1_2 (canWnt, exogen_canWnt_II, Foxc1_2)
0, 0, 0
0, 1, 0
1, 0, 0
1, 1, 1
# GATAs (Mesp1, Nkx2_5, Tbx5, GATAs)
0, 0, 0, 0
0, 0, 1, 1
0, 1, 0, 1
0, 1, 1, 1
1, 0, 0, 1
1, 0, 1, 1
1, 1, 0, 1
1, 1, 1, 1
# Isl1 (Fgf8, Mesp1, Tbx1, canWnt, exogen_canWnt_II, Isl1)
0, 0, 0, 0, 0, 0
0, 0, 0, 0, 1, 0
0, 0, 0, 1, 0, 0
0, 0, 0, 1, 1, 1
0, 0, 1, 0, 0, 1
0, 0, 1, 0, 1, 1
0, 0, 1, 1, 0, 1
0, 0, 1, 1, 1, 1
0, 1, 0, 0, 0, 1
0, 1, 0, 0, 1, 1
0, 1, 0, 1, 0, 1
0, 1, 0, 1, 1, 1
0, 1, 1, 0, 0, 1
0, 1, 1, 0, 1, 1
0, 1, 1, 1, 0, 1
0, 1, 1, 1, 1, 1
1, 0, 0, 0, 0, 1
1, 0, 0, 0, 1, 1
1, 0, 0, 1, 0, 1
1, 0, 0, 1, 1, 1
1, 0, 1, 0, 0, 1
1, 0, 1, 0, 1, 1
1, 0, 1, 1, 0, 1
1, 0, 1, 1, 1, 1
1, 1, 0, 0, 0, 1
1, 1, 0, 0, 1, 1
1, 1, 0, 1, 0, 1
1, 1, 0, 1, 1, 1
1, 1, 1, 0, 0, 1
1, 1, 1, 0, 1, 1
1, 1, 1, 1, 0, 1
1, 1, 1, 1, 1, 1
# Mesp1 (canWnt, exogen_BMP2_II, Mesp1)
0, 0, 0
0, 1, 0
1, 0, 1
1, 1, 0
# Nkx2_5 (Bmp2, Dkk1, GATAs, Isl1, Mesp1, Tbx1, Tbx5, Nkx2_5)
0, 0, 0, 0, 0, 0, 0, 0
0, 0, 0, 0, 0, 0, 1, 1
0, 0, 0, 0, 0, 1, 0, 1
0, 0, 0, 0, 0, 1, 1, 1
0, 0, 0, 0, 1, 0, 0, 0
0, 0, 0, 0, 1, 0, 1, 1
0, 0, 0, 0, 1, 1, 0, 1
0, 0, 0, 0, 1, 1, 1, 1
0, 0, 0, 1, 0, 0, 0, 0
0, 0, 0, 1, 0, 0, 1, 1
0, 0, 0, 1, 0, 1, 0, 1
0, 0, 0, 1, 0, 1, 1, 1
0, 0, 0, 1, 1, 0, 0, 0
0, 0, 0, 1, 1, 0, 1, 1
0, 0, 0, 1, 1, 1, 0, 1
0, 0, 0, 1, 1, 1, 1, 1
0, 0, 1, 0, 0, 0, 0, 0
0, 0, 1, 0, 0, 0, 1, 1
0, 0, 1, 0, 0, 1, 0, 1
0, 0, 1, 0, 0, 1, 1, 1
0, 0, 1, 0, 1, 0, 0, 0
0, 0, 1, 0, 1, 0, 1, 1
0, 0, 1, 0, 1, 1, 0, 1
0, 0, 1, 0, 1, 1, 1, 1
0, 0, 1, 1, 0, 0, 0, 1
0, 0, 1, 1, 0, 0, 1, 1
0, 0, 1, 1, 0, 1, 0, 1
0, 0, 1, 1, 0, 1, 1, 1
0, 0, 1, 1, 1, 0, 0, 1
0, 0, 1, 1, 1, 0, 1, 1
0, 0, 1, 1, 1, 1, 0, 1
0, 0, 1, 1, 1, 1, 1, 1
0, 1, 0, 0, 0, 0, 0, 0
0, 1, 0, 0, 0, 0, 1, 1
0, 1, 0, 0, 0, 1, 0, 1
0, 1, 0, 0, 0, 1, 1, 1
0, 1, 0, 0, 1, 0, 0, 1
0, 1, 0, 0, 1, 0, 1, 1
0, 1, 0, 0, 1, 1, 0, 1
0, 1, 0, 0, 1, 1, 1, 1
0, 1, 0, 1, 0, 0, 0, 0
0, 1, 0, 1, 0, 0, 1, 1
0, 1, 0, 1, 0, 1, 0, 1
0, 1, 0, 1, 0, 1, 1, 1
0, 1, 0, 1, 1, 0, 0, 1
0, 1, 0, 1, 1, 0, 1, 1
0, 1, 0, 1, 1, 1, 0, 1
0, 1, 0, 1, 1, 1, 1, 1
0, 1, 1, 0, 0, 0, 0, 0
0, 1, 1, 0, 0, 0, 1, 1
0, 1, 1, 0, 0, 1, 0, 1
0, 1, 1, 0, 0, 1, 1, 1
0, 1, 1, 0, 1, 0, 0, 1
0, 1, 1, 0, 1, 0, 1, 1
0, 1, 1, 0, 1, 1, 0, 1
0, 1, 1, 0, 1, 1, 1, 1
0, 1, 1, 1, 0, 0, 0, 1
0, 1, 1, 1, 0, 0, 1, 1
0, 1, 1, 1, 0, 1, 0, 1
0, 1, 1, 1, 0, 1, 1, 1
0, 1, 1, 1, 1, 0, 0, 1
0, 1, 1, 1, 1, 0, 1, 1
0, 1, 1, 1, 1, 1, 0, 1
0, 1, 1, 1, 1, 1, 1, 1
1, 0, 0, 0, 0, 0, 0, 0
1, 0, 0, 0, 0, 0, 1, 1
1, 0, 0, 0, 0, 1, 0, 1
1, 0, 0, 0, 0, 1, 1, 1
1, 0, 0, 0, 1, 0, 0, 0
1, 0, 0, 0, 1, 0, 1, 1
1, 0, 0, 0, 1, 1, 0, 1
1, 0, 0, 0, 1, 1, 1, 1
1, 0, 0, 1, 0, 0, 0, 0
1, 0, 0, 1, 0, 0, 1, 1
1, 0, 0, 1, 0, 1, 0, 1
1, 0, 0, 1, 0, 1, 1, 1
1, 0, 0, 1, 1, 0, 0, 0
1, 0, 0, 1, 1, 0, 1, 1
1, 0, 0, 1, 1, 1, 0, 1
1, 0, 0, 1, 1, 1, 1, 1
1, 0, 1, 0, 0, 0, 0, 1
1, 0, 1, 0, 0, 0, 1, 1
1, 0, 1, 0, 0, 1, 0, 1
1, 0, 1, 0, 0, 1, 1, 1
1, 0, 1, 0, 1, 0, 0, 1
1, 0, 1, 0, 1, 0, 1, 1
1, 0, 1, 0, 1, 1, 0, 1
1, 0, 1, 0, 1, 1, 1, 1
1, 0, 1, 1, 0, 0, 0, 1
1, 0, 1, 1, 0, 0, 1, 1
1, 0, 1, 1, 0, 1, 0, 1
1, 0, 1, 1, 0, 1, 1, 1
1, 0, 1, 1, 1, 0, 0, 1
1, 0, 1, 1, 1, 0, 1, 1
1, 0, 1, 1, 1, 1, 0, 1
1, 0, 1, 1, 1, 1, 1, 1
1, 1, 0, 0, 0, 0, 0, 0
1, 1, 0, 0, 0, 0, 1, 1
1, 1, 0, 0, 0, 1, 0, 1
1, 1, 0, 0, 0, 1, 1, 1
1, 1, 0, 0, 1, 0, 0, 1
1, 1, 0, 0, 1, 0, 1, 1
1, 1, 0, 0, 1, 1, 0, 1
1, 1, 0, 0, 1, 1, 1, 1
1, 1, 0, 1, 0, 0, 0, 0
1, 1, 0, 1, 0, 0, 1, 1
1, 1, 0, 1, 0, 1, 0, 1
1, 1, 0, 1, 0, 1, 1, 1
1, 1, 0, 1, 1, 0, 0, 1
1, 1, 0, 1, 1, 0, 1, 1
1, 1, 0, 1, 1, 1, 0, 1
1, 1, 0, 1, 1, 1, 1, 1
1, 1, 1, 0, 0, 0, 0, 1
1, 1, 1, 0, 0, 0, 1, 1
1, 1, 1, 0, 0, 1, 0, 1
1, 1, 1, 0, 0, 1, 1, 1
1, 1, 1, 0, 1, 0, 0, 1
1, 1, 1, 0, 1, 0, 1, 1
1, 1, 1, 0, 1, 1, 0, 1
1, 1, 1, 0, 1, 1, 1, 1
1, 1, 1, 1, 0, 0, 0, 1
1, 1, 1, 1, 0, 0, 1, 1
1, 1, 1, 1, 0, 1, 0, 1
1, 1, 1, 1, 0, 1, 1, 1
1, 1, 1, 1, 1, 0, 0, 1
1, 1, 1, 1, 1, 0, 1, 1
1, 1, 1, 1, 1, 1, 0, 1
1, 1, 1, 1, 1, 1, 1, 1
# Tbx1 (Foxc1_2, Tbx1)
0, 0
1, 1
# Tbx5 (Dkk1, Mesp1, Nkx2_5, Tbx1, Tbx5, canWnt, Tbx5)
0, 0, 0, 0, 0, 0, 0
0, 0, 0, 0, 0, 1, 0
0, 0, 0, 0, 1, 0, 1
0, 0, 0, 0, 1, 1, 0
0, 0, 0, 1, 0, 0, 0
0, 0, 0, 1, 0, 1, 0
0, 0, 0, 1, 1, 0, 0
0, 0, 0, 1, 1, 1, 0
0, 0, 1, 0, 0, 0, 1
0, 0, 1, 0, 0, 1, 0
0, 0, 1, 0, 1, 0, 1
0, 0, 1, 0, 1, 1, 0
0, 0, 1, 1, 0, 0, 0
0, 0, 1, 1, 0, 1, 0
0, 0, 1, 1, 1, 0, 0
0, 0, 1, 1, 1, 1, 0
0, 1, 0, 0, 0, 0, 1
0, 1, 0, 0, 0, 1, 0
0, 1, 0, 0, 1, 0, 1
0, 1, 0, 0, 1, 1, 0
0, 1, 0, 1, 0, 0, 0
0, 1, 0, 1, 0, 1, 0
0, 1, 0, 1, 1, 0, 0
0, 1, 0, 1, 1, 1, 0
0, 1, 1, 0, 0, 0, 1
0, 1, 1, 0, 0, 1, 0
0, 1, 1, 0, 1, 0, 1
0, 1, 1, 0, 1, 1, 0
0, 1, 1, 1, 0, 0, 0
0, 1, 1, 1, 0, 1, 0
0, 1, 1, 1, 1, 0, 0
0, 1, 1, 1, 1, 1, 0
1, 0, 0, 0, 0, 0, 0
1, 0, 0, 0, 0, 1, 0
1, 0, 0, 0, 1, 0, 0
1, 0, 0, 0, 1, 1, 0
1, 0, 0, 1, 0, 0, 0
1, 0, 0, 1, 0, 1, 0
1, 0, 0, 1, 1, 0, 0
1, 0, 0, 1, 1, 1, 0
1, 0, 1, 0, 0, 0, 0
1, 0, 1, 0, 0, 1, 0
1, 0, 1, 0, 1, 0, 0
1, 0, 1, 0, 1, 1, 0
1, 0, 1, 1, 0, 0, 0
1, 0, 1, 1, 0, 1, 0
1, 0, 1, 1, 1, 0, 0
1, 0, 1, 1, 1, 1, 0
1, 1, 0, 0, 0, 0, 0
1, 1, 0, 0, 0, 1, 0
1, 1, 0, 0, 1, 0, 1
1, 1, 0, 0, 1, 1, 0
1, 1, 0, 1, 0, 0, 0
1, 1, 0, 1, 0, 1, 0
1, 1, 0, 1, 1, 0, 0
1, 1, 0, 1, 1, 1, 0
1, 1, 1, 0, 0, 0, 0
1, 1, 1, 0, 0, 1, 0
1, 1, 1, 0, 1, 0, 1
1, 1, 1, 0, 1, 1, 0
1, 1, 1, 1, 0, 0, 0
1, 1, 1, 1, 0, 1, 0
1, 1, 1, 1, 1, 0, 0
1, 1, 1, 1, 1, 1, 0
