## adenyl_cyclase AKT AP1 Arp2_3 ATF2 Bcl10_Carma1_MALTI BCL10_Malt1 Bintegrin BRAF C3G Ca2_ Calcineurin cAMP CARMA1 Cas CAV1_scaffold CD26 CD28 CD3 CD4 Cdc42 Cofilin Crk DAG Dec2 EPAC ERK ERM F_Actin FAK_576_577 FAK_Tyr397 FOXP3 FYN G_Actin GAB2 GADD45B GADD45G Gads Galpha12_13R Galpha_iR Galpha_Q GalphaS_R GATA3 GFI1 Grb2 GSK_3b HLX ICOS IFNBR IFNG IFNGR IKB IKKcomplex IL10 IL10R IL12RB1 IL12RB2 IL15R IL17 IL18R1 IL2 IL21 IL21R IL22 IL22R IL23 IL23R IL27R IL2R IL2R_HIGH IL2RA IL4 IL4R IL4R_HIGH IL4RA IL4RA_HIGH IL6R IL9R IP3 IRAK1 IRF1 IRF4 IRSp53 ITAMS ITK JAK1 JAK2 JAK3 JNK LAT Lck LIMK MEK1_2 MEK3 MEK4 MEK6 MEKK4 MKK7 MLC N_WASP Nck NFAT NFKB NIK NOS2A P38 PAK Paxillin PDK1 PI3K PIP3_345 PKA PKC PLCb PLCg Profilin proliferation rac1 RAF1 Rap1 Ras RASgrp RhoA RhoGEF RIAM ROCK RORGT RUNX3 Shc1 SHP2 SLP_76 SMAD3 SOCS1 SOCS3 Sos Src STAT1 STAT3 STAT4 STAT5 STAT5_HIGH STAT6 SYK TAK1 TBET TCR TGFB TGFBR TRAF6 Tyk2 Vav was WAVE_2 ZAP_70 ECM CGC IL21_e IL10RA IL4_e B7 IL12_e IL15RA GP130 IL23_e TGFB_e IL2_e IL27_e APC IL10_e Galpha_iL IL22_e IL15_e IFNGR1 IL6RA IL6_e MHC_II IFNB_e IL2RB IL10RB IL27RA alpha_13L IFNGR2 GalphaS_L CAV1_ACTIVATOR IFNG_e IL9_e Galpha_QL IL18_e
# adenyl_cyclase (GalphaS_R, Galpha_iR, adenyl_cyclase)
0, 0, 0
0, 1, 0
1, 0, 1
1, 1, 1
# AKT (PDK1, AKT)
0, 0
1, 1
# AP1 (ERK, JNK, STAT4, AP1)
0, 0, 0, 0
0, 0, 1, 1
0, 1, 0, 1
0, 1, 1, 1
1, 0, 0, 1
1, 0, 1, 1
1, 1, 0, 1
1, 1, 1, 1
# Arp2_3 (N_WASP, WAVE-2, Arp2_3)
0, 0, 0
0, 1, 1
1, 0, 1
1, 1, 1
# ATF2 (P38, ATF2)
0, 0
1, 1
# Bcl10_Carma1_MALTI (BCL10_Malt1, CARMA1, Bcl10_Carma1_MALTI)
0, 0, 0
0, 1, 0
1, 0, 0
1, 1, 1
# BCL10_Malt1 (CARMA1, BCL10_Malt1)
0, 0
1, 1
# Bintegrin (ECM, TCR, Bintegrin)
0, 0, 0
0, 1, 1
1, 0, 1
1, 1, 1
# BRAF (Rap1, BRAF)
0, 0
1, 1
# C3G (Crk, C3G)
0, 0
1, 1
# Ca2_ (IP3, Ca2+)
0, 0
1, 1
# Calcineurin (Ca2+, Calcineurin)
0, 0
1, 1
# cAMP (adenyl_cyclase, cAMP)
0, 0
1, 1
# CARMA1 (CD26, PKC, CARMA1)
0, 0, 0
0, 1, 1
1, 0, 1
1, 1, 1
# Cas (Bintegrin, FAK_576_577, Cas)
0, 0, 0
0, 1, 0
1, 0, 0
1, 1, 1
# CAV1_scaffold (Bintegrin, CAV1_ACTIVATOR, Src, CAV1_scaffold)
0, 0, 0, 0
0, 0, 1, 1
0, 1, 0, 1
0, 1, 1, 1
1, 0, 0, 1
1, 0, 1, 1
1, 1, 0, 1
1, 1, 1, 1
# CD26 (CAV1_scaffold, CD26)
0, 0
1, 1
# CD28 (APC, B7, CD28)
0, 0, 0
0, 1, 1
1, 0, 1
1, 1, 1
# CD3 (TCR, CD3)
0, 0
1, 1
# CD4 (CD3, MHC_II, TCR, CD4)
0, 0, 0, 0
0, 0, 1, 0
0, 1, 0, 0
0, 1, 1, 0
1, 0, 0, 0
1, 0, 1, 0
1, 1, 0, 0
1, 1, 1, 1
# Cdc42 (C3G, RhoGEF, Cdc42)
0, 0, 0
0, 1, 1
1, 0, 1
1, 1, 1
# Cofilin (LIMK, Cofilin)
0, 1
1, 0
# Crk (Cas, Paxillin, Crk)
0, 0, 0
0, 1, 1
1, 0, 1
1, 1, 1
# DAG (PLCb, PLCg, DAG)
0, 0, 0
0, 1, 1
1, 0, 1
1, 1, 1
# Dec2 (GATA3, Dec2)
0, 0
1, 1
# EPAC (cAMP, EPAC)
0, 0
1, 1
# ERK (MEK1_2, ERK)
0, 0
1, 1
# ERM (STAT4, ERM)
0, 0
1, 1
# F_Actin (Arp2_3, Cofilin, G_Actin, F_Actin)
0, 0, 0, 0
0, 0, 1, 0
0, 1, 0, 0
0, 1, 1, 0
1, 0, 0, 0
1, 0, 1, 1
1, 1, 0, 0
1, 1, 1, 1
# FAK_576_577 (FAK_Tyr397, Src, FAK_576_577)
0, 0, 0
0, 1, 0
1, 0, 0
1, 1, 1
# FAK_Tyr397 (Bintegrin, FAK_Tyr397)
0, 0
1, 1
# FOXP3 (FOXP3, NFAT, RORGT, SMAD3, STAT1, STAT3, STAT5, FOXP3)
0, 0, 0, 0, 0, 0, 0, 0
0, 0, 0, 0, 0, 0, 1, 0
0, 0, 0, 0, 0, 1, 0, 0
0, 0, 0, 0, 0, 1, 1, 0
0, 0, 0, 0, 1, 0, 0, 0
0, 0, 0, 0, 1, 0, 1, 0
0, 0, 0, 0, 1, 1, 0, 0
0, 0, 0, 0, 1, 1, 1, 0
0, 0, 0, 1, 0, 0, 0, 0
0, 0, 0, 1, 0, 0, 1, 0
0, 0, 0, 1, 0, 1, 0, 0
0, 0, 0, 1, 0, 1, 1, 0
0, 0, 0, 1, 1, 0, 0, 0
0, 0, 0, 1, 1, 0, 1, 0
0, 0, 0, 1, 1, 1, 0, 0
0, 0, 0, 1, 1, 1, 1, 0
0, 0, 1, 0, 0, 0, 0, 0
0, 0, 1, 0, 0, 0, 1, 0
0, 0, 1, 0, 0, 1, 0, 0
0, 0, 1, 0, 0, 1, 1, 0
0, 0, 1, 0, 1, 0, 0, 0
0, 0, 1, 0, 1, 0, 1, 0
0, 0, 1, 0, 1, 1, 0, 0
0, 0, 1, 0, 1, 1, 1, 0
0, 0, 1, 1, 0, 0, 0, 0
0, 0, 1, 1, 0, 0, 1, 0
0, 0, 1, 1, 0, 1, 0, 0
0, 0, 1, 1, 0, 1, 1, 0
0, 0, 1, 1, 1, 0, 0, 0
0, 0, 1, 1, 1, 0, 1, 0
0, 0, 1, 1, 1, 1, 0, 0
0, 0, 1, 1, 1, 1, 1, 0
0, 1, 0, 0, 0, 0, 0, 0
0, 1, 0, 0, 0, 0, 1, 0
0, 1, 0, 0, 0, 1, 0, 0
0, 1, 0, 0, 0, 1, 1, 0
0, 1, 0, 0, 1, 0, 0, 0
0, 1, 0, 0, 1, 0, 1, 0
0, 1, 0, 0, 1, 1, 0, 0
0, 1, 0, 0, 1, 1, 1, 0
0, 1, 0, 1, 0, 0, 0, 0
0, 1, 0, 1, 0, 0, 1, 1
0, 1, 0, 1, 0, 1, 0, 0
0, 1, 0, 1, 0, 1, 1, 1
0, 1, 0, 1, 1, 0, 0, 0
0, 1, 0, 1, 1, 0, 1, 0
0, 1, 0, 1, 1, 1, 0, 0
0, 1, 0, 1, 1, 1, 1, 0
0, 1, 1, 0, 0, 0, 0, 0
0, 1, 1, 0, 0, 0, 1, 0
0, 1, 1, 0, 0, 1, 0, 0
0, 1, 1, 0, 0, 1, 1, 0
0, 1, 1, 0, 1, 0, 0, 0
0, 1, 1, 0, 1, 0, 1, 0
0, 1, 1, 0, 1, 1, 0, 0
0, 1, 1, 0, 1, 1, 1, 0
0, 1, 1, 1, 0, 0, 0, 0
0, 1, 1, 1, 0, 0, 1, 1
0, 1, 1, 1, 0, 1, 0, 0
0, 1, 1, 1, 0, 1, 1, 0
0, 1, 1, 1, 1, 0, 0, 0
0, 1, 1, 1, 1, 0, 1, 0
0, 1, 1, 1, 1, 1, 0, 0
0, 1, 1, 1, 1, 1, 1, 0
1, 0, 0, 0, 0, 0, 0, 0
1, 0, 0, 0, 0, 0, 1, 0
1, 0, 0, 0, 0, 1, 0, 0
1, 0, 0, 0, 0, 1, 1, 0
1, 0, 0, 0, 1, 0, 0, 0
1, 0, 0, 0, 1, 0, 1, 0
1, 0, 0, 0, 1, 1, 0, 0
1, 0, 0, 0, 1, 1, 1, 0
1, 0, 0, 1, 0, 0, 0, 0
1, 0, 0, 1, 0, 0, 1, 0
1, 0, 0, 1, 0, 1, 0, 0
1, 0, 0, 1, 0, 1, 1, 0
1, 0, 0, 1, 1, 0, 0, 0
1, 0, 0, 1, 1, 0, 1, 0
1, 0, 0, 1, 1, 1, 0, 0
1, 0, 0, 1, 1, 1, 1, 0
1, 0, 1, 0, 0, 0, 0, 0
1, 0, 1, 0, 0, 0, 1, 0
1, 0, 1, 0, 0, 1, 0, 0
1, 0, 1, 0, 0, 1, 1, 0
1, 0, 1, 0, 1, 0, 0, 0
1, 0, 1, 0, 1, 0, 1, 0
1, 0, 1, 0, 1, 1, 0, 0
1, 0, 1, 0, 1, 1, 1, 0
1, 0, 1, 1, 0, 0, 0, 0
1, 0, 1, 1, 0, 0, 1, 0
1, 0, 1, 1, 0, 1, 0, 0
1, 0, 1, 1, 0, 1, 1, 0
1, 0, 1, 1, 1, 0, 0, 0
1, 0, 1, 1, 1, 0, 1, 0
1, 0, 1, 1, 1, 1, 0, 0
1, 0, 1, 1, 1, 1, 1, 0
1, 1, 0, 0, 0, 0, 0, 0
1, 1, 0, 0, 0, 0, 1, 1
1, 1, 0, 0, 0, 1, 0, 0
1, 1, 0, 0, 0, 1, 1, 1
1, 1, 0, 0, 1, 0, 0, 0
1, 1, 0, 0, 1, 0, 1, 1
1, 1, 0, 0, 1, 1, 0, 0
1, 1, 0, 0, 1, 1, 1, 1
1, 1, 0, 1, 0, 0, 0, 0
1, 1, 0, 1, 0, 0, 1, 1
1, 1, 0, 1, 0, 1, 0, 0
1, 1, 0, 1, 0, 1, 1, 1
1, 1, 0, 1, 1, 0, 0, 0
1, 1, 0, 1, 1, 0, 1, 1
1, 1, 0, 1, 1, 1, 0, 0
1, 1, 0, 1, 1, 1, 1, 1
1, 1, 1, 0, 0, 0, 0, 0
1, 1, 1, 0, 0, 0, 1, 1
1, 1, 1, 0, 0, 1, 0, 0
1, 1, 1, 0, 0, 1, 1, 1
1, 1, 1, 0, 1, 0, 0, 0
1, 1, 1, 0, 1, 0, 1, 1
1, 1, 1, 0, 1, 1, 0, 0
1, 1, 1, 0, 1, 1, 1, 1
1, 1, 1, 1, 0, 0, 0, 0
1, 1, 1, 1, 0, 0, 1, 1
1, 1, 1, 1, 0, 1, 0, 0
1, 1, 1, 1, 0, 1, 1, 1
1, 1, 1, 1, 1, 0, 0, 0
1, 1, 1, 1, 1, 0, 1, 1
1, 1, 1, 1, 1, 1, 0, 0
1, 1, 1, 1, 1, 1, 1, 1
# FYN (CAV1_scaffold, CD3, TCR, FYN)
0, 0, 0, 0
0, 0, 1, 0
0, 1, 0, 0
0, 1, 1, 1
1, 0, 0, 1
1, 0, 1, 1
1, 1, 0, 1
1, 1, 1, 1
# G_Actin (Profilin, G_Actin)
0, 0
1, 1
# GAB2 (Grb2, Shc1, GAB2)
0, 0, 0
0, 1, 0
1, 0, 0
1, 1, 1
# GADD45B (IL12_e, TCR, GADD45B)
0, 0, 0
0, 1, 0
1, 0, 0
1, 1, 1
# GADD45G (CD3, IL12_e, GADD45G)
0, 0, 0
0, 1, 1
1, 0, 1
1, 1, 1
# Gads (LAT, Gads)
0, 0
1, 1
# Galpha12_13R (alpha_13L, Galpha12_13R)
0, 0
1, 1
# Galpha_iR (Galpha_iL, Galpha_iR)
0, 0
1, 1
# Galpha_Q (Galpha_QL, Galpha_Q)
0, 0
1, 1
# GalphaS_R (GalphaS_L, GalphaS_R)
0, 0
1, 1
# GATA3 (Dec2, STAT6, TBET, GATA3)
0, 0, 0, 0
0, 0, 1, 0
0, 1, 0, 1
0, 1, 1, 0
1, 0, 0, 1
1, 0, 1, 1
1, 1, 0, 1
1, 1, 1, 1
# GFI1 (STAT6, TCR, GFI1)
0, 0, 0
0, 1, 1
1, 0, 1
1, 1, 1
# Grb2 (LAT, Shc1, Grb2)
0, 0, 0
0, 1, 1
1, 0, 1
1, 1, 1
# GSK_3b (AKT, GSK-3b)
0, 1
1, 0
# HLX (TBET, HLX)
0, 0
1, 1
# ICOS (APC, ICOS)
0, 0
1, 1
# IFNBR (IFNB_e, IFNBR)
0, 0
1, 1
# IFNG (AP1, ATF2, FOXP3, HLX, NFAT, RUNX3, STAT3, STAT4, TBET, proliferation, IFNG)
0, 0, 0, 0, 0, 0, 0, 0, 0, 0, 0
0, 0, 0, 0, 0, 0, 0, 0, 0, 1, 0
0, 0, 0, 0, 0, 0, 0, 0, 1, 0, 0
0, 0, 0, 0, 0, 0, 0, 0, 1, 1, 0
0, 0, 0, 0, 0, 0, 0, 1, 0, 0, 0
0, 0, 0, 0, 0, 0, 0, 1, 0, 1, 0
0, 0, 0, 0, 0, 0, 0, 1, 1, 0, 0
0, 0, 0, 0, 0, 0, 0, 1, 1, 1, 0
0, 0, 0, 0, 0, 0, 1, 0, 0, 0, 0
0, 0, 0, 0, 0, 0, 1, 0, 0, 1, 0
0, 0, 0, 0, 0, 0, 1, 0, 1, 0, 0
0, 0, 0, 0, 0, 0, 1, 0, 1, 1, 0
0, 0, 0, 0, 0, 0, 1, 1, 0, 0, 0
0, 0, 0, 0, 0, 0, 1, 1, 0, 1, 0
0, 0, 0, 0, 0, 0, 1, 1, 1, 0, 0
0, 0, 0, 0, 0, 0, 1, 1, 1, 1, 0
0, 0, 0, 0, 0, 1, 0, 0, 0, 0, 0
0, 0, 0, 0, 0, 1, 0, 0, 0, 1, 0
0, 0, 0, 0, 0, 1, 0, 0, 1, 0, 0
0, 0, 0, 0, 0, 1, 0, 0, 1, 1, 0
0, 0, 0, 0, 0, 1, 0, 1, 0, 0, 0
0, 0, 0, 0, 0, 1, 0, 1, 0, 1, 0
0, 0, 0, 0, 0, 1, 0, 1, 1, 0, 0
0, 0, 0, 0, 0, 1, 0, 1, 1, 1, 0
0, 0, 0, 0, 0, 1, 1, 0, 0, 0, 0
0, 0, 0, 0, 0, 1, 1, 0, 0, 1, 0
0, 0, 0, 0, 0, 1, 1, 0, 1, 0, 0
0, 0, 0, 0, 0, 1, 1, 0, 1, 1, 0
0, 0, 0, 0, 0, 1, 1, 1, 0, 0, 0
0, 0, 0, 0, 0, 1, 1, 1, 0, 1, 0
0, 0, 0, 0, 0, 1, 1, 1, 1, 0, 0
0, 0, 0, 0, 0, 1, 1, 1, 1, 1, 0
0, 0, 0, 0, 1, 0, 0, 0, 0, 0, 0
0, 0, 0, 0, 1, 0, 0, 0, 0, 1, 0
0, 0, 0, 0, 1, 0, 0, 0, 1, 0, 0
0, 0, 0, 0, 1, 0, 0, 0, 1, 1, 0
0, 0, 0, 0, 1, 0, 0, 1, 0, 0, 0
0, 0, 0, 0, 1, 0, 0, 1, 0, 1, 1
0, 0, 0, 0, 1, 0, 0, 1, 1, 0, 0
0, 0, 0, 0, 1, 0, 0, 1, 1, 1, 1
0, 0, 0, 0, 1, 0, 1, 0, 0, 0, 0
0, 0, 0, 0, 1, 0, 1, 0, 0, 1, 0
0, 0, 0, 0, 1, 0, 1, 0, 1, 0, 0
0, 0, 0, 0, 1, 0, 1, 0, 1, 1, 0
0, 0, 0, 0, 1, 0, 1, 1, 0, 0, 0
0, 0, 0, 0, 1, 0, 1, 1, 0, 1, 0
0, 0, 0, 0, 1, 0, 1, 1, 1, 0, 0
0, 0, 0, 0, 1, 0, 1, 1, 1, 1, 0
0, 0, 0, 0, 1, 1, 0, 0, 0, 0, 0
0, 0, 0, 0, 1, 1, 0, 0, 0, 1, 0
0, 0, 0, 0, 1, 1, 0, 0, 1, 0, 0
0, 0, 0, 0, 1, 1, 0, 0, 1, 1, 1
0, 0, 0, 0, 1, 1, 0, 1, 0, 0, 0
0, 0, 0, 0, 1, 1, 0, 1, 0, 1, 1
0, 0, 0, 0, 1, 1, 0, 1, 1, 0, 0
0, 0, 0, 0, 1, 1, 0, 1, 1, 1, 1
0, 0, 0, 0, 1, 1, 1, 0, 0, 0, 0
0, 0, 0, 0, 1, 1, 1, 0, 0, 1, 0
0, 0, 0, 0, 1, 1, 1, 0, 1, 0, 0
0, 0, 0, 0, 1, 1, 1, 0, 1, 1, 0
0, 0, 0, 0, 1, 1, 1, 1, 0, 0, 0
0, 0, 0, 0, 1, 1, 1, 1, 0, 1, 0
0, 0, 0, 0, 1, 1, 1, 1, 1, 0, 0
0, 0, 0, 0, 1, 1, 1, 1, 1, 1, 0
0, 0, 0, 1, 0, 0, 0, 0, 0, 0, 1
0, 0, 0, 1, 0, 0, 0, 0, 0, 1, 1
0, 0, 0, 1, 0, 0, 0, 0, 1, 0, 1
0, 0, 0, 1, 0, 0, 0, 0, 1, 1, 1
0, 0, 0, 1, 0, 0, 0, 1, 0, 0, 1
0, 0, 0, 1, 0, 0, 0, 1, 0, 1, 1
0, 0, 0, 1, 0, 0, 0, 1, 1, 0, 1
0, 0, 0, 1, 0, 0, 0, 1, 1, 1, 1
0, 0, 0, 1, 0, 0, 1, 0, 0, 0, 0
0, 0, 0, 1, 0, 0, 1, 0, 0, 1, 0
0, 0, 0, 1, 0, 0, 1, 0, 1, 0, 0
0, 0, 0, 1, 0, 0, 1, 0, 1, 1, 0
0, 0, 0, 1, 0, 0, 1, 1, 0, 0, 0
0, 0, 0, 1, 0, 0, 1, 1, 0, 1, 0
0, 0, 0, 1, 0, 0, 1, 1, 1, 0, 0
0, 0, 0, 1, 0, 0, 1, 1, 1, 1, 0
0, 0, 0, 1, 0, 1, 0, 0, 0, 0, 1
0, 0, 0, 1, 0, 1, 0, 0, 0, 1, 1
0, 0, 0, 1, 0, 1, 0, 0, 1, 0, 1
0, 0, 0, 1, 0, 1, 0, 0, 1, 1, 1
0, 0, 0, 1, 0, 1, 0, 1, 0, 0, 1
0, 0, 0, 1, 0, 1, 0, 1, 0, 1, 1
0, 0, 0, 1, 0, 1, 0, 1, 1, 0, 1
0, 0, 0, 1, 0, 1, 0, 1, 1, 1, 1
0, 0, 0, 1, 0, 1, 1, 0, 0, 0, 0
0, 0, 0, 1, 0, 1, 1, 0, 0, 1, 0
0, 0, 0, 1, 0, 1, 1, 0, 1, 0, 0
0, 0, 0, 1, 0, 1, 1, 0, 1, 1, 0
0, 0, 0, 1, 0, 1, 1, 1, 0, 0, 0
0, 0, 0, 1, 0, 1, 1, 1, 0, 1, 0
0, 0, 0, 1, 0, 1, 1, 1, 1, 0, 0
0, 0, 0, 1, 0, 1, 1, 1, 1, 1, 0
0, 0, 0, 1, 1, 0, 0, 0, 0, 0, 1
0, 0, 0, 1, 1, 0, 0, 0, 0, 1, 1
0, 0, 0, 1, 1, 0, 0, 0, 1, 0, 1
0, 0, 0, 1, 1, 0, 0, 0, 1, 1, 1
0, 0, 0, 1, 1, 0, 0, 1, 0, 0, 1
0, 0, 0, 1, 1, 0, 0, 1, 0, 1, 1
0, 0, 0, 1, 1, 0, 0, 1, 1, 0, 1
0, 0, 0, 1, 1, 0, 0, 1, 1, 1, 1
0, 0, 0, 1, 1, 0, 1, 0, 0, 0, 0
0, 0, 0, 1, 1, 0, 1, 0, 0, 1, 0
0, 0, 0, 1, 1, 0, 1, 0, 1, 0, 0
0, 0, 0, 1, 1, 0, 1, 0, 1, 1, 0
0, 0, 0, 1, 1, 0, 1, 1, 0, 0, 0
0, 0, 0, 1, 1, 0, 1, 1, 0, 1, 0
0, 0, 0, 1, 1, 0, 1, 1, 1, 0, 0
0, 0, 0, 1, 1, 0, 1, 1, 1, 1, 0
0, 0, 0, 1, 1, 1, 0, 0, 0, 0, 1
0, 0, 0, 1, 1, 1, 0, 0, 0, 1, 1
0, 0, 0, 1, 1, 1, 0, 0, 1, 0, 1
0, 0, 0, 1, 1, 1, 0, 0, 1, 1, 1
0, 0, 0, 1, 1, 1, 0, 1, 0, 0, 1
0, 0, 0, 1, 1, 1, 0, 1, 0, 1, 1
0, 0, 0, 1, 1, 1, 0, 1, 1, 0, 1
0, 0, 0, 1, 1, 1, 0, 1, 1, 1, 1
0, 0, 0, 1, 1, 1, 1, 0, 0, 0, 0
0, 0, 0, 1, 1, 1, 1, 0, 0, 1, 0
0, 0, 0, 1, 1, 1, 1, 0, 1, 0, 0
0, 0, 0, 1, 1, 1, 1, 0, 1, 1, 0
0, 0, 0, 1, 1, 1, 1, 1, 0, 0, 0
0, 0, 0, 1, 1, 1, 1, 1, 0, 1, 0
0, 0, 0, 1, 1, 1, 1, 1, 1, 0, 0
0, 0, 0, 1, 1, 1, 1, 1, 1, 1, 0
0, 0, 1, 0, 0, 0, 0, 0, 0, 0, 0
0, 0, 1, 0, 0, 0, 0, 0, 0, 1, 0
0, 0, 1, 0, 0, 0, 0, 0, 1, 0, 0
0, 0, 1, 0, 0, 0, 0, 0, 1, 1, 0
0, 0, 1, 0, 0, 0, 0, 1, 0, 0, 0
0, 0, 1, 0, 0, 0, 0, 1, 0, 1, 0
0, 0, 1, 0, 0, 0, 0, 1, 1, 0, 0
0, 0, 1, 0, 0, 0, 0, 1, 1, 1, 0
0, 0, 1, 0, 0, 0, 1, 0, 0, 0, 0
0, 0, 1, 0, 0, 0, 1, 0, 0, 1, 0
0, 0, 1, 0, 0, 0, 1, 0, 1, 0, 0
0, 0, 1, 0, 0, 0, 1, 0, 1, 1, 0
0, 0, 1, 0, 0, 0, 1, 1, 0, 0, 0
0, 0, 1, 0, 0, 0, 1, 1, 0, 1, 0
0, 0, 1, 0, 0, 0, 1, 1, 1, 0, 0
0, 0, 1, 0, 0, 0, 1, 1, 1, 1, 0
0, 0, 1, 0, 0, 1, 0, 0, 0, 0, 0
0, 0, 1, 0, 0, 1, 0, 0, 0, 1, 0
0, 0, 1, 0, 0, 1, 0, 0, 1, 0, 0
0, 0, 1, 0, 0, 1, 0, 0, 1, 1, 0
0, 0, 1, 0, 0, 1, 0, 1, 0, 0, 0
0, 0, 1, 0, 0, 1, 0, 1, 0, 1, 0
0, 0, 1, 0, 0, 1, 0, 1, 1, 0, 0
0, 0, 1, 0, 0, 1, 0, 1, 1, 1, 0
0, 0, 1, 0, 0, 1, 1, 0, 0, 0, 0
0, 0, 1, 0, 0, 1, 1, 0, 0, 1, 0
0, 0, 1, 0, 0, 1, 1, 0, 1, 0, 0
0, 0, 1, 0, 0, 1, 1, 0, 1, 1, 0
0, 0, 1, 0, 0, 1, 1, 1, 0, 0, 0
0, 0, 1, 0, 0, 1, 1, 1, 0, 1, 0
0, 0, 1, 0, 0, 1, 1, 1, 1, 0, 0
0, 0, 1, 0, 0, 1, 1, 1, 1, 1, 0
0, 0, 1, 0, 1, 0, 0, 0, 0, 0, 0
0, 0, 1, 0, 1, 0, 0, 0, 0, 1, 0
0, 0, 1, 0, 1, 0, 0, 0, 1, 0, 0
0, 0, 1, 0, 1, 0, 0, 0, 1, 1, 0
0, 0, 1, 0, 1, 0, 0, 1, 0, 0, 0
0, 0, 1, 0, 1, 0, 0, 1, 0, 1, 0
0, 0, 1, 0, 1, 0, 0, 1, 1, 0, 0
0, 0, 1, 0, 1, 0, 0, 1, 1, 1, 0
0, 0, 1, 0, 1, 0, 1, 0, 0, 0, 0
0, 0, 1, 0, 1, 0, 1, 0, 0, 1, 0
0, 0, 1, 0, 1, 0, 1, 0, 1, 0, 0
0, 0, 1, 0, 1, 0, 1, 0, 1, 1, 0
0, 0, 1, 0, 1, 0, 1, 1, 0, 0, 0
0, 0, 1, 0, 1, 0, 1, 1, 0, 1, 0
0, 0, 1, 0, 1, 0, 1, 1, 1, 0, 0
0, 0, 1, 0, 1, 0, 1, 1, 1, 1, 0
0, 0, 1, 0, 1, 1, 0, 0, 0, 0, 0
0, 0, 1, 0, 1, 1, 0, 0, 0, 1, 0
0, 0, 1, 0, 1, 1, 0, 0, 1, 0, 0
0, 0, 1, 0, 1, 1, 0, 0, 1, 1, 0
0, 0, 1, 0, 1, 1, 0, 1, 0, 0, 0
0, 0, 1, 0, 1, 1, 0, 1, 0, 1, 0
0, 0, 1, 0, 1, 1, 0, 1, 1, 0, 0
0, 0, 1, 0, 1, 1, 0, 1, 1, 1, 0
0, 0, 1, 0, 1, 1, 1, 0, 0, 0, 0
0, 0, 1, 0, 1, 1, 1, 0, 0, 1, 0
0, 0, 1, 0, 1, 1, 1, 0, 1, 0, 0
0, 0, 1, 0, 1, 1, 1, 0, 1, 1, 0
0, 0, 1, 0, 1, 1, 1, 1, 0, 0, 0
0, 0, 1, 0, 1, 1, 1, 1, 0, 1, 0
0, 0, 1, 0, 1, 1, 1, 1, 1, 0, 0
0, 0, 1, 0, 1, 1, 1, 1, 1, 1, 0
0, 0, 1, 1, 0, 0, 0, 0, 0, 0, 0
0, 0, 1, 1, 0, 0, 0, 0, 0, 1, 0
0, 0, 1, 1, 0, 0, 0, 0, 1, 0, 0
0, 0, 1, 1, 0, 0, 0, 0, 1, 1, 0
0, 0, 1, 1, 0, 0, 0, 1, 0, 0, 0
0, 0, 1, 1, 0, 0, 0, 1, 0, 1, 0
0, 0, 1, 1, 0, 0, 0, 1, 1, 0, 0
0, 0, 1, 1, 0, 0, 0, 1, 1, 1, 0
0, 0, 1, 1, 0, 0, 1, 0, 0, 0, 0
0, 0, 1, 1, 0, 0, 1, 0, 0, 1, 0
0, 0, 1, 1, 0, 0, 1, 0, 1, 0, 0
0, 0, 1, 1, 0, 0, 1, 0, 1, 1, 0
0, 0, 1, 1, 0, 0, 1, 1, 0, 0, 0
0, 0, 1, 1, 0, 0, 1, 1, 0, 1, 0
0, 0, 1, 1, 0, 0, 1, 1, 1, 0, 0
0, 0, 1, 1, 0, 0, 1, 1, 1, 1, 0
0, 0, 1, 1, 0, 1, 0, 0, 0, 0, 0
0, 0, 1, 1, 0, 1, 0, 0, 0, 1, 0
0, 0, 1, 1, 0, 1, 0, 0, 1, 0, 0
0, 0, 1, 1, 0, 1, 0, 0, 1, 1, 0
0, 0, 1, 1, 0, 1, 0, 1, 0, 0, 0
0, 0, 1, 1, 0, 1, 0, 1, 0, 1, 0
0, 0, 1, 1, 0, 1, 0, 1, 1, 0, 0
0, 0, 1, 1, 0, 1, 0, 1, 1, 1, 0
0, 0, 1, 1, 0, 1, 1, 0, 0, 0, 0
0, 0, 1, 1, 0, 1, 1, 0, 0, 1, 0
0, 0, 1, 1, 0, 1, 1, 0, 1, 0, 0
0, 0, 1, 1, 0, 1, 1, 0, 1, 1, 0
0, 0, 1, 1, 0, 1, 1, 1, 0, 0, 0
0, 0, 1, 1, 0, 1, 1, 1, 0, 1, 0
0, 0, 1, 1, 0, 1, 1, 1, 1, 0, 0
0, 0, 1, 1, 0, 1, 1, 1, 1, 1, 0
0, 0, 1, 1, 1, 0, 0, 0, 0, 0, 0
0, 0, 1, 1, 1, 0, 0, 0, 0, 1, 0
0, 0, 1, 1, 1, 0, 0, 0, 1, 0, 0
0, 0, 1, 1, 1, 0, 0, 0, 1, 1, 0
0, 0, 1, 1, 1, 0, 0, 1, 0, 0, 0
0, 0, 1, 1, 1, 0, 0, 1, 0, 1, 0
0, 0, 1, 1, 1, 0, 0, 1, 1, 0, 0
0, 0, 1, 1, 1, 0, 0, 1, 1, 1, 0
0, 0, 1, 1, 1, 0, 1, 0, 0, 0, 0
0, 0, 1, 1, 1, 0, 1, 0, 0, 1, 0
0, 0, 1, 1, 1, 0, 1, 0, 1, 0, 0
0, 0, 1, 1, 1, 0, 1, 0, 1, 1, 0
0, 0, 1, 1, 1, 0, 1, 1, 0, 0, 0
0, 0, 1, 1, 1, 0, 1, 1, 0, 1, 0
0, 0, 1, 1, 1, 0, 1, 1, 1, 0, 0
0, 0, 1, 1, 1, 0, 1, 1, 1, 1, 0
0, 0, 1, 1, 1, 1, 0, 0, 0, 0, 0
0, 0, 1, 1, 1, 1, 0, 0, 0, 1, 0
0, 0, 1, 1, 1, 1, 0, 0, 1, 0, 0
0, 0, 1, 1, 1, 1, 0, 0, 1, 1, 0
0, 0, 1, 1, 1, 1, 0, 1, 0, 0, 0
0, 0, 1, 1, 1, 1, 0, 1, 0, 1, 0
0, 0, 1, 1, 1, 1, 0, 1, 1, 0, 0
0, 0, 1, 1, 1, 1, 0, 1, 1, 1, 0
0, 0, 1, 1, 1, 1, 1, 0, 0, 0, 0
0, 0, 1, 1, 1, 1, 1, 0, 0, 1, 0
0, 0, 1, 1, 1, 1, 1, 0, 1, 0, 0
0, 0, 1, 1, 1, 1, 1, 0, 1, 1, 0
0, 0, 1, 1, 1, 1, 1, 1, 0, 0, 0
0, 0, 1, 1, 1, 1, 1, 1, 0, 1, 0
0, 0, 1, 1, 1, 1, 1, 1, 1, 0, 0
0, 0, 1, 1, 1, 1, 1, 1, 1, 1, 0
0, 1, 0, 0, 0, 0, 0, 0, 0, 0, 1
0, 1, 0, 0, 0, 0, 0, 0, 0, 1, 1
0, 1, 0, 0, 0, 0, 0, 0, 1, 0, 1
0, 1, 0, 0, 0, 0, 0, 0, 1, 1, 1
0, 1, 0, 0, 0, 0, 0, 1, 0, 0, 1
0, 1, 0, 0, 0, 0, 0, 1, 0, 1, 1
0, 1, 0, 0, 0, 0, 0, 1, 1, 0, 1
0, 1, 0, 0, 0, 0, 0, 1, 1, 1, 1
0, 1, 0, 0, 0, 0, 1, 0, 0, 0, 0
0, 1, 0, 0, 0, 0, 1, 0, 0, 1, 0
0, 1, 0, 0, 0, 0, 1, 0, 1, 0, 0
0, 1, 0, 0, 0, 0, 1, 0, 1, 1, 0
0, 1, 0, 0, 0, 0, 1, 1, 0, 0, 0
0, 1, 0, 0, 0, 0, 1, 1, 0, 1, 0
0, 1, 0, 0, 0, 0, 1, 1, 1, 0, 0
0, 1, 0, 0, 0, 0, 1, 1, 1, 1, 0
0, 1, 0, 0, 0, 1, 0, 0, 0, 0, 1
0, 1, 0, 0, 0, 1, 0, 0, 0, 1, 1
0, 1, 0, 0, 0, 1, 0, 0, 1, 0, 1
0, 1, 0, 0, 0, 1, 0, 0, 1, 1, 1
0, 1, 0, 0, 0, 1, 0, 1, 0, 0, 1
0, 1, 0, 0, 0, 1, 0, 1, 0, 1, 1
0, 1, 0, 0, 0, 1, 0, 1, 1, 0, 1
0, 1, 0, 0, 0, 1, 0, 1, 1, 1, 1
0, 1, 0, 0, 0, 1, 1, 0, 0, 0, 0
0, 1, 0, 0, 0, 1, 1, 0, 0, 1, 0
0, 1, 0, 0, 0, 1, 1, 0, 1, 0, 0
0, 1, 0, 0, 0, 1, 1, 0, 1, 1, 0
0, 1, 0, 0, 0, 1, 1, 1, 0, 0, 0
0, 1, 0, 0, 0, 1, 1, 1, 0, 1, 0
0, 1, 0, 0, 0, 1, 1, 1, 1, 0, 0
0, 1, 0, 0, 0, 1, 1, 1, 1, 1, 0
0, 1, 0, 0, 1, 0, 0, 0, 0, 0, 1
0, 1, 0, 0, 1, 0, 0, 0, 0, 1, 1
0, 1, 0, 0, 1, 0, 0, 0, 1, 0, 1
0, 1, 0, 0, 1, 0, 0, 0, 1, 1, 1
0, 1, 0, 0, 1, 0, 0, 1, 0, 0, 1
0, 1, 0, 0, 1, 0, 0, 1, 0, 1, 1
0, 1, 0, 0, 1, 0, 0, 1, 1, 0, 1
0, 1, 0, 0, 1, 0, 0, 1, 1, 1, 1
0, 1, 0, 0, 1, 0, 1, 0, 0, 0, 0
0, 1, 0, 0, 1, 0, 1, 0, 0, 1, 0
0, 1, 0, 0, 1, 0, 1, 0, 1, 0, 0
0, 1, 0, 0, 1, 0, 1, 0, 1, 1, 0
0, 1, 0, 0, 1, 0, 1, 1, 0, 0, 0
0, 1, 0, 0, 1, 0, 1, 1, 0, 1, 0
0, 1, 0, 0, 1, 0, 1, 1, 1, 0, 0
0, 1, 0, 0, 1, 0, 1, 1, 1, 1, 0
0, 1, 0, 0, 1, 1, 0, 0, 0, 0, 1
0, 1, 0, 0, 1, 1, 0, 0, 0, 1, 1
0, 1, 0, 0, 1, 1, 0, 0, 1, 0, 1
0, 1, 0, 0, 1, 1, 0, 0, 1, 1, 1
0, 1, 0, 0, 1, 1, 0, 1, 0, 0, 1
0, 1, 0, 0, 1, 1, 0, 1, 0, 1, 1
0, 1, 0, 0, 1, 1, 0, 1, 1, 0, 1
0, 1, 0, 0, 1, 1, 0, 1, 1, 1, 1
0, 1, 0, 0, 1, 1, 1, 0, 0, 0, 0
0, 1, 0, 0, 1, 1, 1, 0, 0, 1, 0
0, 1, 0, 0, 1, 1, 1, 0, 1, 0, 0
0, 1, 0, 0, 1, 1, 1, 0, 1, 1, 0
0, 1, 0, 0, 1, 1, 1, 1, 0, 0, 0
0, 1, 0, 0, 1, 1, 1, 1, 0, 1, 0
0, 1, 0, 0, 1, 1, 1, 1, 1, 0, 0
0, 1, 0, 0, 1, 1, 1, 1, 1, 1, 0
0, 1, 0, 1, 0, 0, 0, 0, 0, 0, 1
0, 1, 0, 1, 0, 0, 0, 0, 0, 1, 1
0, 1, 0, 1, 0, 0, 0, 0, 1, 0, 1
0, 1, 0, 1, 0, 0, 0, 0, 1, 1, 1
0, 1, 0, 1, 0, 0, 0, 1, 0, 0, 1
0, 1, 0, 1, 0, 0, 0, 1, 0, 1, 1
0, 1, 0, 1, 0, 0, 0, 1, 1, 0, 1
0, 1, 0, 1, 0, 0, 0, 1, 1, 1, 1
0, 1, 0, 1, 0, 0, 1, 0, 0, 0, 0
0, 1, 0, 1, 0, 0, 1, 0, 0, 1, 0
0, 1, 0, 1, 0, 0, 1, 0, 1, 0, 0
0, 1, 0, 1, 0, 0, 1, 0, 1, 1, 0
0, 1, 0, 1, 0, 0, 1, 1, 0, 0, 0
0, 1, 0, 1, 0, 0, 1, 1, 0, 1, 0
0, 1, 0, 1, 0, 0, 1, 1, 1, 0, 0
0, 1, 0, 1, 0, 0, 1, 1, 1, 1, 0
0, 1, 0, 1, 0, 1, 0, 0, 0, 0, 1
0, 1, 0, 1, 0, 1, 0, 0, 0, 1, 1
0, 1, 0, 1, 0, 1, 0, 0, 1, 0, 1
0, 1, 0, 1, 0, 1, 0, 0, 1, 1, 1
0, 1, 0, 1, 0, 1, 0, 1, 0, 0, 1
0, 1, 0, 1, 0, 1, 0, 1, 0, 1, 1
0, 1, 0, 1, 0, 1, 0, 1, 1, 0, 1
0, 1, 0, 1, 0, 1, 0, 1, 1, 1, 1
0, 1, 0, 1, 0, 1, 1, 0, 0, 0, 0
0, 1, 0, 1, 0, 1, 1, 0, 0, 1, 0
0, 1, 0, 1, 0, 1, 1, 0, 1, 0, 0
0, 1, 0, 1, 0, 1, 1, 0, 1, 1, 0
0, 1, 0, 1, 0, 1, 1, 1, 0, 0, 0
0, 1, 0, 1, 0, 1, 1, 1, 0, 1, 0
0, 1, 0, 1, 0, 1, 1, 1, 1, 0, 0
0, 1, 0, 1, 0, 1, 1, 1, 1, 1, 0
0, 1, 0, 1, 1, 0, 0, 0, 0, 0, 1
0, 1, 0, 1, 1, 0, 0, 0, 0, 1, 1
0, 1, 0, 1, 1, 0, 0, 0, 1, 0, 1
0, 1, 0, 1, 1, 0, 0, 0, 1, 1, 1
0, 1, 0, 1, 1, 0, 0, 1, 0, 0, 1
0, 1, 0, 1, 1, 0, 0, 1, 0, 1, 1
0, 1, 0, 1, 1, 0, 0, 1, 1, 0, 1
0, 1, 0, 1, 1, 0, 0, 1, 1, 1, 1
0, 1, 0, 1, 1, 0, 1, 0, 0, 0, 0
0, 1, 0, 1, 1, 0, 1, 0, 0, 1, 0
0, 1, 0, 1, 1, 0, 1, 0, 1, 0, 0
0, 1, 0, 1, 1, 0, 1, 0, 1, 1, 0
0, 1, 0, 1, 1, 0, 1, 1, 0, 0, 0
0, 1, 0, 1, 1, 0, 1, 1, 0, 1, 0
0, 1, 0, 1, 1, 0, 1, 1, 1, 0, 0
0, 1, 0, 1, 1, 0, 1, 1, 1, 1, 0
0, 1, 0, 1, 1, 1, 0, 0, 0, 0, 1
0, 1, 0, 1, 1, 1, 0, 0, 0, 1, 1
0, 1, 0, 1, 1, 1, 0, 0, 1, 0, 1
0, 1, 0, 1, 1, 1, 0, 0, 1, 1, 1
0, 1, 0, 1, 1, 1, 0, 1, 0, 0, 1
0, 1, 0, 1, 1, 1, 0, 1, 0, 1, 1
0, 1, 0, 1, 1, 1, 0, 1, 1, 0, 1
0, 1, 0, 1, 1, 1, 0, 1, 1, 1, 1
0, 1, 0, 1, 1, 1, 1, 0, 0, 0, 0
0, 1, 0, 1, 1, 1, 1, 0, 0, 1, 0
0, 1, 0, 1, 1, 1, 1, 0, 1, 0, 0
0, 1, 0, 1, 1, 1, 1, 0, 1, 1, 0
0, 1, 0, 1, 1, 1, 1, 1, 0, 0, 0
0, 1, 0, 1, 1, 1, 1, 1, 0, 1, 0
0, 1, 0, 1, 1, 1, 1, 1, 1, 0, 0
0, 1, 0, 1, 1, 1, 1, 1, 1, 1, 0
0, 1, 1, 0, 0, 0, 0, 0, 0, 0, 0
0, 1, 1, 0, 0, 0, 0, 0, 0, 1, 0
0, 1, 1, 0, 0, 0, 0, 0, 1, 0, 0
0, 1, 1, 0, 0, 0, 0, 0, 1, 1, 0
0, 1, 1, 0, 0, 0, 0, 1, 0, 0, 0
0, 1, 1, 0, 0, 0, 0, 1, 0, 1, 0
0, 1, 1, 0, 0, 0, 0, 1, 1, 0, 0
0, 1, 1, 0, 0, 0, 0, 1, 1, 1, 0
0, 1, 1, 0, 0, 0, 1, 0, 0, 0, 0
0, 1, 1, 0, 0, 0, 1, 0, 0, 1, 0
0, 1, 1, 0, 0, 0, 1, 0, 1, 0, 0
0, 1, 1, 0, 0, 0, 1, 0, 1, 1, 0
0, 1, 1, 0, 0, 0, 1, 1, 0, 0, 0
0, 1, 1, 0, 0, 0, 1, 1, 0, 1, 0
0, 1, 1, 0, 0, 0, 1, 1, 1, 0, 0
0, 1, 1, 0, 0, 0, 1, 1, 1, 1, 0
0, 1, 1, 0, 0, 1, 0, 0, 0, 0, 0
0, 1, 1, 0, 0, 1, 0, 0, 0, 1, 0
0, 1, 1, 0, 0, 1, 0, 0, 1, 0, 0
0, 1, 1, 0, 0, 1, 0, 0, 1, 1, 0
0, 1, 1, 0, 0, 1, 0, 1, 0, 0, 0
0, 1, 1, 0, 0, 1, 0, 1, 0, 1, 0
0, 1, 1, 0, 0, 1, 0, 1, 1, 0, 0
0, 1, 1, 0, 0, 1, 0, 1, 1, 1, 0
0, 1, 1, 0, 0, 1, 1, 0, 0, 0, 0
0, 1, 1, 0, 0, 1, 1, 0, 0, 1, 0
0, 1, 1, 0, 0, 1, 1, 0, 1, 0, 0
0, 1, 1, 0, 0, 1, 1, 0, 1, 1, 0
0, 1, 1, 0, 0, 1, 1, 1, 0, 0, 0
0, 1, 1, 0, 0, 1, 1, 1, 0, 1, 0
0, 1, 1, 0, 0, 1, 1, 1, 1, 0, 0
0, 1, 1, 0, 0, 1, 1, 1, 1, 1, 0
0, 1, 1, 0, 1, 0, 0, 0, 0, 0, 0
0, 1, 1, 0, 1, 0, 0, 0, 0, 1, 0
0, 1, 1, 0, 1, 0, 0, 0, 1, 0, 0
0, 1, 1, 0, 1, 0, 0, 0, 1, 1, 0
0, 1, 1, 0, 1, 0, 0, 1, 0, 0, 0
0, 1, 1, 0, 1, 0, 0, 1, 0, 1, 0
0, 1, 1, 0, 1, 0, 0, 1, 1, 0, 0
0, 1, 1, 0, 1, 0, 0, 1, 1, 1, 0
0, 1, 1, 0, 1, 0, 1, 0, 0, 0, 0
0, 1, 1, 0, 1, 0, 1, 0, 0, 1, 0
0, 1, 1, 0, 1, 0, 1, 0, 1, 0, 0
0, 1, 1, 0, 1, 0, 1, 0, 1, 1, 0
0, 1, 1, 0, 1, 0, 1, 1, 0, 0, 0
0, 1, 1, 0, 1, 0, 1, 1, 0, 1, 0
0, 1, 1, 0, 1, 0, 1, 1, 1, 0, 0
0, 1, 1, 0, 1, 0, 1, 1, 1, 1, 0
0, 1, 1, 0, 1, 1, 0, 0, 0, 0, 0
0, 1, 1, 0, 1, 1, 0, 0, 0, 1, 0
0, 1, 1, 0, 1, 1, 0, 0, 1, 0, 0
0, 1, 1, 0, 1, 1, 0, 0, 1, 1, 0
0, 1, 1, 0, 1, 1, 0, 1, 0, 0, 0
0, 1, 1, 0, 1, 1, 0, 1, 0, 1, 0
0, 1, 1, 0, 1, 1, 0, 1, 1, 0, 0
0, 1, 1, 0, 1, 1, 0, 1, 1, 1, 0
0, 1, 1, 0, 1, 1, 1, 0, 0, 0, 0
0, 1, 1, 0, 1, 1, 1, 0, 0, 1, 0
0, 1, 1, 0, 1, 1, 1, 0, 1, 0, 0
0, 1, 1, 0, 1, 1, 1, 0, 1, 1, 0
0, 1, 1, 0, 1, 1, 1, 1, 0, 0, 0
0, 1, 1, 0, 1, 1, 1, 1, 0, 1, 0
0, 1, 1, 0, 1, 1, 1, 1, 1, 0, 0
0, 1, 1, 0, 1, 1, 1, 1, 1, 1, 0
0, 1, 1, 1, 0, 0, 0, 0, 0, 0, 0
0, 1, 1, 1, 0, 0, 0, 0, 0, 1, 0
0, 1, 1, 1, 0, 0, 0, 0, 1, 0, 0
0, 1, 1, 1, 0, 0, 0, 0, 1, 1, 0
0, 1, 1, 1, 0, 0, 0, 1, 0, 0, 0
0, 1, 1, 1, 0, 0, 0, 1, 0, 1, 0
0, 1, 1, 1, 0, 0, 0, 1, 1, 0, 0
0, 1, 1, 1, 0, 0, 0, 1, 1, 1, 0
0, 1, 1, 1, 0, 0, 1, 0, 0, 0, 0
0, 1, 1, 1, 0, 0, 1, 0, 0, 1, 0
0, 1, 1, 1, 0, 0, 1, 0, 1, 0, 0
0, 1, 1, 1, 0, 0, 1, 0, 1, 1, 0
0, 1, 1, 1, 0, 0, 1, 1, 0, 0, 0
0, 1, 1, 1, 0, 0, 1, 1, 0, 1, 0
0, 1, 1, 1, 0, 0, 1, 1, 1, 0, 0
0, 1, 1, 1, 0, 0, 1, 1, 1, 1, 0
0, 1, 1, 1, 0, 1, 0, 0, 0, 0, 0
0, 1, 1, 1, 0, 1, 0, 0, 0, 1, 0
0, 1, 1, 1, 0, 1, 0, 0, 1, 0, 0
0, 1, 1, 1, 0, 1, 0, 0, 1, 1, 0
0, 1, 1, 1, 0, 1, 0, 1, 0, 0, 0
0, 1, 1, 1, 0, 1, 0, 1, 0, 1, 0
0, 1, 1, 1, 0, 1, 0, 1, 1, 0, 0
0, 1, 1, 1, 0, 1, 0, 1, 1, 1, 0
0, 1, 1, 1, 0, 1, 1, 0, 0, 0, 0
0, 1, 1, 1, 0, 1, 1, 0, 0, 1, 0
0, 1, 1, 1, 0, 1, 1, 0, 1, 0, 0
0, 1, 1, 1, 0, 1, 1, 0, 1, 1, 0
0, 1, 1, 1, 0, 1, 1, 1, 0, 0, 0
0, 1, 1, 1, 0, 1, 1, 1, 0, 1, 0
0, 1, 1, 1, 0, 1, 1, 1, 1, 0, 0
0, 1, 1, 1, 0, 1, 1, 1, 1, 1, 0
0, 1, 1, 1, 1, 0, 0, 0, 0, 0, 0
0, 1, 1, 1, 1, 0, 0, 0, 0, 1, 0
0, 1, 1, 1, 1, 0, 0, 0, 1, 0, 0
0, 1, 1, 1, 1, 0, 0, 0, 1, 1, 0
0, 1, 1, 1, 1, 0, 0, 1, 0, 0, 0
0, 1, 1, 1, 1, 0, 0, 1, 0, 1, 0
0, 1, 1, 1, 1, 0, 0, 1, 1, 0, 0
0, 1, 1, 1, 1, 0, 0, 1, 1, 1, 0
0, 1, 1, 1, 1, 0, 1, 0, 0, 0, 0
0, 1, 1, 1, 1, 0, 1, 0, 0, 1, 0
0, 1, 1, 1, 1, 0, 1, 0, 1, 0, 0
0, 1, 1, 1, 1, 0, 1, 0, 1, 1, 0
0, 1, 1, 1, 1, 0, 1, 1, 0, 0, 0
0, 1, 1, 1, 1, 0, 1, 1, 0, 1, 0
0, 1, 1, 1, 1, 0, 1, 1, 1, 0, 0
0, 1, 1, 1, 1, 0, 1, 1, 1, 1, 0
0, 1, 1, 1, 1, 1, 0, 0, 0, 0, 0
0, 1, 1, 1, 1, 1, 0, 0, 0, 1, 0
0, 1, 1, 1, 1, 1, 0, 0, 1, 0, 0
0, 1, 1, 1, 1, 1, 0, 0, 1, 1, 0
0, 1, 1, 1, 1, 1, 0, 1, 0, 0, 0
0, 1, 1, 1, 1, 1, 0, 1, 0, 1, 0
0, 1, 1, 1, 1, 1, 0, 1, 1, 0, 0
0, 1, 1, 1, 1, 1, 0, 1, 1, 1, 0
0, 1, 1, 1, 1, 1, 1, 0, 0, 0, 0
0, 1, 1, 1, 1, 1, 1, 0, 0, 1, 0
0, 1, 1, 1, 1, 1, 1, 0, 1, 0, 0
0, 1, 1, 1, 1, 1, 1, 0, 1, 1, 0
0, 1, 1, 1, 1, 1, 1, 1, 0, 0, 0
0, 1, 1, 1, 1, 1, 1, 1, 0, 1, 0
0, 1, 1, 1, 1, 1, 1, 1, 1, 0, 0
0, 1, 1, 1, 1, 1, 1, 1, 1, 1, 0
1, 0, 0, 0, 0, 0, 0, 0, 0, 0, 0
1, 0, 0, 0, 0, 0, 0, 0, 0, 1, 0
1, 0, 0, 0, 0, 0, 0, 0, 1, 0, 0
1, 0, 0, 0, 0, 0, 0, 0, 1, 1, 0
1, 0, 0, 0, 0, 0, 0, 1, 0, 0, 1
1, 0, 0, 0, 0, 0, 0, 1, 0, 1, 1
1, 0, 0, 0, 0, 0, 0, 1, 1, 0, 1
1, 0, 0, 0, 0, 0, 0, 1, 1, 1, 1
1, 0, 0, 0, 0, 0, 1, 0, 0, 0, 0
1, 0, 0, 0, 0, 0, 1, 0, 0, 1, 0
1, 0, 0, 0, 0, 0, 1, 0, 1, 0, 0
1, 0, 0, 0, 0, 0, 1, 0, 1, 1, 0
1, 0, 0, 0, 0, 0, 1, 1, 0, 0, 0
1, 0, 0, 0, 0, 0, 1, 1, 0, 1, 0
1, 0, 0, 0, 0, 0, 1, 1, 1, 0, 0
1, 0, 0, 0, 0, 0, 1, 1, 1, 1, 0
1, 0, 0, 0, 0, 1, 0, 0, 0, 0, 0
1, 0, 0, 0, 0, 1, 0, 0, 0, 1, 0
1, 0, 0, 0, 0, 1, 0, 0, 1, 0, 0
1, 0, 0, 0, 0, 1, 0, 0, 1, 1, 0
1, 0, 0, 0, 0, 1, 0, 1, 0, 0, 1
1, 0, 0, 0, 0, 1, 0, 1, 0, 1, 1
1, 0, 0, 0, 0, 1, 0, 1, 1, 0, 1
1, 0, 0, 0, 0, 1, 0, 1, 1, 1, 1
1, 0, 0, 0, 0, 1, 1, 0, 0, 0, 0
1, 0, 0, 0, 0, 1, 1, 0, 0, 1, 0
1, 0, 0, 0, 0, 1, 1, 0, 1, 0, 0
1, 0, 0, 0, 0, 1, 1, 0, 1, 1, 0
1, 0, 0, 0, 0, 1, 1, 1, 0, 0, 0
1, 0, 0, 0, 0, 1, 1, 1, 0, 1, 0
1, 0, 0, 0, 0, 1, 1, 1, 1, 0, 0
1, 0, 0, 0, 0, 1, 1, 1, 1, 1, 0
1, 0, 0, 0, 1, 0, 0, 0, 0, 0, 0
1, 0, 0, 0, 1, 0, 0, 0, 0, 1, 0
1, 0, 0, 0, 1, 0, 0, 0, 1, 0, 0
1, 0, 0, 0, 1, 0, 0, 0, 1, 1, 0
1, 0, 0, 0, 1, 0, 0, 1, 0, 0, 1
1, 0, 0, 0, 1, 0, 0, 1, 0, 1, 1
1, 0, 0, 0, 1, 0, 0, 1, 1, 0, 1
1, 0, 0, 0, 1, 0, 0, 1, 1, 1, 1
1, 0, 0, 0, 1, 0, 1, 0, 0, 0, 0
1, 0, 0, 0, 1, 0, 1, 0, 0, 1, 0
1, 0, 0, 0, 1, 0, 1, 0, 1, 0, 0
1, 0, 0, 0, 1, 0, 1, 0, 1, 1, 0
1, 0, 0, 0, 1, 0, 1, 1, 0, 0, 0
1, 0, 0, 0, 1, 0, 1, 1, 0, 1, 0
1, 0, 0, 0, 1, 0, 1, 1, 1, 0, 0
1, 0, 0, 0, 1, 0, 1, 1, 1, 1, 0
1, 0, 0, 0, 1, 1, 0, 0, 0, 0, 0
1, 0, 0, 0, 1, 1, 0, 0, 0, 1, 0
1, 0, 0, 0, 1, 1, 0, 0, 1, 0, 0
1, 0, 0, 0, 1, 1, 0, 0, 1, 1, 1
1, 0, 0, 0, 1, 1, 0, 1, 0, 0, 1
1, 0, 0, 0, 1, 1, 0, 1, 0, 1, 1
1, 0, 0, 0, 1, 1, 0, 1, 1, 0, 1
1, 0, 0, 0, 1, 1, 0, 1, 1, 1, 1
1, 0, 0, 0, 1, 1, 1, 0, 0, 0, 0
1, 0, 0, 0, 1, 1, 1, 0, 0, 1, 0
1, 0, 0, 0, 1, 1, 1, 0, 1, 0, 0
1, 0, 0, 0, 1, 1, 1, 0, 1, 1, 0
1, 0, 0, 0, 1, 1, 1, 1, 0, 0, 0
1, 0, 0, 0, 1, 1, 1, 1, 0, 1, 0
1, 0, 0, 0, 1, 1, 1, 1, 1, 0, 0
1, 0, 0, 0, 1, 1, 1, 1, 1, 1, 0
1, 0, 0, 1, 0, 0, 0, 0, 0, 0, 1
1, 0, 0, 1, 0, 0, 0, 0, 0, 1, 1
1, 0, 0, 1, 0, 0, 0, 0, 1, 0, 1
1, 0, 0, 1, 0, 0, 0, 0, 1, 1, 1
1, 0, 0, 1, 0, 0, 0, 1, 0, 0, 1
1, 0, 0, 1, 0, 0, 0, 1, 0, 1, 1
1, 0, 0, 1, 0, 0, 0, 1, 1, 0, 1
1, 0, 0, 1, 0, 0, 0, 1, 1, 1, 1
1, 0, 0, 1, 0, 0, 1, 0, 0, 0, 0
1, 0, 0, 1, 0, 0, 1, 0, 0, 1, 0
1, 0, 0, 1, 0, 0, 1, 0, 1, 0, 0
1, 0, 0, 1, 0, 0, 1, 0, 1, 1, 0
1, 0, 0, 1, 0, 0, 1, 1, 0, 0, 0
1, 0, 0, 1, 0, 0, 1, 1, 0, 1, 0
1, 0, 0, 1, 0, 0, 1, 1, 1, 0, 0
1, 0, 0, 1, 0, 0, 1, 1, 1, 1, 0
1, 0, 0, 1, 0, 1, 0, 0, 0, 0, 1
1, 0, 0, 1, 0, 1, 0, 0, 0, 1, 1
1, 0, 0, 1, 0, 1, 0, 0, 1, 0, 1
1, 0, 0, 1, 0, 1, 0, 0, 1, 1, 1
1, 0, 0, 1, 0, 1, 0, 1, 0, 0, 1
1, 0, 0, 1, 0, 1, 0, 1, 0, 1, 1
1, 0, 0, 1, 0, 1, 0, 1, 1, 0, 1
1, 0, 0, 1, 0, 1, 0, 1, 1, 1, 1
1, 0, 0, 1, 0, 1, 1, 0, 0, 0, 0
1, 0, 0, 1, 0, 1, 1, 0, 0, 1, 0
1, 0, 0, 1, 0, 1, 1, 0, 1, 0, 0
1, 0, 0, 1, 0, 1, 1, 0, 1, 1, 0
1, 0, 0, 1, 0, 1, 1, 1, 0, 0, 0
1, 0, 0, 1, 0, 1, 1, 1, 0, 1, 0
1, 0, 0, 1, 0, 1, 1, 1, 1, 0, 0
1, 0, 0, 1, 0, 1, 1, 1, 1, 1, 0
1, 0, 0, 1, 1, 0, 0, 0, 0, 0, 1
1, 0, 0, 1, 1, 0, 0, 0, 0, 1, 1
1, 0, 0, 1, 1, 0, 0, 0, 1, 0, 1
1, 0, 0, 1, 1, 0, 0, 0, 1, 1, 1
1, 0, 0, 1, 1, 0, 0, 1, 0, 0, 1
1, 0, 0, 1, 1, 0, 0, 1, 0, 1, 1
1, 0, 0, 1, 1, 0, 0, 1, 1, 0, 1
1, 0, 0, 1, 1, 0, 0, 1, 1, 1, 1
1, 0, 0, 1, 1, 0, 1, 0, 0, 0, 0
1, 0, 0, 1, 1, 0, 1, 0, 0, 1, 0
1, 0, 0, 1, 1, 0, 1, 0, 1, 0, 0
1, 0, 0, 1, 1, 0, 1, 0, 1, 1, 0
1, 0, 0, 1, 1, 0, 1, 1, 0, 0, 0
1, 0, 0, 1, 1, 0, 1, 1, 0, 1, 0
1, 0, 0, 1, 1, 0, 1, 1, 1, 0, 0
1, 0, 0, 1, 1, 0, 1, 1, 1, 1, 0
1, 0, 0, 1, 1, 1, 0, 0, 0, 0, 1
1, 0, 0, 1, 1, 1, 0, 0, 0, 1, 1
1, 0, 0, 1, 1, 1, 0, 0, 1, 0, 1
1, 0, 0, 1, 1, 1, 0, 0, 1, 1, 1
1, 0, 0, 1, 1, 1, 0, 1, 0, 0, 1
1, 0, 0, 1, 1, 1, 0, 1, 0, 1, 1
1, 0, 0, 1, 1, 1, 0, 1, 1, 0, 1
1, 0, 0, 1, 1, 1, 0, 1, 1, 1, 1
1, 0, 0, 1, 1, 1, 1, 0, 0, 0, 0
1, 0, 0, 1, 1, 1, 1, 0, 0, 1, 0
1, 0, 0, 1, 1, 1, 1, 0, 1, 0, 0
1, 0, 0, 1, 1, 1, 1, 0, 1, 1, 0
1, 0, 0, 1, 1, 1, 1, 1, 0, 0, 0
1, 0, 0, 1, 1, 1, 1, 1, 0, 1, 0
1, 0, 0, 1, 1, 1, 1, 1, 1, 0, 0
1, 0, 0, 1, 1, 1, 1, 1, 1, 1, 0
1, 0, 1, 0, 0, 0, 0, 0, 0, 0, 0
1, 0, 1, 0, 0, 0, 0, 0, 0, 1, 0
1, 0, 1, 0, 0, 0, 0, 0, 1, 0, 0
1, 0, 1, 0, 0, 0, 0, 0, 1, 1, 0
1, 0, 1, 0, 0, 0, 0, 1, 0, 0, 0
1, 0, 1, 0, 0, 0, 0, 1, 0, 1, 0
1, 0, 1, 0, 0, 0, 0, 1, 1, 0, 0
1, 0, 1, 0, 0, 0, 0, 1, 1, 1, 0
1, 0, 1, 0, 0, 0, 1, 0, 0, 0, 0
1, 0, 1, 0, 0, 0, 1, 0, 0, 1, 0
1, 0, 1, 0, 0, 0, 1, 0, 1, 0, 0
1, 0, 1, 0, 0, 0, 1, 0, 1, 1, 0
1, 0, 1, 0, 0, 0, 1, 1, 0, 0, 0
1, 0, 1, 0, 0, 0, 1, 1, 0, 1, 0
1, 0, 1, 0, 0, 0, 1, 1, 1, 0, 0
1, 0, 1, 0, 0, 0, 1, 1, 1, 1, 0
1, 0, 1, 0, 0, 1, 0, 0, 0, 0, 0
1, 0, 1, 0, 0, 1, 0, 0, 0, 1, 0
1, 0, 1, 0, 0, 1, 0, 0, 1, 0, 0
1, 0, 1, 0, 0, 1, 0, 0, 1, 1, 0
1, 0, 1, 0, 0, 1, 0, 1, 0, 0, 0
1, 0, 1, 0, 0, 1, 0, 1, 0, 1, 0
1, 0, 1, 0, 0, 1, 0, 1, 1, 0, 0
1, 0, 1, 0, 0, 1, 0, 1, 1, 1, 0
1, 0, 1, 0, 0, 1, 1, 0, 0, 0, 0
1, 0, 1, 0, 0, 1, 1, 0, 0, 1, 0
1, 0, 1, 0, 0, 1, 1, 0, 1, 0, 0
1, 0, 1, 0, 0, 1, 1, 0, 1, 1, 0
1, 0, 1, 0, 0, 1, 1, 1, 0, 0, 0
1, 0, 1, 0, 0, 1, 1, 1, 0, 1, 0
1, 0, 1, 0, 0, 1, 1, 1, 1, 0, 0
1, 0, 1, 0, 0, 1, 1, 1, 1, 1, 0
1, 0, 1, 0, 1, 0, 0, 0, 0, 0, 0
1, 0, 1, 0, 1, 0, 0, 0, 0, 1, 0
1, 0, 1, 0, 1, 0, 0, 0, 1, 0, 0
1, 0, 1, 0, 1, 0, 0, 0, 1, 1, 0
1, 0, 1, 0, 1, 0, 0, 1, 0, 0, 0
1, 0, 1, 0, 1, 0, 0, 1, 0, 1, 0
1, 0, 1, 0, 1, 0, 0, 1, 1, 0, 0
1, 0, 1, 0, 1, 0, 0, 1, 1, 1, 0
1, 0, 1, 0, 1, 0, 1, 0, 0, 0, 0
1, 0, 1, 0, 1, 0, 1, 0, 0, 1, 0
1, 0, 1, 0, 1, 0, 1, 0, 1, 0, 0
1, 0, 1, 0, 1, 0, 1, 0, 1, 1, 0
1, 0, 1, 0, 1, 0, 1, 1, 0, 0, 0
1, 0, 1, 0, 1, 0, 1, 1, 0, 1, 0
1, 0, 1, 0, 1, 0, 1, 1, 1, 0, 0
1, 0, 1, 0, 1, 0, 1, 1, 1, 1, 0
1, 0, 1, 0, 1, 1, 0, 0, 0, 0, 0
1, 0, 1, 0, 1, 1, 0, 0, 0, 1, 0
1, 0, 1, 0, 1, 1, 0, 0, 1, 0, 0
1, 0, 1, 0, 1, 1, 0, 0, 1, 1, 0
1, 0, 1, 0, 1, 1, 0, 1, 0, 0, 0
1, 0, 1, 0, 1, 1, 0, 1, 0, 1, 0
1, 0, 1, 0, 1, 1, 0, 1, 1, 0, 0
1, 0, 1, 0, 1, 1, 0, 1, 1, 1, 0
1, 0, 1, 0, 1, 1, 1, 0, 0, 0, 0
1, 0, 1, 0, 1, 1, 1, 0, 0, 1, 0
1, 0, 1, 0, 1, 1, 1, 0, 1, 0, 0
1, 0, 1, 0, 1, 1, 1, 0, 1, 1, 0
1, 0, 1, 0, 1, 1, 1, 1, 0, 0, 0
1, 0, 1, 0, 1, 1, 1, 1, 0, 1, 0
1, 0, 1, 0, 1, 1, 1, 1, 1, 0, 0
1, 0, 1, 0, 1, 1, 1, 1, 1, 1, 0
1, 0, 1, 1, 0, 0, 0, 0, 0, 0, 0
1, 0, 1, 1, 0, 0, 0, 0, 0, 1, 0
1, 0, 1, 1, 0, 0, 0, 0, 1, 0, 0
1, 0, 1, 1, 0, 0, 0, 0, 1, 1, 0
1, 0, 1, 1, 0, 0, 0, 1, 0, 0, 0
1, 0, 1, 1, 0, 0, 0, 1, 0, 1, 0
1, 0, 1, 1, 0, 0, 0, 1, 1, 0, 0
1, 0, 1, 1, 0, 0, 0, 1, 1, 1, 0
1, 0, 1, 1, 0, 0, 1, 0, 0, 0, 0
1, 0, 1, 1, 0, 0, 1, 0, 0, 1, 0
1, 0, 1, 1, 0, 0, 1, 0, 1, 0, 0
1, 0, 1, 1, 0, 0, 1, 0, 1, 1, 0
1, 0, 1, 1, 0, 0, 1, 1, 0, 0, 0
1, 0, 1, 1, 0, 0, 1, 1, 0, 1, 0
1, 0, 1, 1, 0, 0, 1, 1, 1, 0, 0
1, 0, 1, 1, 0, 0, 1, 1, 1, 1, 0
1, 0, 1, 1, 0, 1, 0, 0, 0, 0, 0
1, 0, 1, 1, 0, 1, 0, 0, 0, 1, 0
1, 0, 1, 1, 0, 1, 0, 0, 1, 0, 0
1, 0, 1, 1, 0, 1, 0, 0, 1, 1, 0
1, 0, 1, 1, 0, 1, 0, 1, 0, 0, 0
1, 0, 1, 1, 0, 1, 0, 1, 0, 1, 0
1, 0, 1, 1, 0, 1, 0, 1, 1, 0, 0
1, 0, 1, 1, 0, 1, 0, 1, 1, 1, 0
1, 0, 1, 1, 0, 1, 1, 0, 0, 0, 0
1, 0, 1, 1, 0, 1, 1, 0, 0, 1, 0
1, 0, 1, 1, 0, 1, 1, 0, 1, 0, 0
1, 0, 1, 1, 0, 1, 1, 0, 1, 1, 0
1, 0, 1, 1, 0, 1, 1, 1, 0, 0, 0
1, 0, 1, 1, 0, 1, 1, 1, 0, 1, 0
1, 0, 1, 1, 0, 1, 1, 1, 1, 0, 0
1, 0, 1, 1, 0, 1, 1, 1, 1, 1, 0
1, 0, 1, 1, 1, 0, 0, 0, 0, 0, 0
1, 0, 1, 1, 1, 0, 0, 0, 0, 1, 0
1, 0, 1, 1, 1, 0, 0, 0, 1, 0, 0
1, 0, 1, 1, 1, 0, 0, 0, 1, 1, 0
1, 0, 1, 1, 1, 0, 0, 1, 0, 0, 0
1, 0, 1, 1, 1, 0, 0, 1, 0, 1, 0
1, 0, 1, 1, 1, 0, 0, 1, 1, 0, 0
1, 0, 1, 1, 1, 0, 0, 1, 1, 1, 0
1, 0, 1, 1, 1, 0, 1, 0, 0, 0, 0
1, 0, 1, 1, 1, 0, 1, 0, 0, 1, 0
1, 0, 1, 1, 1, 0, 1, 0, 1, 0, 0
1, 0, 1, 1, 1, 0, 1, 0, 1, 1, 0
1, 0, 1, 1, 1, 0, 1, 1, 0, 0, 0
1, 0, 1, 1, 1, 0, 1, 1, 0, 1, 0
1, 0, 1, 1, 1, 0, 1, 1, 1, 0, 0
1, 0, 1, 1, 1, 0, 1, 1, 1, 1, 0
1, 0, 1, 1, 1, 1, 0, 0, 0, 0, 0
1, 0, 1, 1, 1, 1, 0, 0, 0, 1, 0
1, 0, 1, 1, 1, 1, 0, 0, 1, 0, 0
1, 0, 1, 1, 1, 1, 0, 0, 1, 1, 0
1, 0, 1, 1, 1, 1, 0, 1, 0, 0, 0
1, 0, 1, 1, 1, 1, 0, 1, 0, 1, 0
1, 0, 1, 1, 1, 1, 0, 1, 1, 0, 0
1, 0, 1, 1, 1, 1, 0, 1, 1, 1, 0
1, 0, 1, 1, 1, 1, 1, 0, 0, 0, 0
1, 0, 1, 1, 1, 1, 1, 0, 0, 1, 0
1, 0, 1, 1, 1, 1, 1, 0, 1, 0, 0
1, 0, 1, 1, 1, 1, 1, 0, 1, 1, 0
1, 0, 1, 1, 1, 1, 1, 1, 0, 0, 0
1, 0, 1, 1, 1, 1, 1, 1, 0, 1, 0
1, 0, 1, 1, 1, 1, 1, 1, 1, 0, 0
1, 0, 1, 1, 1, 1, 1, 1, 1, 1, 0
1, 1, 0, 0, 0, 0, 0, 0, 0, 0, 1
1, 1, 0, 0, 0, 0, 0, 0, 0, 1, 1
1, 1, 0, 0, 0, 0, 0, 0, 1, 0, 1
1, 1, 0, 0, 0, 0, 0, 0, 1, 1, 1
1, 1, 0, 0, 0, 0, 0, 1, 0, 0, 1
1, 1, 0, 0, 0, 0, 0, 1, 0, 1, 1
1, 1, 0, 0, 0, 0, 0, 1, 1, 0, 1
1, 1, 0, 0, 0, 0, 0, 1, 1, 1, 1
1, 1, 0, 0, 0, 0, 1, 0, 0, 0, 0
1, 1, 0, 0, 0, 0, 1, 0, 0, 1, 0
1, 1, 0, 0, 0, 0, 1, 0, 1, 0, 0
1, 1, 0, 0, 0, 0, 1, 0, 1, 1, 0
1, 1, 0, 0, 0, 0, 1, 1, 0, 0, 0
1, 1, 0, 0, 0, 0, 1, 1, 0, 1, 0
1, 1, 0, 0, 0, 0, 1, 1, 1, 0, 0
1, 1, 0, 0, 0, 0, 1, 1, 1, 1, 0
1, 1, 0, 0, 0, 1, 0, 0, 0, 0, 1
1, 1, 0, 0, 0, 1, 0, 0, 0, 1, 1
1, 1, 0, 0, 0, 1, 0, 0, 1, 0, 1
1, 1, 0, 0, 0, 1, 0, 0, 1, 1, 1
1, 1, 0, 0, 0, 1, 0, 1, 0, 0, 1
1, 1, 0, 0, 0, 1, 0, 1, 0, 1, 1
1, 1, 0, 0, 0, 1, 0, 1, 1, 0, 1
1, 1, 0, 0, 0, 1, 0, 1, 1, 1, 1
1, 1, 0, 0, 0, 1, 1, 0, 0, 0, 0
1, 1, 0, 0, 0, 1, 1, 0, 0, 1, 0
1, 1, 0, 0, 0, 1, 1, 0, 1, 0, 0
1, 1, 0, 0, 0, 1, 1, 0, 1, 1, 0
1, 1, 0, 0, 0, 1, 1, 1, 0, 0, 0
1, 1, 0, 0, 0, 1, 1, 1, 0, 1, 0
1, 1, 0, 0, 0, 1, 1, 1, 1, 0, 0
1, 1, 0, 0, 0, 1, 1, 1, 1, 1, 0
1, 1, 0, 0, 1, 0, 0, 0, 0, 0, 1
1, 1, 0, 0, 1, 0, 0, 0, 0, 1, 1
1, 1, 0, 0, 1, 0, 0, 0, 1, 0, 1
1, 1, 0, 0, 1, 0, 0, 0, 1, 1, 1
1, 1, 0, 0, 1, 0, 0, 1, 0, 0, 1
1, 1, 0, 0, 1, 0, 0, 1, 0, 1, 1
1, 1, 0, 0, 1, 0, 0, 1, 1, 0, 1
1, 1, 0, 0, 1, 0, 0, 1, 1, 1, 1
1, 1, 0, 0, 1, 0, 1, 0, 0, 0, 0
1, 1, 0, 0, 1, 0, 1, 0, 0, 1, 0
1, 1, 0, 0, 1, 0, 1, 0, 1, 0, 0
1, 1, 0, 0, 1, 0, 1, 0, 1, 1, 0
1, 1, 0, 0, 1, 0, 1, 1, 0, 0, 0
1, 1, 0, 0, 1, 0, 1, 1, 0, 1, 0
1, 1, 0, 0, 1, 0, 1, 1, 1, 0, 0
1, 1, 0, 0, 1, 0, 1, 1, 1, 1, 0
1, 1, 0, 0, 1, 1, 0, 0, 0, 0, 1
1, 1, 0, 0, 1, 1, 0, 0, 0, 1, 1
1, 1, 0, 0, 1, 1, 0, 0, 1, 0, 1
1, 1, 0, 0, 1, 1, 0, 0, 1, 1, 1
1, 1, 0, 0, 1, 1, 0, 1, 0, 0, 1
1, 1, 0, 0, 1, 1, 0, 1, 0, 1, 1
1, 1, 0, 0, 1, 1, 0, 1, 1, 0, 1
1, 1, 0, 0, 1, 1, 0, 1, 1, 1, 1
1, 1, 0, 0, 1, 1, 1, 0, 0, 0, 0
1, 1, 0, 0, 1, 1, 1, 0, 0, 1, 0
1, 1, 0, 0, 1, 1, 1, 0, 1, 0, 0
1, 1, 0, 0, 1, 1, 1, 0, 1, 1, 0
1, 1, 0, 0, 1, 1, 1, 1, 0, 0, 0
1, 1, 0, 0, 1, 1, 1, 1, 0, 1, 0
1, 1, 0, 0, 1, 1, 1, 1, 1, 0, 0
1, 1, 0, 0, 1, 1, 1, 1, 1, 1, 0
1, 1, 0, 1, 0, 0, 0, 0, 0, 0, 1
1, 1, 0, 1, 0, 0, 0, 0, 0, 1, 1
1, 1, 0, 1, 0, 0, 0, 0, 1, 0, 1
1, 1, 0, 1, 0, 0, 0, 0, 1, 1, 1
1, 1, 0, 1, 0, 0, 0, 1, 0, 0, 1
1, 1, 0, 1, 0, 0, 0, 1, 0, 1, 1
1, 1, 0, 1, 0, 0, 0, 1, 1, 0, 1
1, 1, 0, 1, 0, 0, 0, 1, 1, 1, 1
1, 1, 0, 1, 0, 0, 1, 0, 0, 0, 0
1, 1, 0, 1, 0, 0, 1, 0, 0, 1, 0
1, 1, 0, 1, 0, 0, 1, 0, 1, 0, 0
1, 1, 0, 1, 0, 0, 1, 0, 1, 1, 0
1, 1, 0, 1, 0, 0, 1, 1, 0, 0, 0
1, 1, 0, 1, 0, 0, 1, 1, 0, 1, 0
1, 1, 0, 1, 0, 0, 1, 1, 1, 0, 0
1, 1, 0, 1, 0, 0, 1, 1, 1, 1, 0
1, 1, 0, 1, 0, 1, 0, 0, 0, 0, 1
1, 1, 0, 1, 0, 1, 0, 0, 0, 1, 1
1, 1, 0, 1, 0, 1, 0, 0, 1, 0, 1
1, 1, 0, 1, 0, 1, 0, 0, 1, 1, 1
1, 1, 0, 1, 0, 1, 0, 1, 0, 0, 1
1, 1, 0, 1, 0, 1, 0, 1, 0, 1, 1
1, 1, 0, 1, 0, 1, 0, 1, 1, 0, 1
1, 1, 0, 1, 0, 1, 0, 1, 1, 1, 1
1, 1, 0, 1, 0, 1, 1, 0, 0, 0, 0
1, 1, 0, 1, 0, 1, 1, 0, 0, 1, 0
1, 1, 0, 1, 0, 1, 1, 0, 1, 0, 0
1, 1, 0, 1, 0, 1, 1, 0, 1, 1, 0
1, 1, 0, 1, 0, 1, 1, 1, 0, 0, 0
1, 1, 0, 1, 0, 1, 1, 1, 0, 1, 0
1, 1, 0, 1, 0, 1, 1, 1, 1, 0, 0
1, 1, 0, 1, 0, 1, 1, 1, 1, 1, 0
1, 1, 0, 1, 1, 0, 0, 0, 0, 0, 1
1, 1, 0, 1, 1, 0, 0, 0, 0, 1, 1
1, 1, 0, 1, 1, 0, 0, 0, 1, 0, 1
1, 1, 0, 1, 1, 0, 0, 0, 1, 1, 1
1, 1, 0, 1, 1, 0, 0, 1, 0, 0, 1
1, 1, 0, 1, 1, 0, 0, 1, 0, 1, 1
1, 1, 0, 1, 1, 0, 0, 1, 1, 0, 1
1, 1, 0, 1, 1, 0, 0, 1, 1, 1, 1
1, 1, 0, 1, 1, 0, 1, 0, 0, 0, 0
1, 1, 0, 1, 1, 0, 1, 0, 0, 1, 0
1, 1, 0, 1, 1, 0, 1, 0, 1, 0, 0
1, 1, 0, 1, 1, 0, 1, 0, 1, 1, 0
1, 1, 0, 1, 1, 0, 1, 1, 0, 0, 0
1, 1, 0, 1, 1, 0, 1, 1, 0, 1, 0
1, 1, 0, 1, 1, 0, 1, 1, 1, 0, 0
1, 1, 0, 1, 1, 0, 1, 1, 1, 1, 0
1, 1, 0, 1, 1, 1, 0, 0, 0, 0, 1
1, 1, 0, 1, 1, 1, 0, 0, 0, 1, 1
1, 1, 0, 1, 1, 1, 0, 0, 1, 0, 1
1, 1, 0, 1, 1, 1, 0, 0, 1, 1, 1
1, 1, 0, 1, 1, 1, 0, 1, 0, 0, 1
1, 1, 0, 1, 1, 1, 0, 1, 0, 1, 1
1, 1, 0, 1, 1, 1, 0, 1, 1, 0, 1
1, 1, 0, 1, 1, 1, 0, 1, 1, 1, 1
1, 1, 0, 1, 1, 1, 1, 0, 0, 0, 0
1, 1, 0, 1, 1, 1, 1, 0, 0, 1, 0
1, 1, 0, 1, 1, 1, 1, 0, 1, 0, 0
1, 1, 0, 1, 1, 1, 1, 0, 1, 1, 0
1, 1, 0, 1, 1, 1, 1, 1, 0, 0, 0
1, 1, 0, 1, 1, 1, 1, 1, 0, 1, 0
1, 1, 0, 1, 1, 1, 1, 1, 1, 0, 0
1, 1, 0, 1, 1, 1, 1, 1, 1, 1, 0
1, 1, 1, 0, 0, 0, 0, 0, 0, 0, 0
1, 1, 1, 0, 0, 0, 0, 0, 0, 1, 0
1, 1, 1, 0, 0, 0, 0, 0, 1, 0, 0
1, 1, 1, 0, 0, 0, 0, 0, 1, 1, 0
1, 1, 1, 0, 0, 0, 0, 1, 0, 0, 0
1, 1, 1, 0, 0, 0, 0, 1, 0, 1, 0
1, 1, 1, 0, 0, 0, 0, 1, 1, 0, 0
1, 1, 1, 0, 0, 0, 0, 1, 1, 1, 0
1, 1, 1, 0, 0, 0, 1, 0, 0, 0, 0
1, 1, 1, 0, 0, 0, 1, 0, 0, 1, 0
1, 1, 1, 0, 0, 0, 1, 0, 1, 0, 0
1, 1, 1, 0, 0, 0, 1, 0, 1, 1, 0
1, 1, 1, 0, 0, 0, 1, 1, 0, 0, 0
1, 1, 1, 0, 0, 0, 1, 1, 0, 1, 0
1, 1, 1, 0, 0, 0, 1, 1, 1, 0, 0
1, 1, 1, 0, 0, 0, 1, 1, 1, 1, 0
1, 1, 1, 0, 0, 1, 0, 0, 0, 0, 0
1, 1, 1, 0, 0, 1, 0, 0, 0, 1, 0
1, 1, 1, 0, 0, 1, 0, 0, 1, 0, 0
1, 1, 1, 0, 0, 1, 0, 0, 1, 1, 0
1, 1, 1, 0, 0, 1, 0, 1, 0, 0, 0
1, 1, 1, 0, 0, 1, 0, 1, 0, 1, 0
1, 1, 1, 0, 0, 1, 0, 1, 1, 0, 0
1, 1, 1, 0, 0, 1, 0, 1, 1, 1, 0
1, 1, 1, 0, 0, 1, 1, 0, 0, 0, 0
1, 1, 1, 0, 0, 1, 1, 0, 0, 1, 0
1, 1, 1, 0, 0, 1, 1, 0, 1, 0, 0
1, 1, 1, 0, 0, 1, 1, 0, 1, 1, 0
1, 1, 1, 0, 0, 1, 1, 1, 0, 0, 0
1, 1, 1, 0, 0, 1, 1, 1, 0, 1, 0
1, 1, 1, 0, 0, 1, 1, 1, 1, 0, 0
1, 1, 1, 0, 0, 1, 1, 1, 1, 1, 0
1, 1, 1, 0, 1, 0, 0, 0, 0, 0, 0
1, 1, 1, 0, 1, 0, 0, 0, 0, 1, 0
1, 1, 1, 0, 1, 0, 0, 0, 1, 0, 0
1, 1, 1, 0, 1, 0, 0, 0, 1, 1, 0
1, 1, 1, 0, 1, 0, 0, 1, 0, 0, 0
1, 1, 1, 0, 1, 0, 0, 1, 0, 1, 0
1, 1, 1, 0, 1, 0, 0, 1, 1, 0, 0
1, 1, 1, 0, 1, 0, 0, 1, 1, 1, 0
1, 1, 1, 0, 1, 0, 1, 0, 0, 0, 0
1, 1, 1, 0, 1, 0, 1, 0, 0, 1, 0
1, 1, 1, 0, 1, 0, 1, 0, 1, 0, 0
1, 1, 1, 0, 1, 0, 1, 0, 1, 1, 0
1, 1, 1, 0, 1, 0, 1, 1, 0, 0, 0
1, 1, 1, 0, 1, 0, 1, 1, 0, 1, 0
1, 1, 1, 0, 1, 0, 1, 1, 1, 0, 0
1, 1, 1, 0, 1, 0, 1, 1, 1, 1, 0
1, 1, 1, 0, 1, 1, 0, 0, 0, 0, 0
1, 1, 1, 0, 1, 1, 0, 0, 0, 1, 0
1, 1, 1, 0, 1, 1, 0, 0, 1, 0, 0
1, 1, 1, 0, 1, 1, 0, 0, 1, 1, 0
1, 1, 1, 0, 1, 1, 0, 1, 0, 0, 0
1, 1, 1, 0, 1, 1, 0, 1, 0, 1, 0
1, 1, 1, 0, 1, 1, 0, 1, 1, 0, 0
1, 1, 1, 0, 1, 1, 0, 1, 1, 1, 0
1, 1, 1, 0, 1, 1, 1, 0, 0, 0, 0
1, 1, 1, 0, 1, 1, 1, 0, 0, 1, 0
1, 1, 1, 0, 1, 1, 1, 0, 1, 0, 0
1, 1, 1, 0, 1, 1, 1, 0, 1, 1, 0
1, 1, 1, 0, 1, 1, 1, 1, 0, 0, 0
1, 1, 1, 0, 1, 1, 1, 1, 0, 1, 0
1, 1, 1, 0, 1, 1, 1, 1, 1, 0, 0
1, 1, 1, 0, 1, 1, 1, 1, 1, 1, 0
1, 1, 1, 1, 0, 0, 0, 0, 0, 0, 0
1, 1, 1, 1, 0, 0, 0, 0, 0, 1, 0
1, 1, 1, 1, 0, 0, 0, 0, 1, 0, 0
1, 1, 1, 1, 0, 0, 0, 0, 1, 1, 0
1, 1, 1, 1, 0, 0, 0, 1, 0, 0, 0
1, 1, 1, 1, 0, 0, 0, 1, 0, 1, 0
1, 1, 1, 1, 0, 0, 0, 1, 1, 0, 0
1, 1, 1, 1, 0, 0, 0, 1, 1, 1, 0
1, 1, 1, 1, 0, 0, 1, 0, 0, 0, 0
1, 1, 1, 1, 0, 0, 1, 0, 0, 1, 0
1, 1, 1, 1, 0, 0, 1, 0, 1, 0, 0
1, 1, 1, 1, 0, 0, 1, 0, 1, 1, 0
1, 1, 1, 1, 0, 0, 1, 1, 0, 0, 0
1, 1, 1, 1, 0, 0, 1, 1, 0, 1, 0
1, 1, 1, 1, 0, 0, 1, 1, 1, 0, 0
1, 1, 1, 1, 0, 0, 1, 1, 1, 1, 0
1, 1, 1, 1, 0, 1, 0, 0, 0, 0, 0
1, 1, 1, 1, 0, 1, 0, 0, 0, 1, 0
1, 1, 1, 1, 0, 1, 0, 0, 1, 0, 0
1, 1, 1, 1, 0, 1, 0, 0, 1, 1, 0
1, 1, 1, 1, 0, 1, 0, 1, 0, 0, 0
1, 1, 1, 1, 0, 1, 0, 1, 0, 1, 0
1, 1, 1, 1, 0, 1, 0, 1, 1, 0, 0
1, 1, 1, 1, 0, 1, 0, 1, 1, 1, 0
1, 1, 1, 1, 0, 1, 1, 0, 0, 0, 0
1, 1, 1, 1, 0, 1, 1, 0, 0, 1, 0
1, 1, 1, 1, 0, 1, 1, 0, 1, 0, 0
1, 1, 1, 1, 0, 1, 1, 0, 1, 1, 0
1, 1, 1, 1, 0, 1, 1, 1, 0, 0, 0
1, 1, 1, 1, 0, 1, 1, 1, 0, 1, 0
1, 1, 1, 1, 0, 1, 1, 1, 1, 0, 0
1, 1, 1, 1, 0, 1, 1, 1, 1, 1, 0
1, 1, 1, 1, 1, 0, 0, 0, 0, 0, 0
1, 1, 1, 1, 1, 0, 0, 0, 0, 1, 0
1, 1, 1, 1, 1, 0, 0, 0, 1, 0, 0
1, 1, 1, 1, 1, 0, 0, 0, 1, 1, 0
1, 1, 1, 1, 1, 0, 0, 1, 0, 0, 0
1, 1, 1, 1, 1, 0, 0, 1, 0, 1, 0
1, 1, 1, 1, 1, 0, 0, 1, 1, 0, 0
1, 1, 1, 1, 1, 0, 0, 1, 1, 1, 0
1, 1, 1, 1, 1, 0, 1, 0, 0, 0, 0
1, 1, 1, 1, 1, 0, 1, 0, 0, 1, 0
1, 1, 1, 1, 1, 0, 1, 0, 1, 0, 0
1, 1, 1, 1, 1, 0, 1, 0, 1, 1, 0
1, 1, 1, 1, 1, 0, 1, 1, 0, 0, 0
1, 1, 1, 1, 1, 0, 1, 1, 0, 1, 0
1, 1, 1, 1, 1, 0, 1, 1, 1, 0, 0
1, 1, 1, 1, 1, 0, 1, 1, 1, 1, 0
1, 1, 1, 1, 1, 1, 0, 0, 0, 0, 0
1, 1, 1, 1, 1, 1, 0, 0, 0, 1, 0
1, 1, 1, 1, 1, 1, 0, 0, 1, 0, 0
1, 1, 1, 1, 1, 1, 0, 0, 1, 1, 0
1, 1, 1, 1, 1, 1, 0, 1, 0, 0, 0
1, 1, 1, 1, 1, 1, 0, 1, 0, 1, 0
1, 1, 1, 1, 1, 1, 0, 1, 1, 0, 0
1, 1, 1, 1, 1, 1, 0, 1, 1, 1, 0
1, 1, 1, 1, 1, 1, 1, 0, 0, 0, 0
1, 1, 1, 1, 1, 1, 1, 0, 0, 1, 0
1, 1, 1, 1, 1, 1, 1, 0, 1, 0, 0
1, 1, 1, 1, 1, 1, 1, 0, 1, 1, 0
1, 1, 1, 1, 1, 1, 1, 1, 0, 0, 0
1, 1, 1, 1, 1, 1, 1, 1, 0, 1, 0
1, 1, 1, 1, 1, 1, 1, 1, 1, 0, 0
1, 1, 1, 1, 1, 1, 1, 1, 1, 1, 0
# IFNGR (IFNG, IFNGR1, IFNGR2, IFNG_e, IFNGR)
0, 0, 0, 0, 0
0, 0, 0, 1, 0
0, 0, 1, 0, 0
0, 0, 1, 1, 0
0, 1, 0, 0, 0
0, 1, 0, 1, 0
0, 1, 1, 0, 0
0, 1, 1, 1, 1
1, 0, 0, 0, 0
1, 0, 0, 1, 0
1, 0, 1, 0, 0
1, 0, 1, 1, 0
1, 1, 0, 0, 0
1, 1, 0, 1, 0
1, 1, 1, 0, 1
1, 1, 1, 1, 1
# IKB (IKKcomplex, IKB)
0, 1
1, 0
# IKKcomplex (Bcl10_Carma1_MALTI, NIK, TCR, IKKcomplex)
0, 0, 0, 0
0, 0, 1, 1
0, 1, 0, 1
0, 1, 1, 1
1, 0, 0, 1
1, 0, 1, 1
1, 1, 0, 1
1, 1, 1, 1
# IL10 (GATA3, NFAT, STAT3, proliferation, IL10)
0, 0, 0, 0, 0
0, 0, 0, 1, 0
0, 0, 1, 0, 0
0, 0, 1, 1, 0
0, 1, 0, 0, 0
0, 1, 0, 1, 0
0, 1, 1, 0, 0
0, 1, 1, 1, 1
1, 0, 0, 0, 0
1, 0, 0, 1, 0
1, 0, 1, 0, 0
1, 0, 1, 1, 0
1, 1, 0, 0, 0
1, 1, 0, 1, 1
1, 1, 1, 0, 0
1, 1, 1, 1, 1
# IL10R (IL10, IL10RA, IL10RB, IL10_e, IL10R)
0, 0, 0, 0, 0
0, 0, 0, 1, 0
0, 0, 1, 0, 0
0, 0, 1, 1, 0
0, 1, 0, 0, 0
0, 1, 0, 1, 0
0, 1, 1, 0, 0
0, 1, 1, 1, 1
1, 0, 0, 0, 0
1, 0, 0, 1, 0
1, 0, 1, 0, 0
1, 0, 1, 1, 0
1, 1, 0, 0, 0
1, 1, 0, 1, 0
1, 1, 1, 0, 1
1, 1, 1, 1, 1
# IL12RB1 (IL12_e, IRF1, IL12RB1)
0, 0, 0
0, 1, 1
1, 0, 1
1, 1, 1
# IL12RB2 (IL12_e, STAT6, IL12RB2)
0, 0, 0
0, 1, 0
1, 0, 1
1, 1, 1
# IL15R (CGC, IL15RA, IL15_e, IL2RB, IL15R)
0, 0, 0, 0, 0
0, 0, 0, 1, 0
0, 0, 1, 0, 0
0, 0, 1, 1, 0
0, 1, 0, 0, 0
0, 1, 0, 1, 0
0, 1, 1, 0, 0
0, 1, 1, 1, 0
1, 0, 0, 0, 0
1, 0, 0, 1, 0
1, 0, 1, 0, 0
1, 0, 1, 1, 0
1, 1, 0, 0, 0
1, 1, 0, 1, 0
1, 1, 1, 0, 0
1, 1, 1, 1, 1
# IL17 (FOXP3, NFAT, NFKB, RORGT, STAT1, STAT3, STAT5, STAT6, proliferation, IL17)
0, 0, 0, 0, 0, 0, 0, 0, 0, 0
0, 0, 0, 0, 0, 0, 0, 0, 1, 0
0, 0, 0, 0, 0, 0, 0, 1, 0, 0
0, 0, 0, 0, 0, 0, 0, 1, 1, 0
0, 0, 0, 0, 0, 0, 1, 0, 0, 0
0, 0, 0, 0, 0, 0, 1, 0, 1, 0
0, 0, 0, 0, 0, 0, 1, 1, 0, 0
0, 0, 0, 0, 0, 0, 1, 1, 1, 0
0, 0, 0, 0, 0, 1, 0, 0, 0, 0
0, 0, 0, 0, 0, 1, 0, 0, 1, 0
0, 0, 0, 0, 0, 1, 0, 1, 0, 0
0, 0, 0, 0, 0, 1, 0, 1, 1, 0
0, 0, 0, 0, 0, 1, 1, 0, 0, 0
0, 0, 0, 0, 0, 1, 1, 0, 1, 0
0, 0, 0, 0, 0, 1, 1, 1, 0, 0
0, 0, 0, 0, 0, 1, 1, 1, 1, 0
0, 0, 0, 0, 1, 0, 0, 0, 0, 0
0, 0, 0, 0, 1, 0, 0, 0, 1, 0
0, 0, 0, 0, 1, 0, 0, 1, 0, 0
0, 0, 0, 0, 1, 0, 0, 1, 1, 0
0, 0, 0, 0, 1, 0, 1, 0, 0, 0
0, 0, 0, 0, 1, 0, 1, 0, 1, 0
0, 0, 0, 0, 1, 0, 1, 1, 0, 0
0, 0, 0, 0, 1, 0, 1, 1, 1, 0
0, 0, 0, 0, 1, 1, 0, 0, 0, 0
0, 0, 0, 0, 1, 1, 0, 0, 1, 0
0, 0, 0, 0, 1, 1, 0, 1, 0, 0
0, 0, 0, 0, 1, 1, 0, 1, 1, 0
0, 0, 0, 0, 1, 1, 1, 0, 0, 0
0, 0, 0, 0, 1, 1, 1, 0, 1, 0
0, 0, 0, 0, 1, 1, 1, 1, 0, 0
0, 0, 0, 0, 1, 1, 1, 1, 1, 0
0, 0, 0, 1, 0, 0, 0, 0, 0, 0
0, 0, 0, 1, 0, 0, 0, 0, 1, 0
0, 0, 0, 1, 0, 0, 0, 1, 0, 0
0, 0, 0, 1, 0, 0, 0, 1, 1, 0
0, 0, 0, 1, 0, 0, 1, 0, 0, 0
0, 0, 0, 1, 0, 0, 1, 0, 1, 0
0, 0, 0, 1, 0, 0, 1, 1, 0, 0
0, 0, 0, 1, 0, 0, 1, 1, 1, 0
0, 0, 0, 1, 0, 1, 0, 0, 0, 0
0, 0, 0, 1, 0, 1, 0, 0, 1, 0
0, 0, 0, 1, 0, 1, 0, 1, 0, 0
0, 0, 0, 1, 0, 1, 0, 1, 1, 0
0, 0, 0, 1, 0, 1, 1, 0, 0, 0
0, 0, 0, 1, 0, 1, 1, 0, 1, 0
0, 0, 0, 1, 0, 1, 1, 1, 0, 0
0, 0, 0, 1, 0, 1, 1, 1, 1, 0
0, 0, 0, 1, 1, 0, 0, 0, 0, 0
0, 0, 0, 1, 1, 0, 0, 0, 1, 0
0, 0, 0, 1, 1, 0, 0, 1, 0, 0
0, 0, 0, 1, 1, 0, 0, 1, 1, 0
0, 0, 0, 1, 1, 0, 1, 0, 0, 0
0, 0, 0, 1, 1, 0, 1, 0, 1, 0
0, 0, 0, 1, 1, 0, 1, 1, 0, 0
0, 0, 0, 1, 1, 0, 1, 1, 1, 0
0, 0, 0, 1, 1, 1, 0, 0, 0, 0
0, 0, 0, 1, 1, 1, 0, 0, 1, 0
0, 0, 0, 1, 1, 1, 0, 1, 0, 0
0, 0, 0, 1, 1, 1, 0, 1, 1, 0
0, 0, 0, 1, 1, 1, 1, 0, 0, 0
0, 0, 0, 1, 1, 1, 1, 0, 1, 0
0, 0, 0, 1, 1, 1, 1, 1, 0, 0
0, 0, 0, 1, 1, 1, 1, 1, 1, 0
0, 0, 1, 0, 0, 0, 0, 0, 0, 0
0, 0, 1, 0, 0, 0, 0, 0, 1, 0
0, 0, 1, 0, 0, 0, 0, 1, 0, 0
0, 0, 1, 0, 0, 0, 0, 1, 1, 0
0, 0, 1, 0, 0, 0, 1, 0, 0, 0
0, 0, 1, 0, 0, 0, 1, 0, 1, 0
0, 0, 1, 0, 0, 0, 1, 1, 0, 0
0, 0, 1, 0, 0, 0, 1, 1, 1, 0
0, 0, 1, 0, 0, 1, 0, 0, 0, 0
0, 0, 1, 0, 0, 1, 0, 0, 1, 0
0, 0, 1, 0, 0, 1, 0, 1, 0, 0
0, 0, 1, 0, 0, 1, 0, 1, 1, 0
0, 0, 1, 0, 0, 1, 1, 0, 0, 0
0, 0, 1, 0, 0, 1, 1, 0, 1, 0
0, 0, 1, 0, 0, 1, 1, 1, 0, 0
0, 0, 1, 0, 0, 1, 1, 1, 1, 0
0, 0, 1, 0, 1, 0, 0, 0, 0, 0
0, 0, 1, 0, 1, 0, 0, 0, 1, 0
0, 0, 1, 0, 1, 0, 0, 1, 0, 0
0, 0, 1, 0, 1, 0, 0, 1, 1, 0
0, 0, 1, 0, 1, 0, 1, 0, 0, 0
0, 0, 1, 0, 1, 0, 1, 0, 1, 0
0, 0, 1, 0, 1, 0, 1, 1, 0, 0
0, 0, 1, 0, 1, 0, 1, 1, 1, 0
0, 0, 1, 0, 1, 1, 0, 0, 0, 0
0, 0, 1, 0, 1, 1, 0, 0, 1, 0
0, 0, 1, 0, 1, 1, 0, 1, 0, 0
0, 0, 1, 0, 1, 1, 0, 1, 1, 0
0, 0, 1, 0, 1, 1, 1, 0, 0, 0
0, 0, 1, 0, 1, 1, 1, 0, 1, 0
0, 0, 1, 0, 1, 1, 1, 1, 0, 0
0, 0, 1, 0, 1, 1, 1, 1, 1, 0
0, 0, 1, 1, 0, 0, 0, 0, 0, 0
0, 0, 1, 1, 0, 0, 0, 0, 1, 0
0, 0, 1, 1, 0, 0, 0, 1, 0, 0
0, 0, 1, 1, 0, 0, 0, 1, 1, 0
0, 0, 1, 1, 0, 0, 1, 0, 0, 0
0, 0, 1, 1, 0, 0, 1, 0, 1, 0
0, 0, 1, 1, 0, 0, 1, 1, 0, 0
0, 0, 1, 1, 0, 0, 1, 1, 1, 0
0, 0, 1, 1, 0, 1, 0, 0, 0, 0
0, 0, 1, 1, 0, 1, 0, 0, 1, 0
0, 0, 1, 1, 0, 1, 0, 1, 0, 0
0, 0, 1, 1, 0, 1, 0, 1, 1, 0
0, 0, 1, 1, 0, 1, 1, 0, 0, 0
0, 0, 1, 1, 0, 1, 1, 0, 1, 0
0, 0, 1, 1, 0, 1, 1, 1, 0, 0
0, 0, 1, 1, 0, 1, 1, 1, 1, 0
0, 0, 1, 1, 1, 0, 0, 0, 0, 0
0, 0, 1, 1, 1, 0, 0, 0, 1, 0
0, 0, 1, 1, 1, 0, 0, 1, 0, 0
0, 0, 1, 1, 1, 0, 0, 1, 1, 0
0, 0, 1, 1, 1, 0, 1, 0, 0, 0
0, 0, 1, 1, 1, 0, 1, 0, 1, 0
0, 0, 1, 1, 1, 0, 1, 1, 0, 0
0, 0, 1, 1, 1, 0, 1, 1, 1, 0
0, 0, 1, 1, 1, 1, 0, 0, 0, 0
0, 0, 1, 1, 1, 1, 0, 0, 1, 0
0, 0, 1, 1, 1, 1, 0, 1, 0, 0
0, 0, 1, 1, 1, 1, 0, 1, 1, 0
0, 0, 1, 1, 1, 1, 1, 0, 0, 0
0, 0, 1, 1, 1, 1, 1, 0, 1, 0
0, 0, 1, 1, 1, 1, 1, 1, 0, 0
0, 0, 1, 1, 1, 1, 1, 1, 1, 0
0, 1, 0, 0, 0, 0, 0, 0, 0, 0
0, 1, 0, 0, 0, 0, 0, 0, 1, 0
0, 1, 0, 0, 0, 0, 0, 1, 0, 0
0, 1, 0, 0, 0, 0, 0, 1, 1, 0
0, 1, 0, 0, 0, 0, 1, 0, 0, 0
0, 1, 0, 0, 0, 0, 1, 0, 1, 0
0, 1, 0, 0, 0, 0, 1, 1, 0, 0
0, 1, 0, 0, 0, 0, 1, 1, 1, 0
0, 1, 0, 0, 0, 1, 0, 0, 0, 0
0, 1, 0, 0, 0, 1, 0, 0, 1, 0
0, 1, 0, 0, 0, 1, 0, 1, 0, 0
0, 1, 0, 0, 0, 1, 0, 1, 1, 0
0, 1, 0, 0, 0, 1, 1, 0, 0, 0
0, 1, 0, 0, 0, 1, 1, 0, 1, 0
0, 1, 0, 0, 0, 1, 1, 1, 0, 0
0, 1, 0, 0, 0, 1, 1, 1, 1, 0
0, 1, 0, 0, 1, 0, 0, 0, 0, 0
0, 1, 0, 0, 1, 0, 0, 0, 1, 0
0, 1, 0, 0, 1, 0, 0, 1, 0, 0
0, 1, 0, 0, 1, 0, 0, 1, 1, 0
0, 1, 0, 0, 1, 0, 1, 0, 0, 0
0, 1, 0, 0, 1, 0, 1, 0, 1, 0
0, 1, 0, 0, 1, 0, 1, 1, 0, 0
0, 1, 0, 0, 1, 0, 1, 1, 1, 0
0, 1, 0, 0, 1, 1, 0, 0, 0, 0
0, 1, 0, 0, 1, 1, 0, 0, 1, 0
0, 1, 0, 0, 1, 1, 0, 1, 0, 0
0, 1, 0, 0, 1, 1, 0, 1, 1, 0
0, 1, 0, 0, 1, 1, 1, 0, 0, 0
0, 1, 0, 0, 1, 1, 1, 0, 1, 0
0, 1, 0, 0, 1, 1, 1, 1, 0, 0
0, 1, 0, 0, 1, 1, 1, 1, 1, 0
0, 1, 0, 1, 0, 0, 0, 0, 0, 0
0, 1, 0, 1, 0, 0, 0, 0, 1, 0
0, 1, 0, 1, 0, 0, 0, 1, 0, 0
0, 1, 0, 1, 0, 0, 0, 1, 1, 0
0, 1, 0, 1, 0, 0, 1, 0, 0, 0
0, 1, 0, 1, 0, 0, 1, 0, 1, 0
0, 1, 0, 1, 0, 0, 1, 1, 0, 0
0, 1, 0, 1, 0, 0, 1, 1, 1, 0
0, 1, 0, 1, 0, 1, 0, 0, 0, 0
0, 1, 0, 1, 0, 1, 0, 0, 1, 0
0, 1, 0, 1, 0, 1, 0, 1, 0, 0
0, 1, 0, 1, 0, 1, 0, 1, 1, 0
0, 1, 0, 1, 0, 1, 1, 0, 0, 0
0, 1, 0, 1, 0, 1, 1, 0, 1, 0
0, 1, 0, 1, 0, 1, 1, 1, 0, 0
0, 1, 0, 1, 0, 1, 1, 1, 1, 0
0, 1, 0, 1, 1, 0, 0, 0, 0, 0
0, 1, 0, 1, 1, 0, 0, 0, 1, 0
0, 1, 0, 1, 1, 0, 0, 1, 0, 0
0, 1, 0, 1, 1, 0, 0, 1, 1, 0
0, 1, 0, 1, 1, 0, 1, 0, 0, 0
0, 1, 0, 1, 1, 0, 1, 0, 1, 0
0, 1, 0, 1, 1, 0, 1, 1, 0, 0
0, 1, 0, 1, 1, 0, 1, 1, 1, 0
0, 1, 0, 1, 1, 1, 0, 0, 0, 0
0, 1, 0, 1, 1, 1, 0, 0, 1, 0
0, 1, 0, 1, 1, 1, 0, 1, 0, 0
0, 1, 0, 1, 1, 1, 0, 1, 1, 0
0, 1, 0, 1, 1, 1, 1, 0, 0, 0
0, 1, 0, 1, 1, 1, 1, 0, 1, 0
0, 1, 0, 1, 1, 1, 1, 1, 0, 0
0, 1, 0, 1, 1, 1, 1, 1, 1, 0
0, 1, 1, 0, 0, 0, 0, 0, 0, 0
0, 1, 1, 0, 0, 0, 0, 0, 1, 0
0, 1, 1, 0, 0, 0, 0, 1, 0, 0
0, 1, 1, 0, 0, 0, 0, 1, 1, 0
0, 1, 1, 0, 0, 0, 1, 0, 0, 0
0, 1, 1, 0, 0, 0, 1, 0, 1, 0
0, 1, 1, 0, 0, 0, 1, 1, 0, 0
0, 1, 1, 0, 0, 0, 1, 1, 1, 0
0, 1, 1, 0, 0, 1, 0, 0, 0, 0
0, 1, 1, 0, 0, 1, 0, 0, 1, 0
0, 1, 1, 0, 0, 1, 0, 1, 0, 0
0, 1, 1, 0, 0, 1, 0, 1, 1, 0
0, 1, 1, 0, 0, 1, 1, 0, 0, 0
0, 1, 1, 0, 0, 1, 1, 0, 1, 0
0, 1, 1, 0, 0, 1, 1, 1, 0, 0
0, 1, 1, 0, 0, 1, 1, 1, 1, 0
0, 1, 1, 0, 1, 0, 0, 0, 0, 0
0, 1, 1, 0, 1, 0, 0, 0, 1, 0
0, 1, 1, 0, 1, 0, 0, 1, 0, 0
0, 1, 1, 0, 1, 0, 0, 1, 1, 0
0, 1, 1, 0, 1, 0, 1, 0, 0, 0
0, 1, 1, 0, 1, 0, 1, 0, 1, 0
0, 1, 1, 0, 1, 0, 1, 1, 0, 0
0, 1, 1, 0, 1, 0, 1, 1, 1, 0
0, 1, 1, 0, 1, 1, 0, 0, 0, 0
0, 1, 1, 0, 1, 1, 0, 0, 1, 0
0, 1, 1, 0, 1, 1, 0, 1, 0, 0
0, 1, 1, 0, 1, 1, 0, 1, 1, 0
0, 1, 1, 0, 1, 1, 1, 0, 0, 0
0, 1, 1, 0, 1, 1, 1, 0, 1, 0
0, 1, 1, 0, 1, 1, 1, 1, 0, 0
0, 1, 1, 0, 1, 1, 1, 1, 1, 0
0, 1, 1, 1, 0, 0, 0, 0, 0, 0
0, 1, 1, 1, 0, 0, 0, 0, 1, 0
0, 1, 1, 1, 0, 0, 0, 1, 0, 0
0, 1, 1, 1, 0, 0, 0, 1, 1, 0
0, 1, 1, 1, 0, 0, 1, 0, 0, 0
0, 1, 1, 1, 0, 0, 1, 0, 1, 0
0, 1, 1, 1, 0, 0, 1, 1, 0, 0
0, 1, 1, 1, 0, 0, 1, 1, 1, 0
0, 1, 1, 1, 0, 1, 0, 0, 0, 0
0, 1, 1, 1, 0, 1, 0, 0, 1, 1
0, 1, 1, 1, 0, 1, 0, 1, 0, 0
0, 1, 1, 1, 0, 1, 0, 1, 1, 1
0, 1, 1, 1, 0, 1, 1, 0, 0, 0
0, 1, 1, 1, 0, 1, 1, 0, 1, 1
0, 1, 1, 1, 0, 1, 1, 1, 0, 0
0, 1, 1, 1, 0, 1, 1, 1, 1, 1
0, 1, 1, 1, 1, 0, 0, 0, 0, 0
0, 1, 1, 1, 1, 0, 0, 0, 1, 0
0, 1, 1, 1, 1, 0, 0, 1, 0, 0
0, 1, 1, 1, 1, 0, 0, 1, 1, 0
0, 1, 1, 1, 1, 0, 1, 0, 0, 0
0, 1, 1, 1, 1, 0, 1, 0, 1, 0
0, 1, 1, 1, 1, 0, 1, 1, 0, 0
0, 1, 1, 1, 1, 0, 1, 1, 1, 0
0, 1, 1, 1, 1, 1, 0, 0, 0, 0
0, 1, 1, 1, 1, 1, 0, 0, 1, 1
0, 1, 1, 1, 1, 1, 0, 1, 0, 0
0, 1, 1, 1, 1, 1, 0, 1, 1, 1
0, 1, 1, 1, 1, 1, 1, 0, 0, 0
0, 1, 1, 1, 1, 1, 1, 0, 1, 1
0, 1, 1, 1, 1, 1, 1, 1, 0, 0
0, 1, 1, 1, 1, 1, 1, 1, 1, 1
1, 0, 0, 0, 0, 0, 0, 0, 0, 0
1, 0, 0, 0, 0, 0, 0, 0, 1, 0
1, 0, 0, 0, 0, 0, 0, 1, 0, 0
1, 0, 0, 0, 0, 0, 0, 1, 1, 0
1, 0, 0, 0, 0, 0, 1, 0, 0, 0
1, 0, 0, 0, 0, 0, 1, 0, 1, 0
1, 0, 0, 0, 0, 0, 1, 1, 0, 0
1, 0, 0, 0, 0, 0, 1, 1, 1, 0
1, 0, 0, 0, 0, 1, 0, 0, 0, 0
1, 0, 0, 0, 0, 1, 0, 0, 1, 0
1, 0, 0, 0, 0, 1, 0, 1, 0, 0
1, 0, 0, 0, 0, 1, 0, 1, 1, 0
1, 0, 0, 0, 0, 1, 1, 0, 0, 0
1, 0, 0, 0, 0, 1, 1, 0, 1, 0
1, 0, 0, 0, 0, 1, 1, 1, 0, 0
1, 0, 0, 0, 0, 1, 1, 1, 1, 0
1, 0, 0, 0, 1, 0, 0, 0, 0, 0
1, 0, 0, 0, 1, 0, 0, 0, 1, 0
1, 0, 0, 0, 1, 0, 0, 1, 0, 0
1, 0, 0, 0, 1, 0, 0, 1, 1, 0
1, 0, 0, 0, 1, 0, 1, 0, 0, 0
1, 0, 0, 0, 1, 0, 1, 0, 1, 0
1, 0, 0, 0, 1, 0, 1, 1, 0, 0
1, 0, 0, 0, 1, 0, 1, 1, 1, 0
1, 0, 0, 0, 1, 1, 0, 0, 0, 0
1, 0, 0, 0, 1, 1, 0, 0, 1, 0
1, 0, 0, 0, 1, 1, 0, 1, 0, 0
1, 0, 0, 0, 1, 1, 0, 1, 1, 0
1, 0, 0, 0, 1, 1, 1, 0, 0, 0
1, 0, 0, 0, 1, 1, 1, 0, 1, 0
1, 0, 0, 0, 1, 1, 1, 1, 0, 0
1, 0, 0, 0, 1, 1, 1, 1, 1, 0
1, 0, 0, 1, 0, 0, 0, 0, 0, 0
1, 0, 0, 1, 0, 0, 0, 0, 1, 0
1, 0, 0, 1, 0, 0, 0, 1, 0, 0
1, 0, 0, 1, 0, 0, 0, 1, 1, 0
1, 0, 0, 1, 0, 0, 1, 0, 0, 0
1, 0, 0, 1, 0, 0, 1, 0, 1, 0
1, 0, 0, 1, 0, 0, 1, 1, 0, 0
1, 0, 0, 1, 0, 0, 1, 1, 1, 0
1, 0, 0, 1, 0, 1, 0, 0, 0, 0
1, 0, 0, 1, 0, 1, 0, 0, 1, 0
1, 0, 0, 1, 0, 1, 0, 1, 0, 0
1, 0, 0, 1, 0, 1, 0, 1, 1, 0
1, 0, 0, 1, 0, 1, 1, 0, 0, 0
1, 0, 0, 1, 0, 1, 1, 0, 1, 0
1, 0, 0, 1, 0, 1, 1, 1, 0, 0
1, 0, 0, 1, 0, 1, 1, 1, 1, 0
1, 0, 0, 1, 1, 0, 0, 0, 0, 0
1, 0, 0, 1, 1, 0, 0, 0, 1, 0
1, 0, 0, 1, 1, 0, 0, 1, 0, 0
1, 0, 0, 1, 1, 0, 0, 1, 1, 0
1, 0, 0, 1, 1, 0, 1, 0, 0, 0
1, 0, 0, 1, 1, 0, 1, 0, 1, 0
1, 0, 0, 1, 1, 0, 1, 1, 0, 0
1, 0, 0, 1, 1, 0, 1, 1, 1, 0
1, 0, 0, 1, 1, 1, 0, 0, 0, 0
1, 0, 0, 1, 1, 1, 0, 0, 1, 0
1, 0, 0, 1, 1, 1, 0, 1, 0, 0
1, 0, 0, 1, 1, 1, 0, 1, 1, 0
1, 0, 0, 1, 1, 1, 1, 0, 0, 0
1, 0, 0, 1, 1, 1, 1, 0, 1, 0
1, 0, 0, 1, 1, 1, 1, 1, 0, 0
1, 0, 0, 1, 1, 1, 1, 1, 1, 0
1, 0, 1, 0, 0, 0, 0, 0, 0, 0
1, 0, 1, 0, 0, 0, 0, 0, 1, 0
1, 0, 1, 0, 0, 0, 0, 1, 0, 0
1, 0, 1, 0, 0, 0, 0, 1, 1, 0
1, 0, 1, 0, 0, 0, 1, 0, 0, 0
1, 0, 1, 0, 0, 0, 1, 0, 1, 0
1, 0, 1, 0, 0, 0, 1, 1, 0, 0
1, 0, 1, 0, 0, 0, 1, 1, 1, 0
1, 0, 1, 0, 0, 1, 0, 0, 0, 0
1, 0, 1, 0, 0, 1, 0, 0, 1, 0
1, 0, 1, 0, 0, 1, 0, 1, 0, 0
1, 0, 1, 0, 0, 1, 0, 1, 1, 0
1, 0, 1, 0, 0, 1, 1, 0, 0, 0
1, 0, 1, 0, 0, 1, 1, 0, 1, 0
1, 0, 1, 0, 0, 1, 1, 1, 0, 0
1, 0, 1, 0, 0, 1, 1, 1, 1, 0
1, 0, 1, 0, 1, 0, 0, 0, 0, 0
1, 0, 1, 0, 1, 0, 0, 0, 1, 0
1, 0, 1, 0, 1, 0, 0, 1, 0, 0
1, 0, 1, 0, 1, 0, 0, 1, 1, 0
1, 0, 1, 0, 1, 0, 1, 0, 0, 0
1, 0, 1, 0, 1, 0, 1, 0, 1, 0
1, 0, 1, 0, 1, 0, 1, 1, 0, 0
1, 0, 1, 0, 1, 0, 1, 1, 1, 0
1, 0, 1, 0, 1, 1, 0, 0, 0, 0
1, 0, 1, 0, 1, 1, 0, 0, 1, 0
1, 0, 1, 0, 1, 1, 0, 1, 0, 0
1, 0, 1, 0, 1, 1, 0, 1, 1, 0
1, 0, 1, 0, 1, 1, 1, 0, 0, 0
1, 0, 1, 0, 1, 1, 1, 0, 1, 0
1, 0, 1, 0, 1, 1, 1, 1, 0, 0
1, 0, 1, 0, 1, 1, 1, 1, 1, 0
1, 0, 1, 1, 0, 0, 0, 0, 0, 0
1, 0, 1, 1, 0, 0, 0, 0, 1, 0
1, 0, 1, 1, 0, 0, 0, 1, 0, 0
1, 0, 1, 1, 0, 0, 0, 1, 1, 0
1, 0, 1, 1, 0, 0, 1, 0, 0, 0
1, 0, 1, 1, 0, 0, 1, 0, 1, 0
1, 0, 1, 1, 0, 0, 1, 1, 0, 0
1, 0, 1, 1, 0, 0, 1, 1, 1, 0
1, 0, 1, 1, 0, 1, 0, 0, 0, 0
1, 0, 1, 1, 0, 1, 0, 0, 1, 0
1, 0, 1, 1, 0, 1, 0, 1, 0, 0
1, 0, 1, 1, 0, 1, 0, 1, 1, 0
1, 0, 1, 1, 0, 1, 1, 0, 0, 0
1, 0, 1, 1, 0, 1, 1, 0, 1, 0
1, 0, 1, 1, 0, 1, 1, 1, 0, 0
1, 0, 1, 1, 0, 1, 1, 1, 1, 0
1, 0, 1, 1, 1, 0, 0, 0, 0, 0
1, 0, 1, 1, 1, 0, 0, 0, 1, 0
1, 0, 1, 1, 1, 0, 0, 1, 0, 0
1, 0, 1, 1, 1, 0, 0, 1, 1, 0
1, 0, 1, 1, 1, 0, 1, 0, 0, 0
1, 0, 1, 1, 1, 0, 1, 0, 1, 0
1, 0, 1, 1, 1, 0, 1, 1, 0, 0
1, 0, 1, 1, 1, 0, 1, 1, 1, 0
1, 0, 1, 1, 1, 1, 0, 0, 0, 0
1, 0, 1, 1, 1, 1, 0, 0, 1, 0
1, 0, 1, 1, 1, 1, 0, 1, 0, 0
1, 0, 1, 1, 1, 1, 0, 1, 1, 0
1, 0, 1, 1, 1, 1, 1, 0, 0, 0
1, 0, 1, 1, 1, 1, 1, 0, 1, 0
1, 0, 1, 1, 1, 1, 1, 1, 0, 0
1, 0, 1, 1, 1, 1, 1, 1, 1, 0
1, 1, 0, 0, 0, 0, 0, 0, 0, 0
1, 1, 0, 0, 0, 0, 0, 0, 1, 0
1, 1, 0, 0, 0, 0, 0, 1, 0, 0
1, 1, 0, 0, 0, 0, 0, 1, 1, 0
1, 1, 0, 0, 0, 0, 1, 0, 0, 0
1, 1, 0, 0, 0, 0, 1, 0, 1, 0
1, 1, 0, 0, 0, 0, 1, 1, 0, 0
1, 1, 0, 0, 0, 0, 1, 1, 1, 0
1, 1, 0, 0, 0, 1, 0, 0, 0, 0
1, 1, 0, 0, 0, 1, 0, 0, 1, 0
1, 1, 0, 0, 0, 1, 0, 1, 0, 0
1, 1, 0, 0, 0, 1, 0, 1, 1, 0
1, 1, 0, 0, 0, 1, 1, 0, 0, 0
1, 1, 0, 0, 0, 1, 1, 0, 1, 0
1, 1, 0, 0, 0, 1, 1, 1, 0, 0
1, 1, 0, 0, 0, 1, 1, 1, 1, 0
1, 1, 0, 0, 1, 0, 0, 0, 0, 0
1, 1, 0, 0, 1, 0, 0, 0, 1, 0
1, 1, 0, 0, 1, 0, 0, 1, 0, 0
1, 1, 0, 0, 1, 0, 0, 1, 1, 0
1, 1, 0, 0, 1, 0, 1, 0, 0, 0
1, 1, 0, 0, 1, 0, 1, 0, 1, 0
1, 1, 0, 0, 1, 0, 1, 1, 0, 0
1, 1, 0, 0, 1, 0, 1, 1, 1, 0
1, 1, 0, 0, 1, 1, 0, 0, 0, 0
1, 1, 0, 0, 1, 1, 0, 0, 1, 0
1, 1, 0, 0, 1, 1, 0, 1, 0, 0
1, 1, 0, 0, 1, 1, 0, 1, 1, 0
1, 1, 0, 0, 1, 1, 1, 0, 0, 0
1, 1, 0, 0, 1, 1, 1, 0, 1, 0
1, 1, 0, 0, 1, 1, 1, 1, 0, 0
1, 1, 0, 0, 1, 1, 1, 1, 1, 0
1, 1, 0, 1, 0, 0, 0, 0, 0, 0
1, 1, 0, 1, 0, 0, 0, 0, 1, 0
1, 1, 0, 1, 0, 0, 0, 1, 0, 0
1, 1, 0, 1, 0, 0, 0, 1, 1, 0
1, 1, 0, 1, 0, 0, 1, 0, 0, 0
1, 1, 0, 1, 0, 0, 1, 0, 1, 0
1, 1, 0, 1, 0, 0, 1, 1, 0, 0
1, 1, 0, 1, 0, 0, 1, 1, 1, 0
1, 1, 0, 1, 0, 1, 0, 0, 0, 0
1, 1, 0, 1, 0, 1, 0, 0, 1, 0
1, 1, 0, 1, 0, 1, 0, 1, 0, 0
1, 1, 0, 1, 0, 1, 0, 1, 1, 0
1, 1, 0, 1, 0, 1, 1, 0, 0, 0
1, 1, 0, 1, 0, 1, 1, 0, 1, 0
1, 1, 0, 1, 0, 1, 1, 1, 0, 0
1, 1, 0, 1, 0, 1, 1, 1, 1, 0
1, 1, 0, 1, 1, 0, 0, 0, 0, 0
1, 1, 0, 1, 1, 0, 0, 0, 1, 0
1, 1, 0, 1, 1, 0, 0, 1, 0, 0
1, 1, 0, 1, 1, 0, 0, 1, 1, 0
1, 1, 0, 1, 1, 0, 1, 0, 0, 0
1, 1, 0, 1, 1, 0, 1, 0, 1, 0
1, 1, 0, 1, 1, 0, 1, 1, 0, 0
1, 1, 0, 1, 1, 0, 1, 1, 1, 0
1, 1, 0, 1, 1, 1, 0, 0, 0, 0
1, 1, 0, 1, 1, 1, 0, 0, 1, 0
1, 1, 0, 1, 1, 1, 0, 1, 0, 0
1, 1, 0, 1, 1, 1, 0, 1, 1, 0
1, 1, 0, 1, 1, 1, 1, 0, 0, 0
1, 1, 0, 1, 1, 1, 1, 0, 1, 0
1, 1, 0, 1, 1, 1, 1, 1, 0, 0
1, 1, 0, 1, 1, 1, 1, 1, 1, 0
1, 1, 1, 0, 0, 0, 0, 0, 0, 0
1, 1, 1, 0, 0, 0, 0, 0, 1, 0
1, 1, 1, 0, 0, 0, 0, 1, 0, 0
1, 1, 1, 0, 0, 0, 0, 1, 1, 0
1, 1, 1, 0, 0, 0, 1, 0, 0, 0
1, 1, 1, 0, 0, 0, 1, 0, 1, 0
1, 1, 1, 0, 0, 0, 1, 1, 0, 0
1, 1, 1, 0, 0, 0, 1, 1, 1, 0
1, 1, 1, 0, 0, 1, 0, 0, 0, 0
1, 1, 1, 0, 0, 1, 0, 0, 1, 0
1, 1, 1, 0, 0, 1, 0, 1, 0, 0
1, 1, 1, 0, 0, 1, 0, 1, 1, 0
1, 1, 1, 0, 0, 1, 1, 0, 0, 0
1, 1, 1, 0, 0, 1, 1, 0, 1, 0
1, 1, 1, 0, 0, 1, 1, 1, 0, 0
1, 1, 1, 0, 0, 1, 1, 1, 1, 0
1, 1, 1, 0, 1, 0, 0, 0, 0, 0
1, 1, 1, 0, 1, 0, 0, 0, 1, 0
1, 1, 1, 0, 1, 0, 0, 1, 0, 0
1, 1, 1, 0, 1, 0, 0, 1, 1, 0
1, 1, 1, 0, 1, 0, 1, 0, 0, 0
1, 1, 1, 0, 1, 0, 1, 0, 1, 0
1, 1, 1, 0, 1, 0, 1, 1, 0, 0
1, 1, 1, 0, 1, 0, 1, 1, 1, 0
1, 1, 1, 0, 1, 1, 0, 0, 0, 0
1, 1, 1, 0, 1, 1, 0, 0, 1, 0
1, 1, 1, 0, 1, 1, 0, 1, 0, 0
1, 1, 1, 0, 1, 1, 0, 1, 1, 0
1, 1, 1, 0, 1, 1, 1, 0, 0, 0
1, 1, 1, 0, 1, 1, 1, 0, 1, 0
1, 1, 1, 0, 1, 1, 1, 1, 0, 0
1, 1, 1, 0, 1, 1, 1, 1, 1, 0
1, 1, 1, 1, 0, 0, 0, 0, 0, 0
1, 1, 1, 1, 0, 0, 0, 0, 1, 0
1, 1, 1, 1, 0, 0, 0, 1, 0, 0
1, 1, 1, 1, 0, 0, 0, 1, 1, 0
1, 1, 1, 1, 0, 0, 1, 0, 0, 0
1, 1, 1, 1, 0, 0, 1, 0, 1, 0
1, 1, 1, 1, 0, 0, 1, 1, 0, 0
1, 1, 1, 1, 0, 0, 1, 1, 1, 0
1, 1, 1, 1, 0, 1, 0, 0, 0, 0
1, 1, 1, 1, 0, 1, 0, 0, 1, 1
1, 1, 1, 1, 0, 1, 0, 1, 0, 0
1, 1, 1, 1, 0, 1, 0, 1, 1, 0
1, 1, 1, 1, 0, 1, 1, 0, 0, 0
1, 1, 1, 1, 0, 1, 1, 0, 1, 0
1, 1, 1, 1, 0, 1, 1, 1, 0, 0
1, 1, 1, 1, 0, 1, 1, 1, 1, 0
1, 1, 1, 1, 1, 0, 0, 0, 0, 0
1, 1, 1, 1, 1, 0, 0, 0, 1, 0
1, 1, 1, 1, 1, 0, 0, 1, 0, 0
1, 1, 1, 1, 1, 0, 0, 1, 1, 0
1, 1, 1, 1, 1, 0, 1, 0, 0, 0
1, 1, 1, 1, 1, 0, 1, 0, 1, 0
1, 1, 1, 1, 1, 0, 1, 1, 0, 0
1, 1, 1, 1, 1, 0, 1, 1, 1, 0
1, 1, 1, 1, 1, 1, 0, 0, 0, 0
1, 1, 1, 1, 1, 1, 0, 0, 1, 0
1, 1, 1, 1, 1, 1, 0, 1, 0, 0
1, 1, 1, 1, 1, 1, 0, 1, 1, 0
1, 1, 1, 1, 1, 1, 1, 0, 0, 0
1, 1, 1, 1, 1, 1, 1, 0, 1, 0
1, 1, 1, 1, 1, 1, 1, 1, 0, 0
1, 1, 1, 1, 1, 1, 1, 1, 1, 0
# IL18R1 (IL18_e, IL18R1)
0, 0
1, 1
# IL2 (FOXP3, NFAT, NFKB, STAT5, STAT6, TBET, IL2)
0, 0, 0, 0, 0, 0, 0
0, 0, 0, 0, 0, 1, 0
0, 0, 0, 0, 1, 0, 0
0, 0, 0, 0, 1, 1, 0
0, 0, 0, 1, 0, 0, 0
0, 0, 0, 1, 0, 1, 0
0, 0, 0, 1, 1, 0, 0
0, 0, 0, 1, 1, 1, 0
0, 0, 1, 0, 0, 0, 1
0, 0, 1, 0, 0, 1, 0
0, 0, 1, 0, 1, 0, 1
0, 0, 1, 0, 1, 1, 0
0, 0, 1, 1, 0, 0, 1
0, 0, 1, 1, 0, 1, 0
0, 0, 1, 1, 1, 0, 0
0, 0, 1, 1, 1, 1, 0
0, 1, 0, 0, 0, 0, 1
0, 1, 0, 0, 0, 1, 1
0, 1, 0, 0, 1, 0, 1
0, 1, 0, 0, 1, 1, 1
0, 1, 0, 1, 0, 0, 1
0, 1, 0, 1, 0, 1, 1
0, 1, 0, 1, 1, 0, 0
0, 1, 0, 1, 1, 1, 0
0, 1, 1, 0, 0, 0, 1
0, 1, 1, 0, 0, 1, 0
0, 1, 1, 0, 1, 0, 1
0, 1, 1, 0, 1, 1, 0
0, 1, 1, 1, 0, 0, 1
0, 1, 1, 1, 0, 1, 0
0, 1, 1, 1, 1, 0, 0
0, 1, 1, 1, 1, 1, 0
1, 0, 0, 0, 0, 0, 0
1, 0, 0, 0, 0, 1, 0
1, 0, 0, 0, 1, 0, 0
1, 0, 0, 0, 1, 1, 0
1, 0, 0, 1, 0, 0, 0
1, 0, 0, 1, 0, 1, 0
1, 0, 0, 1, 1, 0, 0
1, 0, 0, 1, 1, 1, 0
1, 0, 1, 0, 0, 0, 1
1, 0, 1, 0, 0, 1, 0
1, 0, 1, 0, 1, 0, 1
1, 0, 1, 0, 1, 1, 0
1, 0, 1, 1, 0, 0, 1
1, 0, 1, 1, 0, 1, 0
1, 0, 1, 1, 1, 0, 0
1, 0, 1, 1, 1, 1, 0
1, 1, 0, 0, 0, 0, 0
1, 1, 0, 0, 0, 1, 0
1, 1, 0, 0, 1, 0, 0
1, 1, 0, 0, 1, 1, 0
1, 1, 0, 1, 0, 0, 0
1, 1, 0, 1, 0, 1, 0
1, 1, 0, 1, 1, 0, 0
1, 1, 0, 1, 1, 1, 0
1, 1, 1, 0, 0, 0, 1
1, 1, 1, 0, 0, 1, 0
1, 1, 1, 0, 1, 0, 1
1, 1, 1, 0, 1, 1, 0
1, 1, 1, 1, 0, 0, 1
1, 1, 1, 1, 0, 1, 0
1, 1, 1, 1, 1, 0, 0
1, 1, 1, 1, 1, 1, 0
# IL21 (NFAT, STAT3, proliferation, IL21)
0, 0, 0, 0
0, 0, 1, 0
0, 1, 0, 0
0, 1, 1, 0
1, 0, 0, 0
1, 0, 1, 0
1, 1, 0, 0
1, 1, 1, 1
# IL21R (CGC, GP130, IL21, IL21_e, IL21R)
0, 0, 0, 0, 0
0, 0, 0, 1, 0
0, 0, 1, 0, 0
0, 0, 1, 1, 0
0, 1, 0, 0, 0
0, 1, 0, 1, 0
0, 1, 1, 0, 0
0, 1, 1, 1, 0
1, 0, 0, 0, 0
1, 0, 0, 1, 0
1, 0, 1, 0, 0
1, 0, 1, 1, 0
1, 1, 0, 0, 0
1, 1, 0, 1, 1
1, 1, 1, 0, 1
1, 1, 1, 1, 1
# IL22 (STAT1, STAT3, STAT4, STAT5, IL22)
0, 0, 0, 0, 0
0, 0, 0, 1, 1
0, 0, 1, 0, 1
0, 0, 1, 1, 1
0, 1, 0, 0, 1
0, 1, 0, 1, 1
0, 1, 1, 0, 1
0, 1, 1, 1, 1
1, 0, 0, 0, 1
1, 0, 0, 1, 1
1, 0, 1, 0, 1
1, 0, 1, 1, 1
1, 1, 0, 0, 1
1, 1, 0, 1, 1
1, 1, 1, 0, 1
1, 1, 1, 1, 1
# IL22R (IL22_e, IL22R)
0, 0
1, 1
# IL23 (NFAT, STAT3, proliferation, IL23)
0, 0, 0, 0
0, 0, 1, 0
0, 1, 0, 0
0, 1, 1, 0
1, 0, 0, 0
1, 0, 1, 0
1, 1, 0, 0
1, 1, 1, 1
# IL23R (GP130, IL12RB1, IL23, IL23_e, RORGT, STAT3, IL23R)
0, 0, 0, 0, 0, 0, 0
0, 0, 0, 0, 0, 1, 0
0, 0, 0, 0, 1, 0, 0
0, 0, 0, 0, 1, 1, 0
0, 0, 0, 1, 0, 0, 0
0, 0, 0, 1, 0, 1, 0
0, 0, 0, 1, 1, 0, 0
0, 0, 0, 1, 1, 1, 0
0, 0, 1, 0, 0, 0, 0
0, 0, 1, 0, 0, 1, 0
0, 0, 1, 0, 1, 0, 0
0, 0, 1, 0, 1, 1, 0
0, 0, 1, 1, 0, 0, 0
0, 0, 1, 1, 0, 1, 0
0, 0, 1, 1, 1, 0, 0
0, 0, 1, 1, 1, 1, 0
0, 1, 0, 0, 0, 0, 0
0, 1, 0, 0, 0, 1, 0
0, 1, 0, 0, 1, 0, 0
0, 1, 0, 0, 1, 1, 0
0, 1, 0, 1, 0, 0, 0
0, 1, 0, 1, 0, 1, 0
0, 1, 0, 1, 1, 0, 0
0, 1, 0, 1, 1, 1, 0
0, 1, 1, 0, 0, 0, 0
0, 1, 1, 0, 0, 1, 0
0, 1, 1, 0, 1, 0, 0
0, 1, 1, 0, 1, 1, 0
0, 1, 1, 1, 0, 0, 0
0, 1, 1, 1, 0, 1, 0
0, 1, 1, 1, 1, 0, 0
0, 1, 1, 1, 1, 1, 0
1, 0, 0, 0, 0, 0, 0
1, 0, 0, 0, 0, 1, 0
1, 0, 0, 0, 1, 0, 0
1, 0, 0, 0, 1, 1, 0
1, 0, 0, 1, 0, 0, 0
1, 0, 0, 1, 0, 1, 0
1, 0, 0, 1, 1, 0, 0
1, 0, 0, 1, 1, 1, 0
1, 0, 1, 0, 0, 0, 0
1, 0, 1, 0, 0, 1, 0
1, 0, 1, 0, 1, 0, 0
1, 0, 1, 0, 1, 1, 0
1, 0, 1, 1, 0, 0, 0
1, 0, 1, 1, 0, 1, 0
1, 0, 1, 1, 1, 0, 0
1, 0, 1, 1, 1, 1, 0
1, 1, 0, 0, 0, 0, 0
1, 1, 0, 0, 0, 1, 0
1, 1, 0, 0, 1, 0, 0
1, 1, 0, 0, 1, 1, 0
1, 1, 0, 1, 0, 0, 0
1, 1, 0, 1, 0, 1, 0
1, 1, 0, 1, 1, 0, 0
1, 1, 0, 1, 1, 1, 1
1, 1, 1, 0, 0, 0, 0
1, 1, 1, 0, 0, 1, 0
1, 1, 1, 0, 1, 0, 0
1, 1, 1, 0, 1, 1, 1
1, 1, 1, 1, 0, 0, 0
1, 1, 1, 1, 0, 1, 0
1, 1, 1, 1, 1, 0, 0
1, 1, 1, 1, 1, 1, 1
# IL27R (GP130, IL27RA, IL27_e, IL27R)
0, 0, 0, 0
0, 0, 1, 0
0, 1, 0, 0
0, 1, 1, 0
1, 0, 0, 0
1, 0, 1, 0
1, 1, 0, 0
1, 1, 1, 1
# IL2R (CGC, IL2, IL2RA, IL2RB, IL2_e, IL2R)
0, 0, 0, 0, 0, 0
0, 0, 0, 0, 1, 0
0, 0, 0, 1, 0, 0
0, 0, 0, 1, 1, 0
0, 0, 1, 0, 0, 0
0, 0, 1, 0, 1, 0
0, 0, 1, 1, 0, 0
0, 0, 1, 1, 1, 0
0, 1, 0, 0, 0, 0
0, 1, 0, 0, 1, 0
0, 1, 0, 1, 0, 0
0, 1, 0, 1, 1, 0
0, 1, 1, 0, 0, 0
0, 1, 1, 0, 1, 0
0, 1, 1, 1, 0, 0
0, 1, 1, 1, 1, 0
1, 0, 0, 0, 0, 0
1, 0, 0, 0, 1, 0
1, 0, 0, 1, 0, 0
1, 0, 0, 1, 1, 1
1, 0, 1, 0, 0, 0
1, 0, 1, 0, 1, 0
1, 0, 1, 1, 0, 0
1, 0, 1, 1, 1, 0
1, 1, 0, 0, 0, 0
1, 1, 0, 0, 1, 0
1, 1, 0, 1, 0, 1
1, 1, 0, 1, 1, 1
1, 1, 1, 0, 0, 0
1, 1, 1, 0, 1, 0
1, 1, 1, 1, 0, 0
1, 1, 1, 1, 1, 0
# IL2R_HIGH (CGC, IL2, IL2RA, IL2RB, IL2_e, IL2R_HIGH)
0, 0, 0, 0, 0, 0
0, 0, 0, 0, 1, 0
0, 0, 0, 1, 0, 0
0, 0, 0, 1, 1, 0
0, 0, 1, 0, 0, 0
0, 0, 1, 0, 1, 0
0, 0, 1, 1, 0, 0
0, 0, 1, 1, 1, 0
0, 1, 0, 0, 0, 0
0, 1, 0, 0, 1, 0
0, 1, 0, 1, 0, 0
0, 1, 0, 1, 1, 0
0, 1, 1, 0, 0, 0
0, 1, 1, 0, 1, 0
0, 1, 1, 1, 0, 0
0, 1, 1, 1, 1, 0
1, 0, 0, 0, 0, 0
1, 0, 0, 0, 1, 0
1, 0, 0, 1, 0, 0
1, 0, 0, 1, 1, 0
1, 0, 1, 0, 0, 0
1, 0, 1, 0, 1, 0
1, 0, 1, 1, 0, 0
1, 0, 1, 1, 1, 1
1, 1, 0, 0, 0, 0
1, 1, 0, 0, 1, 0
1, 1, 0, 1, 0, 0
1, 1, 0, 1, 1, 0
1, 1, 1, 0, 0, 0
1, 1, 1, 0, 1, 0
1, 1, 1, 1, 0, 1
1, 1, 1, 1, 1, 1
# IL2RA (FOXP3, NFAT, NFKB, SMAD3, STAT5, IL2RA)
0, 0, 0, 0, 0, 0
0, 0, 0, 0, 1, 0
0, 0, 0, 1, 0, 0
0, 0, 0, 1, 1, 0
0, 0, 1, 0, 0, 0
0, 0, 1, 0, 1, 0
0, 0, 1, 1, 0, 0
0, 0, 1, 1, 1, 0
0, 1, 0, 0, 0, 0
0, 1, 0, 0, 1, 1
0, 1, 0, 1, 0, 1
0, 1, 0, 1, 1, 1
0, 1, 1, 0, 0, 1
0, 1, 1, 0, 1, 1
0, 1, 1, 1, 0, 1
0, 1, 1, 1, 1, 1
1, 0, 0, 0, 0, 0
1, 0, 0, 0, 1, 0
1, 0, 0, 1, 0, 0
1, 0, 0, 1, 1, 0
1, 0, 1, 0, 0, 0
1, 0, 1, 0, 1, 0
1, 0, 1, 1, 0, 0
1, 0, 1, 1, 1, 0
1, 1, 0, 0, 0, 1
1, 1, 0, 0, 1, 1
1, 1, 0, 1, 0, 1
1, 1, 0, 1, 1, 1
1, 1, 1, 0, 0, 1
1, 1, 1, 0, 1, 1
1, 1, 1, 1, 0, 1
1, 1, 1, 1, 1, 1
# IL4 (FOXP3, GATA3, IRF1, IRF4, NFAT, RUNX3, TBET, proliferation, IL4)
0, 0, 0, 0, 0, 0, 0, 0, 0
0, 0, 0, 0, 0, 0, 0, 1, 0
0, 0, 0, 0, 0, 0, 1, 0, 0
0, 0, 0, 0, 0, 0, 1, 1, 0
0, 0, 0, 0, 0, 1, 0, 0, 0
0, 0, 0, 0, 0, 1, 0, 1, 0
0, 0, 0, 0, 0, 1, 1, 0, 0
0, 0, 0, 0, 0, 1, 1, 1, 0
0, 0, 0, 0, 1, 0, 0, 0, 0
0, 0, 0, 0, 1, 0, 0, 1, 0
0, 0, 0, 0, 1, 0, 1, 0, 0
0, 0, 0, 0, 1, 0, 1, 1, 0
0, 0, 0, 0, 1, 1, 0, 0, 0
0, 0, 0, 0, 1, 1, 0, 1, 0
0, 0, 0, 0, 1, 1, 1, 0, 0
0, 0, 0, 0, 1, 1, 1, 1, 0
0, 0, 0, 1, 0, 0, 0, 0, 1
0, 0, 0, 1, 0, 0, 0, 1, 1
0, 0, 0, 1, 0, 0, 1, 0, 1
0, 0, 0, 1, 0, 0, 1, 1, 1
0, 0, 0, 1, 0, 1, 0, 0, 1
0, 0, 0, 1, 0, 1, 0, 1, 1
0, 0, 0, 1, 0, 1, 1, 0, 1
0, 0, 0, 1, 0, 1, 1, 1, 1
0, 0, 0, 1, 1, 0, 0, 0, 1
0, 0, 0, 1, 1, 0, 0, 1, 1
0, 0, 0, 1, 1, 0, 1, 0, 1
0, 0, 0, 1, 1, 0, 1, 1, 1
0, 0, 0, 1, 1, 1, 0, 0, 1
0, 0, 0, 1, 1, 1, 0, 1, 1
0, 0, 0, 1, 1, 1, 1, 0, 1
0, 0, 0, 1, 1, 1, 1, 1, 1
0, 0, 1, 0, 0, 0, 0, 0, 0
0, 0, 1, 0, 0, 0, 0, 1, 0
0, 0, 1, 0, 0, 0, 1, 0, 0
0, 0, 1, 0, 0, 0, 1, 1, 0
0, 0, 1, 0, 0, 1, 0, 0, 0
0, 0, 1, 0, 0, 1, 0, 1, 0
0, 0, 1, 0, 0, 1, 1, 0, 0
0, 0, 1, 0, 0, 1, 1, 1, 0
0, 0, 1, 0, 1, 0, 0, 0, 0
0, 0, 1, 0, 1, 0, 0, 1, 0
0, 0, 1, 0, 1, 0, 1, 0, 0
0, 0, 1, 0, 1, 0, 1, 1, 0
0, 0, 1, 0, 1, 1, 0, 0, 0
0, 0, 1, 0, 1, 1, 0, 1, 0
0, 0, 1, 0, 1, 1, 1, 0, 0
0, 0, 1, 0, 1, 1, 1, 1, 0
0, 0, 1, 1, 0, 0, 0, 0, 1
0, 0, 1, 1, 0, 0, 0, 1, 1
0, 0, 1, 1, 0, 0, 1, 0, 1
0, 0, 1, 1, 0, 0, 1, 1, 1
0, 0, 1, 1, 0, 1, 0, 0, 1
0, 0, 1, 1, 0, 1, 0, 1, 1
0, 0, 1, 1, 0, 1, 1, 0, 1
0, 0, 1, 1, 0, 1, 1, 1, 1
0, 0, 1, 1, 1, 0, 0, 0, 1
0, 0, 1, 1, 1, 0, 0, 1, 1
0, 0, 1, 1, 1, 0, 1, 0, 1
0, 0, 1, 1, 1, 0, 1, 1, 1
0, 0, 1, 1, 1, 1, 0, 0, 1
0, 0, 1, 1, 1, 1, 0, 1, 1
0, 0, 1, 1, 1, 1, 1, 0, 1
0, 0, 1, 1, 1, 1, 1, 1, 1
0, 1, 0, 0, 0, 0, 0, 0, 0
0, 1, 0, 0, 0, 0, 0, 1, 0
0, 1, 0, 0, 0, 0, 1, 0, 0
0, 1, 0, 0, 0, 0, 1, 1, 0
0, 1, 0, 0, 0, 1, 0, 0, 0
0, 1, 0, 0, 0, 1, 0, 1, 0
0, 1, 0, 0, 0, 1, 1, 0, 0
0, 1, 0, 0, 0, 1, 1, 1, 0
0, 1, 0, 0, 1, 0, 0, 0, 0
0, 1, 0, 0, 1, 0, 0, 1, 1
0, 1, 0, 0, 1, 0, 1, 0, 0
0, 1, 0, 0, 1, 0, 1, 1, 1
0, 1, 0, 0, 1, 1, 0, 0, 0
0, 1, 0, 0, 1, 1, 0, 1, 1
0, 1, 0, 0, 1, 1, 1, 0, 0
0, 1, 0, 0, 1, 1, 1, 1, 0
0, 1, 0, 1, 0, 0, 0, 0, 1
0, 1, 0, 1, 0, 0, 0, 1, 1
0, 1, 0, 1, 0, 0, 1, 0, 1
0, 1, 0, 1, 0, 0, 1, 1, 1
0, 1, 0, 1, 0, 1, 0, 0, 1
0, 1, 0, 1, 0, 1, 0, 1, 1
0, 1, 0, 1, 0, 1, 1, 0, 1
0, 1, 0, 1, 0, 1, 1, 1, 1
0, 1, 0, 1, 1, 0, 0, 0, 1
0, 1, 0, 1, 1, 0, 0, 1, 1
0, 1, 0, 1, 1, 0, 1, 0, 1
0, 1, 0, 1, 1, 0, 1, 1, 1
0, 1, 0, 1, 1, 1, 0, 0, 1
0, 1, 0, 1, 1, 1, 0, 1, 1
0, 1, 0, 1, 1, 1, 1, 0, 1
0, 1, 0, 1, 1, 1, 1, 1, 1
0, 1, 1, 0, 0, 0, 0, 0, 0
0, 1, 1, 0, 0, 0, 0, 1, 0
0, 1, 1, 0, 0, 0, 1, 0, 0
0, 1, 1, 0, 0, 0, 1, 1, 0
0, 1, 1, 0, 0, 1, 0, 0, 0
0, 1, 1, 0, 0, 1, 0, 1, 0
0, 1, 1, 0, 0, 1, 1, 0, 0
0, 1, 1, 0, 0, 1, 1, 1, 0
0, 1, 1, 0, 1, 0, 0, 0, 0
0, 1, 1, 0, 1, 0, 0, 1, 0
0, 1, 1, 0, 1, 0, 1, 0, 0
0, 1, 1, 0, 1, 0, 1, 1, 0
0, 1, 1, 0, 1, 1, 0, 0, 0
0, 1, 1, 0, 1, 1, 0, 1, 0
0, 1, 1, 0, 1, 1, 1, 0, 0
0, 1, 1, 0, 1, 1, 1, 1, 0
0, 1, 1, 1, 0, 0, 0, 0, 1
0, 1, 1, 1, 0, 0, 0, 1, 1
0, 1, 1, 1, 0, 0, 1, 0, 1
0, 1, 1, 1, 0, 0, 1, 1, 1
0, 1, 1, 1, 0, 1, 0, 0, 1
0, 1, 1, 1, 0, 1, 0, 1, 1
0, 1, 1, 1, 0, 1, 1, 0, 1
0, 1, 1, 1, 0, 1, 1, 1, 1
0, 1, 1, 1, 1, 0, 0, 0, 1
0, 1, 1, 1, 1, 0, 0, 1, 1
0, 1, 1, 1, 1, 0, 1, 0, 1
0, 1, 1, 1, 1, 0, 1, 1, 1
0, 1, 1, 1, 1, 1, 0, 0, 1
0, 1, 1, 1, 1, 1, 0, 1, 1
0, 1, 1, 1, 1, 1, 1, 0, 1
0, 1, 1, 1, 1, 1, 1, 1, 1
1, 0, 0, 0, 0, 0, 0, 0, 0
1, 0, 0, 0, 0, 0, 0, 1, 0
1, 0, 0, 0, 0, 0, 1, 0, 0
1, 0, 0, 0, 0, 0, 1, 1, 0
1, 0, 0, 0, 0, 1, 0, 0, 0
1, 0, 0, 0, 0, 1, 0, 1, 0
1, 0, 0, 0, 0, 1, 1, 0, 0
1, 0, 0, 0, 0, 1, 1, 1, 0
1, 0, 0, 0, 1, 0, 0, 0, 0
1, 0, 0, 0, 1, 0, 0, 1, 0
1, 0, 0, 0, 1, 0, 1, 0, 0
1, 0, 0, 0, 1, 0, 1, 1, 0
1, 0, 0, 0, 1, 1, 0, 0, 0
1, 0, 0, 0, 1, 1, 0, 1, 0
1, 0, 0, 0, 1, 1, 1, 0, 0
1, 0, 0, 0, 1, 1, 1, 1, 0
1, 0, 0, 1, 0, 0, 0, 0, 1
1, 0, 0, 1, 0, 0, 0, 1, 1
1, 0, 0, 1, 0, 0, 1, 0, 1
1, 0, 0, 1, 0, 0, 1, 1, 1
1, 0, 0, 1, 0, 1, 0, 0, 1
1, 0, 0, 1, 0, 1, 0, 1, 1
1, 0, 0, 1, 0, 1, 1, 0, 1
1, 0, 0, 1, 0, 1, 1, 1, 1
1, 0, 0, 1, 1, 0, 0, 0, 1
1, 0, 0, 1, 1, 0, 0, 1, 1
1, 0, 0, 1, 1, 0, 1, 0, 1
1, 0, 0, 1, 1, 0, 1, 1, 1
1, 0, 0, 1, 1, 1, 0, 0, 1
1, 0, 0, 1, 1, 1, 0, 1, 1
1, 0, 0, 1, 1, 1, 1, 0, 1
1, 0, 0, 1, 1, 1, 1, 1, 1
1, 0, 1, 0, 0, 0, 0, 0, 0
1, 0, 1, 0, 0, 0, 0, 1, 0
1, 0, 1, 0, 0, 0, 1, 0, 0
1, 0, 1, 0, 0, 0, 1, 1, 0
1, 0, 1, 0, 0, 1, 0, 0, 0
1, 0, 1, 0, 0, 1, 0, 1, 0
1, 0, 1, 0, 0, 1, 1, 0, 0
1, 0, 1, 0, 0, 1, 1, 1, 0
1, 0, 1, 0, 1, 0, 0, 0, 0
1, 0, 1, 0, 1, 0, 0, 1, 0
1, 0, 1, 0, 1, 0, 1, 0, 0
1, 0, 1, 0, 1, 0, 1, 1, 0
1, 0, 1, 0, 1, 1, 0, 0, 0
1, 0, 1, 0, 1, 1, 0, 1, 0
1, 0, 1, 0, 1, 1, 1, 0, 0
1, 0, 1, 0, 1, 1, 1, 1, 0
1, 0, 1, 1, 0, 0, 0, 0, 1
1, 0, 1, 1, 0, 0, 0, 1, 1
1, 0, 1, 1, 0, 0, 1, 0, 1
1, 0, 1, 1, 0, 0, 1, 1, 1
1, 0, 1, 1, 0, 1, 0, 0, 1
1, 0, 1, 1, 0, 1, 0, 1, 1
1, 0, 1, 1, 0, 1, 1, 0, 1
1, 0, 1, 1, 0, 1, 1, 1, 1
1, 0, 1, 1, 1, 0, 0, 0, 1
1, 0, 1, 1, 1, 0, 0, 1, 1
1, 0, 1, 1, 1, 0, 1, 0, 1
1, 0, 1, 1, 1, 0, 1, 1, 1
1, 0, 1, 1, 1, 1, 0, 0, 1
1, 0, 1, 1, 1, 1, 0, 1, 1
1, 0, 1, 1, 1, 1, 1, 0, 1
1, 0, 1, 1, 1, 1, 1, 1, 1
1, 1, 0, 0, 0, 0, 0, 0, 0
1, 1, 0, 0, 0, 0, 0, 1, 0
1, 1, 0, 0, 0, 0, 1, 0, 0
1, 1, 0, 0, 0, 0, 1, 1, 0
1, 1, 0, 0, 0, 1, 0, 0, 0
1, 1, 0, 0, 0, 1, 0, 1, 0
1, 1, 0, 0, 0, 1, 1, 0, 0
1, 1, 0, 0, 0, 1, 1, 1, 0
1, 1, 0, 0, 1, 0, 0, 0, 0
1, 1, 0, 0, 1, 0, 0, 1, 0
1, 1, 0, 0, 1, 0, 1, 0, 0
1, 1, 0, 0, 1, 0, 1, 1, 0
1, 1, 0, 0, 1, 1, 0, 0, 0
1, 1, 0, 0, 1, 1, 0, 1, 0
1, 1, 0, 0, 1, 1, 1, 0, 0
1, 1, 0, 0, 1, 1, 1, 1, 0
1, 1, 0, 1, 0, 0, 0, 0, 1
1, 1, 0, 1, 0, 0, 0, 1, 1
1, 1, 0, 1, 0, 0, 1, 0, 1
1, 1, 0, 1, 0, 0, 1, 1, 1
1, 1, 0, 1, 0, 1, 0, 0, 1
1, 1, 0, 1, 0, 1, 0, 1, 1
1, 1, 0, 1, 0, 1, 1, 0, 1
1, 1, 0, 1, 0, 1, 1, 1, 1
1, 1, 0, 1, 1, 0, 0, 0, 1
1, 1, 0, 1, 1, 0, 0, 1, 1
1, 1, 0, 1, 1, 0, 1, 0, 1
1, 1, 0, 1, 1, 0, 1, 1, 1
1, 1, 0, 1, 1, 1, 0, 0, 1
1, 1, 0, 1, 1, 1, 0, 1, 1
1, 1, 0, 1, 1, 1, 1, 0, 1
1, 1, 0, 1, 1, 1, 1, 1, 1
1, 1, 1, 0, 0, 0, 0, 0, 0
1, 1, 1, 0, 0, 0, 0, 1, 0
1, 1, 1, 0, 0, 0, 1, 0, 0
1, 1, 1, 0, 0, 0, 1, 1, 0
1, 1, 1, 0, 0, 1, 0, 0, 0
1, 1, 1, 0, 0, 1, 0, 1, 0
1, 1, 1, 0, 0, 1, 1, 0, 0
1, 1, 1, 0, 0, 1, 1, 1, 0
1, 1, 1, 0, 1, 0, 0, 0, 0
1, 1, 1, 0, 1, 0, 0, 1, 0
1, 1, 1, 0, 1, 0, 1, 0, 0
1, 1, 1, 0, 1, 0, 1, 1, 0
1, 1, 1, 0, 1, 1, 0, 0, 0
1, 1, 1, 0, 1, 1, 0, 1, 0
1, 1, 1, 0, 1, 1, 1, 0, 0
1, 1, 1, 0, 1, 1, 1, 1, 0
1, 1, 1, 1, 0, 0, 0, 0, 1
1, 1, 1, 1, 0, 0, 0, 1, 1
1, 1, 1, 1, 0, 0, 1, 0, 1
1, 1, 1, 1, 0, 0, 1, 1, 1
1, 1, 1, 1, 0, 1, 0, 0, 1
1, 1, 1, 1, 0, 1, 0, 1, 1
1, 1, 1, 1, 0, 1, 1, 0, 1
1, 1, 1, 1, 0, 1, 1, 1, 1
1, 1, 1, 1, 1, 0, 0, 0, 1
1, 1, 1, 1, 1, 0, 0, 1, 1
1, 1, 1, 1, 1, 0, 1, 0, 1
1, 1, 1, 1, 1, 0, 1, 1, 1
1, 1, 1, 1, 1, 1, 0, 0, 1
1, 1, 1, 1, 1, 1, 0, 1, 1
1, 1, 1, 1, 1, 1, 1, 0, 1
1, 1, 1, 1, 1, 1, 1, 1, 1
# IL4R (CGC, IL4, IL4RA, IL4_e, IL4R)
0, 0, 0, 0, 0
0, 0, 0, 1, 0
0, 0, 1, 0, 0
0, 0, 1, 1, 0
0, 1, 0, 0, 0
0, 1, 0, 1, 0
0, 1, 1, 0, 0
0, 1, 1, 1, 0
1, 0, 0, 0, 0
1, 0, 0, 1, 0
1, 0, 1, 0, 0
1, 0, 1, 1, 1
1, 1, 0, 0, 0
1, 1, 0, 1, 0
1, 1, 1, 0, 1
1, 1, 1, 1, 1
# IL4R_HIGH (CGC, IL4, IL4RA_HIGH, IL4_e, IL4R_HIGH)
0, 0, 0, 0, 0
0, 0, 0, 1, 0
0, 0, 1, 0, 0
0, 0, 1, 1, 0
0, 1, 0, 0, 0
0, 1, 0, 1, 0
0, 1, 1, 0, 0
0, 1, 1, 1, 0
1, 0, 0, 0, 0
1, 0, 0, 1, 0
1, 0, 1, 0, 0
1, 0, 1, 1, 1
1, 1, 0, 0, 0
1, 1, 0, 1, 0
1, 1, 1, 0, 1
1, 1, 1, 1, 1
# IL4RA (STAT5_HIGH, IL4RA)
0, 1
1, 0
# IL4RA_HIGH (STAT5_HIGH, IL4RA_HIGH)
0, 0
1, 1
# IL6R (GP130, IL6RA, IL6_e, IL6R)
0, 0, 0, 0
0, 0, 1, 0
0, 1, 0, 0
0, 1, 1, 0
1, 0, 0, 0
1, 0, 1, 0
1, 1, 0, 0
1, 1, 1, 1
# IL9R (IL9_e, JAK3, IL9R)
0, 0, 0
0, 1, 1
1, 0, 1
1, 1, 1
# IP3 (PLCg, IP3)
0, 0
1, 1
# IRAK1 (IL18R1, IRAK1)
0, 0
1, 1
# IRF1 (STAT1, IRF1)
0, 0
1, 1
# IRF4 (GATA3, IRF4)
0, 0
1, 1
# IRSp53 (rac1, IRSp53)
0, 0
1, 1
# ITAMS (Lck, ITAMS)
0, 0
1, 1
# ITK (SLP-76, ITK)
0, 0
1, 1
# JAK1 (IL22R, IL2R, IL9R, JAK3, SOCS3, JAK1)
0, 0, 0, 0, 0, 0
0, 0, 0, 0, 1, 0
0, 0, 0, 1, 0, 1
0, 0, 0, 1, 1, 0
0, 0, 1, 0, 0, 1
0, 0, 1, 0, 1, 0
0, 0, 1, 1, 0, 1
0, 0, 1, 1, 1, 0
0, 1, 0, 0, 0, 1
0, 1, 0, 0, 1, 0
0, 1, 0, 1, 0, 1
0, 1, 0, 1, 1, 0
0, 1, 1, 0, 0, 1
0, 1, 1, 0, 1, 0
0, 1, 1, 1, 0, 1
0, 1, 1, 1, 1, 0
1, 0, 0, 0, 0, 1
1, 0, 0, 0, 1, 0
1, 0, 0, 1, 0, 1
1, 0, 0, 1, 1, 0
1, 0, 1, 0, 0, 1
1, 0, 1, 0, 1, 0
1, 0, 1, 1, 0, 1
1, 0, 1, 1, 1, 0
1, 1, 0, 0, 0, 1
1, 1, 0, 0, 1, 0
1, 1, 0, 1, 0, 1
1, 1, 0, 1, 1, 0
1, 1, 1, 0, 0, 1
1, 1, 1, 0, 1, 0
1, 1, 1, 1, 0, 1
1, 1, 1, 1, 1, 0
# JAK2 (IL12RB1, IL12RB2, SOCS3, JAK2)
0, 0, 0, 0
0, 0, 1, 0
0, 1, 0, 0
0, 1, 1, 0
1, 0, 0, 0
1, 0, 1, 0
1, 1, 0, 1
1, 1, 1, 1
# JAK3 (IL2R, JAK3)
0, 0
1, 1
# JNK (Crk, MEK4, MKK7, rac1, JNK)
0, 0, 0, 0, 0
0, 0, 0, 1, 0
0, 0, 1, 0, 1
0, 0, 1, 1, 1
0, 1, 0, 0, 1
0, 1, 0, 1, 1
0, 1, 1, 0, 1
0, 1, 1, 1, 1
1, 0, 0, 0, 0
1, 0, 0, 1, 1
1, 0, 1, 0, 1
1, 0, 1, 1, 1
1, 1, 0, 0, 1
1, 1, 0, 1, 1
1, 1, 1, 0, 1
1, 1, 1, 1, 1
# LAT (ZAP-70, LAT)
0, 0
1, 1
# Lck (CD28, CD4, IL2RB, JAK3, Lck)
0, 0, 0, 0, 0
0, 0, 0, 1, 0
0, 0, 1, 0, 0
0, 0, 1, 1, 1
0, 1, 0, 0, 1
0, 1, 0, 1, 1
0, 1, 1, 0, 1
0, 1, 1, 1, 1
1, 0, 0, 0, 1
1, 0, 0, 1, 1
1, 0, 1, 0, 1
1, 0, 1, 1, 1
1, 1, 0, 0, 1
1, 1, 0, 1, 1
1, 1, 1, 0, 1
1, 1, 1, 1, 1
# LIMK (PAK, ROCK, LIMK)
0, 0, 0
0, 1, 1
1, 0, 1
1, 1, 1
# MEK1_2 (BRAF, PAK, RAF1, MEK1_2)
0, 0, 0, 0
0, 0, 1, 1
0, 1, 0, 1
0, 1, 1, 1
1, 0, 0, 1
1, 0, 1, 1
1, 1, 0, 1
1, 1, 1, 1
# MEK3 (MEKK4, MEK3)
0, 0
1, 1
# MEK4 (MEKK4, MEK4)
0, 0
1, 1
# MEK6 (MEKK4, MEK6)
0, 0
1, 1
# MEKK4 (GADD45B, GADD45G, MEKK4)
0, 0, 0
0, 1, 0
1, 0, 0
1, 1, 1
# MKK7 (TAK1, MKK7)
0, 0
1, 1
# MLC (PAK, ROCK, MLC)
0, 0, 0
0, 1, 1
1, 0, 0
1, 1, 1
# N_WASP (Cdc42, Nck, Vav, N_WASP)
0, 0, 0, 0
0, 0, 1, 0
0, 1, 0, 0
0, 1, 1, 1
1, 0, 0, 1
1, 0, 1, 1
1, 1, 0, 1
1, 1, 1, 1
# Nck (SLP-76, Nck)
0, 0
1, 1
# NFAT (CD28, Calcineurin, GSK-3b, P38, TCR, NFAT)
0, 0, 0, 0, 0, 0
0, 0, 0, 0, 1, 0
0, 0, 0, 1, 0, 0
0, 0, 0, 1, 1, 0
0, 0, 1, 0, 0, 0
0, 0, 1, 0, 1, 0
0, 0, 1, 1, 0, 0
0, 0, 1, 1, 1, 0
0, 1, 0, 0, 0, 0
0, 1, 0, 0, 1, 0
0, 1, 0, 1, 0, 1
0, 1, 0, 1, 1, 1
0, 1, 1, 0, 0, 0
0, 1, 1, 0, 1, 0
0, 1, 1, 1, 0, 0
0, 1, 1, 1, 1, 0
1, 0, 0, 0, 0, 0
1, 0, 0, 0, 1, 1
1, 0, 0, 1, 0, 0
1, 0, 0, 1, 1, 1
1, 0, 1, 0, 0, 0
1, 0, 1, 0, 1, 1
1, 0, 1, 1, 0, 0
1, 0, 1, 1, 1, 1
1, 1, 0, 0, 0, 0
1, 1, 0, 0, 1, 1
1, 1, 0, 1, 0, 1
1, 1, 0, 1, 1, 1
1, 1, 1, 0, 0, 0
1, 1, 1, 0, 1, 1
1, 1, 1, 1, 0, 0
1, 1, 1, 1, 1, 1
# NFKB (FOXP3, IKB, NFKB)
0, 0, 1
0, 1, 0
1, 0, 0
1, 1, 0
# NIK (TRAF6, NIK)
0, 0
1, 1
# NOS2A (CAV1_scaffold, NOS2A)
0, 0
1, 1
# P38 (MEK3, MEK6, P38)
0, 0, 0
0, 1, 1
1, 0, 1
1, 1, 1
# PAK (Cdc42, Nck, rac1, PAK)
0, 0, 0, 0
0, 0, 1, 1
0, 1, 0, 1
0, 1, 1, 1
1, 0, 0, 1
1, 0, 1, 1
1, 1, 0, 1
1, 1, 1, 1
# Paxillin (FAK_576_577, Paxillin)
0, 0
1, 1
# PDK1 (PIP3_345, PDK1)
0, 0
1, 1
# PI3K (CD28, FAK_576_577, GAB2, ICOS, IL2R, Ras, SHP2, PI3K)
0, 0, 0, 0, 0, 0, 0, 0
0, 0, 0, 0, 0, 0, 1, 1
0, 0, 0, 0, 0, 1, 0, 1
0, 0, 0, 0, 0, 1, 1, 1
0, 0, 0, 0, 1, 0, 0, 1
0, 0, 0, 0, 1, 0, 1, 1
0, 0, 0, 0, 1, 1, 0, 1
0, 0, 0, 0, 1, 1, 1, 1
0, 0, 0, 1, 0, 0, 0, 0
0, 0, 0, 1, 0, 0, 1, 1
0, 0, 0, 1, 0, 1, 0, 1
0, 0, 0, 1, 0, 1, 1, 1
0, 0, 0, 1, 1, 0, 0, 1
0, 0, 0, 1, 1, 0, 1, 1
0, 0, 0, 1, 1, 1, 0, 1
0, 0, 0, 1, 1, 1, 1, 1
0, 0, 1, 0, 0, 0, 0, 1
0, 0, 1, 0, 0, 0, 1, 1
0, 0, 1, 0, 0, 1, 0, 1
0, 0, 1, 0, 0, 1, 1, 1
0, 0, 1, 0, 1, 0, 0, 1
0, 0, 1, 0, 1, 0, 1, 1
0, 0, 1, 0, 1, 1, 0, 1
0, 0, 1, 0, 1, 1, 1, 1
0, 0, 1, 1, 0, 0, 0, 1
0, 0, 1, 1, 0, 0, 1, 1
0, 0, 1, 1, 0, 1, 0, 1
0, 0, 1, 1, 0, 1, 1, 1
0, 0, 1, 1, 1, 0, 0, 1
0, 0, 1, 1, 1, 0, 1, 1
0, 0, 1, 1, 1, 1, 0, 1
0, 0, 1, 1, 1, 1, 1, 1
0, 1, 0, 0, 0, 0, 0, 1
0, 1, 0, 0, 0, 0, 1, 1
0, 1, 0, 0, 0, 1, 0, 1
0, 1, 0, 0, 0, 1, 1, 1
0, 1, 0, 0, 1, 0, 0, 1
0, 1, 0, 0, 1, 0, 1, 1
0, 1, 0, 0, 1, 1, 0, 1
0, 1, 0, 0, 1, 1, 1, 1
0, 1, 0, 1, 0, 0, 0, 1
0, 1, 0, 1, 0, 0, 1, 1
0, 1, 0, 1, 0, 1, 0, 1
0, 1, 0, 1, 0, 1, 1, 1
0, 1, 0, 1, 1, 0, 0, 1
0, 1, 0, 1, 1, 0, 1, 1
0, 1, 0, 1, 1, 1, 0, 1
0, 1, 0, 1, 1, 1, 1, 1
0, 1, 1, 0, 0, 0, 0, 1
0, 1, 1, 0, 0, 0, 1, 1
0, 1, 1, 0, 0, 1, 0, 1
0, 1, 1, 0, 0, 1, 1, 1
0, 1, 1, 0, 1, 0, 0, 1
0, 1, 1, 0, 1, 0, 1, 1
0, 1, 1, 0, 1, 1, 0, 1
0, 1, 1, 0, 1, 1, 1, 1
0, 1, 1, 1, 0, 0, 0, 1
0, 1, 1, 1, 0, 0, 1, 1
0, 1, 1, 1, 0, 1, 0, 1
0, 1, 1, 1, 0, 1, 1, 1
0, 1, 1, 1, 1, 0, 0, 1
0, 1, 1, 1, 1, 0, 1, 1
0, 1, 1, 1, 1, 1, 0, 1
0, 1, 1, 1, 1, 1, 1, 1
1, 0, 0, 0, 0, 0, 0, 0
1, 0, 0, 0, 0, 0, 1, 1
1, 0, 0, 0, 0, 1, 0, 1
1, 0, 0, 0, 0, 1, 1, 1
1, 0, 0, 0, 1, 0, 0, 1
1, 0, 0, 0, 1, 0, 1, 1
1, 0, 0, 0, 1, 1, 0, 1
1, 0, 0, 0, 1, 1, 1, 1
1, 0, 0, 1, 0, 0, 0, 1
1, 0, 0, 1, 0, 0, 1, 1
1, 0, 0, 1, 0, 1, 0, 1
1, 0, 0, 1, 0, 1, 1, 1
1, 0, 0, 1, 1, 0, 0, 1
1, 0, 0, 1, 1, 0, 1, 1
1, 0, 0, 1, 1, 1, 0, 1
1, 0, 0, 1, 1, 1, 1, 1
1, 0, 1, 0, 0, 0, 0, 1
1, 0, 1, 0, 0, 0, 1, 1
1, 0, 1, 0, 0, 1, 0, 1
1, 0, 1, 0, 0, 1, 1, 1
1, 0, 1, 0, 1, 0, 0, 1
1, 0, 1, 0, 1, 0, 1, 1
1, 0, 1, 0, 1, 1, 0, 1
1, 0, 1, 0, 1, 1, 1, 1
1, 0, 1, 1, 0, 0, 0, 1
1, 0, 1, 1, 0, 0, 1, 1
1, 0, 1, 1, 0, 1, 0, 1
1, 0, 1, 1, 0, 1, 1, 1
1, 0, 1, 1, 1, 0, 0, 1
1, 0, 1, 1, 1, 0, 1, 1
1, 0, 1, 1, 1, 1, 0, 1
1, 0, 1, 1, 1, 1, 1, 1
1, 1, 0, 0, 0, 0, 0, 1
1, 1, 0, 0, 0, 0, 1, 1
1, 1, 0, 0, 0, 1, 0, 1
1, 1, 0, 0, 0, 1, 1, 1
1, 1, 0, 0, 1, 0, 0, 1
1, 1, 0, 0, 1, 0, 1, 1
1, 1, 0, 0, 1, 1, 0, 1
1, 1, 0, 0, 1, 1, 1, 1
1, 1, 0, 1, 0, 0, 0, 1
1, 1, 0, 1, 0, 0, 1, 1
1, 1, 0, 1, 0, 1, 0, 1
1, 1, 0, 1, 0, 1, 1, 1
1, 1, 0, 1, 1, 0, 0, 1
1, 1, 0, 1, 1, 0, 1, 1
1, 1, 0, 1, 1, 1, 0, 1
1, 1, 0, 1, 1, 1, 1, 1
1, 1, 1, 0, 0, 0, 0, 1
1, 1, 1, 0, 0, 0, 1, 1
1, 1, 1, 0, 0, 1, 0, 1
1, 1, 1, 0, 0, 1, 1, 1
1, 1, 1, 0, 1, 0, 0, 1
1, 1, 1, 0, 1, 0, 1, 1
1, 1, 1, 0, 1, 1, 0, 1
1, 1, 1, 0, 1, 1, 1, 1
1, 1, 1, 1, 0, 0, 0, 1
1, 1, 1, 1, 0, 0, 1, 1
1, 1, 1, 1, 0, 1, 0, 1
1, 1, 1, 1, 0, 1, 1, 1
1, 1, 1, 1, 1, 0, 0, 1
1, 1, 1, 1, 1, 0, 1, 1
1, 1, 1, 1, 1, 1, 0, 1
1, 1, 1, 1, 1, 1, 1, 1
# PIP3_345 (PI3K, PIP3_345)
0, 0
1, 1
# PKA (cAMP, PKA)
0, 0
1, 1
# PKC (DAG, PKC)
0, 0
1, 1
# PLCb (Galpha_Q, PLCb)
0, 0
1, 1
# PLCg (ITK, LAT, ZAP-70, PLCg)
0, 0, 0, 0
0, 0, 1, 1
0, 1, 0, 1
0, 1, 1, 1
1, 0, 0, 1
1, 0, 1, 1
1, 1, 0, 1
1, 1, 1, 1
# Profilin (RIAM, Profilin)
0, 0
1, 1
# proliferation (STAT5_HIGH, proliferation, proliferation)
0, 0, 0
0, 1, 1
1, 0, 1
1, 1, 1
# rac1 (Crk, NOS2A, Paxillin, Vav, was, rac1)
0, 0, 0, 0, 0, 0
0, 0, 0, 0, 1, 1
0, 0, 0, 1, 0, 1
0, 0, 0, 1, 1, 1
0, 0, 1, 0, 0, 0
0, 0, 1, 0, 1, 1
0, 0, 1, 1, 0, 1
0, 0, 1, 1, 1, 1
0, 1, 0, 0, 0, 1
0, 1, 0, 0, 1, 1
0, 1, 0, 1, 0, 1
0, 1, 0, 1, 1, 1
0, 1, 1, 0, 0, 1
0, 1, 1, 0, 1, 1
0, 1, 1, 1, 0, 1
0, 1, 1, 1, 1, 1
1, 0, 0, 0, 0, 0
1, 0, 0, 0, 1, 1
1, 0, 0, 1, 0, 1
1, 0, 0, 1, 1, 1
1, 0, 1, 0, 0, 1
1, 0, 1, 0, 1, 1
1, 0, 1, 1, 0, 1
1, 0, 1, 1, 1, 1
1, 1, 0, 0, 0, 1
1, 1, 0, 0, 1, 1
1, 1, 0, 1, 0, 1
1, 1, 0, 1, 1, 1
1, 1, 1, 0, 0, 1
1, 1, 1, 0, 1, 1
1, 1, 1, 1, 0, 1
1, 1, 1, 1, 1, 1
# RAF1 (Ras, RAF1)
0, 0
1, 1
# Rap1 (C3G, Crk, EPAC, PKA, Rap1)
0, 0, 0, 0, 0
0, 0, 0, 1, 1
0, 0, 1, 0, 1
0, 0, 1, 1, 1
0, 1, 0, 0, 0
0, 1, 0, 1, 1
0, 1, 1, 0, 1
0, 1, 1, 1, 1
1, 0, 0, 0, 0
1, 0, 0, 1, 1
1, 0, 1, 0, 1
1, 0, 1, 1, 1
1, 1, 0, 0, 1
1, 1, 0, 1, 1
1, 1, 1, 0, 1
1, 1, 1, 1, 1
# Ras (RASgrp, Sos, Ras)
0, 0, 0
0, 1, 1
1, 0, 1
1, 1, 1
# RASgrp (DAG, RASgrp)
0, 0
1, 1
# RhoA (CAV1_scaffold, RhoGEF, RhoA)
0, 0, 0
0, 1, 1
1, 0, 1
1, 1, 1
# RhoGEF (FAK_576_577, Galpha12_13R, RhoGEF)
0, 0, 0
0, 1, 1
1, 0, 1
1, 1, 1
# RIAM (Rap1, RIAM)
0, 0
1, 1
# ROCK (RhoA, ROCK)
0, 0
1, 1
# RORGT (RORGT, STAT3, TGFBR, RORGT)
0, 0, 0, 0
0, 0, 1, 0
0, 1, 0, 0
0, 1, 1, 1
1, 0, 0, 0
1, 0, 1, 1
1, 1, 0, 1
1, 1, 1, 1
# RUNX3 (GATA3, TBET, RUNX3)
0, 0, 0
0, 1, 1
1, 0, 0
1, 1, 0
# Shc1 (FYN, IL2R, IL2RB, Shc1)
0, 0, 0, 0
0, 0, 1, 0
0, 1, 0, 0
0, 1, 1, 1
1, 0, 0, 1
1, 0, 1, 1
1, 1, 0, 1
1, 1, 1, 1
# SHP2 (GAB2, IL2RB, SHP2)
0, 0, 0
0, 1, 1
1, 0, 1
1, 1, 1
# SLP_76 (Gads, ZAP-70, SLP-76)
0, 0, 0
0, 1, 1
1, 0, 1
1, 1, 1
# SMAD3 (TGFBR, SMAD3)
0, 0
1, 1
# SOCS1 (STAT3, STAT6, SOCS1)
0, 0, 0
0, 1, 1
1, 0, 1
1, 1, 1
# SOCS3 (STAT3, SOCS3)
0, 0
1, 1
# Sos (Grb2, Sos)
0, 0
1, 1
# Src (Bintegrin, FAK_Tyr397, Src)
0, 0, 0
0, 1, 1
1, 0, 1
1, 1, 1
# STAT1 (IFNBR, IFNGR, IL27R, SOCS1, STAT1)
0, 0, 0, 0, 0
0, 0, 0, 1, 0
0, 0, 1, 0, 1
0, 0, 1, 1, 0
0, 1, 0, 0, 1
0, 1, 0, 1, 0
0, 1, 1, 0, 1
0, 1, 1, 1, 0
1, 0, 0, 0, 1
1, 0, 0, 1, 0
1, 0, 1, 0, 1
1, 0, 1, 1, 0
1, 1, 0, 0, 1
1, 1, 0, 1, 0
1, 1, 1, 0, 1
1, 1, 1, 1, 0
# STAT3 (IL10R, IL21R, IL23R, IL27R, IL6R, STAT3)
0, 0, 0, 0, 0, 0
0, 0, 0, 0, 1, 1
0, 0, 0, 1, 0, 1
0, 0, 0, 1, 1, 1
0, 0, 1, 0, 0, 1
0, 0, 1, 0, 1, 1
0, 0, 1, 1, 0, 1
0, 0, 1, 1, 1, 1
0, 1, 0, 0, 0, 1
0, 1, 0, 0, 1, 1
0, 1, 0, 1, 0, 1
0, 1, 0, 1, 1, 1
0, 1, 1, 0, 0, 1
0, 1, 1, 0, 1, 1
0, 1, 1, 1, 0, 1
0, 1, 1, 1, 1, 1
1, 0, 0, 0, 0, 1
1, 0, 0, 0, 1, 1
1, 0, 0, 1, 0, 1
1, 0, 0, 1, 1, 1
1, 0, 1, 0, 0, 1
1, 0, 1, 0, 1, 1
1, 0, 1, 1, 0, 1
1, 0, 1, 1, 1, 1
1, 1, 0, 0, 0, 1
1, 1, 0, 0, 1, 1
1, 1, 0, 1, 0, 1
1, 1, 0, 1, 1, 1
1, 1, 1, 0, 0, 1
1, 1, 1, 0, 1, 1
1, 1, 1, 1, 0, 1
1, 1, 1, 1, 1, 1
# STAT4 (GATA3, JAK2, P38, Tyk2, STAT4)
0, 0, 0, 0, 0
0, 0, 0, 1, 0
0, 0, 1, 0, 0
0, 0, 1, 1, 1
0, 1, 0, 0, 1
0, 1, 0, 1, 1
0, 1, 1, 0, 1
0, 1, 1, 1, 1
1, 0, 0, 0, 0
1, 0, 0, 1, 0
1, 0, 1, 0, 0
1, 0, 1, 1, 0
1, 1, 0, 0, 0
1, 1, 0, 1, 0
1, 1, 1, 0, 0
1, 1, 1, 1, 0
# STAT5 (IL15R, IL2R, IL4R, JAK1, Lck, SYK, STAT5)
0, 0, 0, 0, 0, 0, 0
0, 0, 0, 0, 0, 1, 1
0, 0, 0, 0, 1, 0, 1
0, 0, 0, 0, 1, 1, 1
0, 0, 0, 1, 0, 0, 1
0, 0, 0, 1, 0, 1, 1
0, 0, 0, 1, 1, 0, 1
0, 0, 0, 1, 1, 1, 1
0, 0, 1, 0, 0, 0, 1
0, 0, 1, 0, 0, 1, 1
0, 0, 1, 0, 1, 0, 1
0, 0, 1, 0, 1, 1, 1
0, 0, 1, 1, 0, 0, 1
0, 0, 1, 1, 0, 1, 1
0, 0, 1, 1, 1, 0, 1
0, 0, 1, 1, 1, 1, 1
0, 1, 0, 0, 0, 0, 1
0, 1, 0, 0, 0, 1, 1
0, 1, 0, 0, 1, 0, 1
0, 1, 0, 0, 1, 1, 1
0, 1, 0, 1, 0, 0, 1
0, 1, 0, 1, 0, 1, 1
0, 1, 0, 1, 1, 0, 1
0, 1, 0, 1, 1, 1, 1
0, 1, 1, 0, 0, 0, 1
0, 1, 1, 0, 0, 1, 1
0, 1, 1, 0, 1, 0, 1
0, 1, 1, 0, 1, 1, 1
0, 1, 1, 1, 0, 0, 1
0, 1, 1, 1, 0, 1, 1
0, 1, 1, 1, 1, 0, 1
0, 1, 1, 1, 1, 1, 1
1, 0, 0, 0, 0, 0, 1
1, 0, 0, 0, 0, 1, 1
1, 0, 0, 0, 1, 0, 1
1, 0, 0, 0, 1, 1, 1
1, 0, 0, 1, 0, 0, 1
1, 0, 0, 1, 0, 1, 1
1, 0, 0, 1, 1, 0, 1
1, 0, 0, 1, 1, 1, 1
1, 0, 1, 0, 0, 0, 1
1, 0, 1, 0, 0, 1, 1
1, 0, 1, 0, 1, 0, 1
1, 0, 1, 0, 1, 1, 1
1, 0, 1, 1, 0, 0, 1
1, 0, 1, 1, 0, 1, 1
1, 0, 1, 1, 1, 0, 1
1, 0, 1, 1, 1, 1, 1
1, 1, 0, 0, 0, 0, 1
1, 1, 0, 0, 0, 1, 1
1, 1, 0, 0, 1, 0, 1
1, 1, 0, 0, 1, 1, 1
1, 1, 0, 1, 0, 0, 1
1, 1, 0, 1, 0, 1, 1
1, 1, 0, 1, 1, 0, 1
1, 1, 0, 1, 1, 1, 1
1, 1, 1, 0, 0, 0, 1
1, 1, 1, 0, 0, 1, 1
1, 1, 1, 0, 1, 0, 1
1, 1, 1, 0, 1, 1, 1
1, 1, 1, 1, 0, 0, 1
1, 1, 1, 1, 0, 1, 1
1, 1, 1, 1, 1, 0, 1
1, 1, 1, 1, 1, 1, 1
# STAT5_HIGH (IL2R_HIGH, IL4R_HIGH, STAT5_HIGH)
0, 0, 0
0, 1, 1
1, 0, 1
1, 1, 1
# STAT6 (IL4R, STAT6)
0, 0
1, 1
# SYK (IL2R, SYK)
0, 0
1, 1
# TAK1 (TRAF6, TAK1)
0, 0
1, 1
# TBET (GATA3, STAT1, TBET, TBET)
0, 0, 0, 0
0, 0, 1, 1
0, 1, 0, 1
0, 1, 1, 1
1, 0, 0, 0
1, 0, 1, 0
1, 1, 0, 0
1, 1, 1, 0
# TCR (APC, CD28, TCR)
0, 0, 0
0, 1, 0
1, 0, 0
1, 1, 1
# TGFB (FOXP3, NFAT, proliferation, TGFB)
0, 0, 0, 0
0, 0, 1, 0
0, 1, 0, 0
0, 1, 1, 0
1, 0, 0, 0
1, 0, 1, 0
1, 1, 0, 0
1, 1, 1, 1
# TGFBR (TGFB, TGFB_e, TGFBR)
0, 0, 0
0, 1, 1
1, 0, 1
1, 1, 1
# TRAF6 (IRAK1, TRAF6)
0, 0
1, 1
# Tyk2 (IL12RB1, IL12RB2, Tyk2)
0, 0, 0
0, 1, 0
1, 0, 0
1, 1, 1
# Vav (SLP-76, Vav)
0, 0
1, 1
# was (Src, was)
0, 0
1, 1
# WAVE_2 (IRSp53, rac1, WAVE-2)
0, 0, 0
0, 1, 0
1, 0, 0
1, 1, 1
# ZAP_70 (CD3, ITAMS, ZAP-70)
0, 0, 0
0, 1, 0
1, 0, 0
1, 1, 1
