## BCL6 FOXP3 GATA3 IFNG IL10 IL2 IL21 IL4 IL9 RORGT TBET TGFB IL10e IL4e IL2e IL21e TGFBe IFNGe
# BCL6 (IL2, IL21, TBET, TGFB, BCL6)
0, 0, 0, 0, 0
0, 0, 0, 1, 0
0, 0, 1, 0, 0
0, 0, 1, 1, 0
0, 1, 0, 0, 1
0, 1, 0, 1, 0
0, 1, 1, 0, 0
0, 1, 1, 1, 0
1, 0, 0, 0, 0
1, 0, 0, 1, 0
1, 0, 1, 0, 0
1, 0, 1, 1, 0
1, 1, 0, 0, 0
1, 1, 0, 1, 0
1, 1, 1, 0, 0
1, 1, 1, 1, 0
# FOXP3 (FOXP3, IL2, IL21, RORGT, TGFB, FOXP3)
0, 0, 0, 0, 0, 0
0, 0, 0, 0, 1, 0
0, 0, 0, 1, 0, 0
0, 0, 0, 1, 1, 0
0, 0, 1, 0, 0, 0
0, 0, 1, 0, 1, 0
0, 0, 1, 1, 0, 0
0, 0, 1, 1, 1, 0
0, 1, 0, 0, 0, 0
0, 1, 0, 0, 1, 1
0, 1, 0, 1, 0, 0
0, 1, 0, 1, 1, 0
0, 1, 1, 0, 0, 0
0, 1, 1, 0, 1, 0
0, 1, 1, 1, 0, 0
0, 1, 1, 1, 1, 0
1, 0, 0, 0, 0, 0
1, 0, 0, 0, 1, 0
1, 0, 0, 1, 0, 0
1, 0, 0, 1, 1, 0
1, 0, 1, 0, 0, 0
1, 0, 1, 0, 1, 0
1, 0, 1, 1, 0, 0
1, 0, 1, 1, 1, 0
1, 1, 0, 0, 0, 1
1, 1, 0, 0, 1, 1
1, 1, 0, 1, 0, 0
1, 1, 0, 1, 1, 0
1, 1, 1, 0, 0, 0
1, 1, 1, 0, 1, 0
1, 1, 1, 1, 0, 0
1, 1, 1, 1, 1, 0
# GATA3 (BCL6, GATA3, IFNG, IL2, IL21, IL4, TBET, TGFB, GATA3)
0, 0, 0, 0, 0, 0, 0, 0, 0
0, 0, 0, 0, 0, 0, 0, 1, 0
0, 0, 0, 0, 0, 0, 1, 0, 0
0, 0, 0, 0, 0, 0, 1, 1, 0
0, 0, 0, 0, 0, 1, 0, 0, 0
0, 0, 0, 0, 0, 1, 0, 1, 0
0, 0, 0, 0, 0, 1, 1, 0, 0
0, 0, 0, 0, 0, 1, 1, 1, 0
0, 0, 0, 0, 1, 0, 0, 0, 0
0, 0, 0, 0, 1, 0, 0, 1, 0
0, 0, 0, 0, 1, 0, 1, 0, 0
0, 0, 0, 0, 1, 0, 1, 1, 0
0, 0, 0, 0, 1, 1, 0, 0, 0
0, 0, 0, 0, 1, 1, 0, 1, 0
0, 0, 0, 0, 1, 1, 1, 0, 0
0, 0, 0, 0, 1, 1, 1, 1, 0
0, 0, 0, 1, 0, 0, 0, 0, 0
0, 0, 0, 1, 0, 0, 0, 1, 0
0, 0, 0, 1, 0, 0, 1, 0, 0
0, 0, 0, 1, 0, 0, 1, 1, 0
0, 0, 0, 1, 0, 1, 0, 0, 1
0, 0, 0, 1, 0, 1, 0, 1, 0
0, 0, 0, 1, 0, 1, 1, 0, 0
0, 0, 0, 1, 0, 1, 1, 1, 0
0, 0, 0, 1, 1, 0, 0, 0, 0
0, 0, 0, 1, 1, 0, 0, 1, 0
0, 0, 0, 1, 1, 0, 1, 0, 0
0, 0, 0, 1, 1, 0, 1, 1, 0
0, 0, 0, 1, 1, 1, 0, 0, 0
0, 0, 0, 1, 1, 1, 0, 1, 0
0, 0, 0, 1, 1, 1, 1, 0, 0
0, 0, 0, 1, 1, 1, 1, 1, 0
0, 0, 1, 0, 0, 0, 0, 0, 0
0, 0, 1, 0, 0, 0, 0, 1, 0
0, 0, 1, 0, 0, 0, 1, 0, 0
0, 0, 1, 0, 0, 0, 1, 1, 0
0, 0, 1, 0, 0, 1, 0, 0, 0
0, 0, 1, 0, 0, 1, 0, 1, 0
0, 0, 1, 0, 0, 1, 1, 0, 0
0, 0, 1, 0, 0, 1, 1, 1, 0
0, 0, 1, 0, 1, 0, 0, 0, 0
0, 0, 1, 0, 1, 0, 0, 1, 0
0, 0, 1, 0, 1, 0, 1, 0, 0
0, 0, 1, 0, 1, 0, 1, 1, 0
0, 0, 1, 0, 1, 1, 0, 0, 0
0, 0, 1, 0, 1, 1, 0, 1, 0
0, 0, 1, 0, 1, 1, 1, 0, 0
0, 0, 1, 0, 1, 1, 1, 1, 0
0, 0, 1, 1, 0, 0, 0, 0, 0
0, 0, 1, 1, 0, 0, 0, 1, 0
0, 0, 1, 1, 0, 0, 1, 0, 0
0, 0, 1, 1, 0, 0, 1, 1, 0
0, 0, 1, 1, 0, 1, 0, 0, 0
0, 0, 1, 1, 0, 1, 0, 1, 0
0, 0, 1, 1, 0, 1, 1, 0, 0
0, 0, 1, 1, 0, 1, 1, 1, 0
0, 0, 1, 1, 1, 0, 0, 0, 0
0, 0, 1, 1, 1, 0, 0, 1, 0
0, 0, 1, 1, 1, 0, 1, 0, 0
0, 0, 1, 1, 1, 0, 1, 1, 0
0, 0, 1, 1, 1, 1, 0, 0, 0
0, 0, 1, 1, 1, 1, 0, 1, 0
0, 0, 1, 1, 1, 1, 1, 0, 0
0, 0, 1, 1, 1, 1, 1, 1, 0
0, 1, 0, 0, 0, 0, 0, 0, 1
0, 1, 0, 0, 0, 0, 0, 1, 0
0, 1, 0, 0, 0, 0, 1, 0, 0
0, 1, 0, 0, 0, 0, 1, 1, 0
0, 1, 0, 0, 0, 1, 0, 0, 1
0, 1, 0, 0, 0, 1, 0, 1, 0
0, 1, 0, 0, 0, 1, 1, 0, 0
0, 1, 0, 0, 0, 1, 1, 1, 0
0, 1, 0, 0, 1, 0, 0, 0, 0
0, 1, 0, 0, 1, 0, 0, 1, 0
0, 1, 0, 0, 1, 0, 1, 0, 0
0, 1, 0, 0, 1, 0, 1, 1, 0
0, 1, 0, 0, 1, 1, 0, 0, 0
0, 1, 0, 0, 1, 1, 0, 1, 0
0, 1, 0, 0, 1, 1, 1, 0, 0
0, 1, 0, 0, 1, 1, 1, 1, 0
0, 1, 0, 1, 0, 0, 0, 0, 1
0, 1, 0, 1, 0, 0, 0, 1, 0
0, 1, 0, 1, 0, 0, 1, 0, 0
0, 1, 0, 1, 0, 0, 1, 1, 0
0, 1, 0, 1, 0, 1, 0, 0, 1
0, 1, 0, 1, 0, 1, 0, 1, 0
0, 1, 0, 1, 0, 1, 1, 0, 0
0, 1, 0, 1, 0, 1, 1, 1, 0
0, 1, 0, 1, 1, 0, 0, 0, 0
0, 1, 0, 1, 1, 0, 0, 1, 0
0, 1, 0, 1, 1, 0, 1, 0, 0
0, 1, 0, 1, 1, 0, 1, 1, 0
0, 1, 0, 1, 1, 1, 0, 0, 0
0, 1, 0, 1, 1, 1, 0, 1, 0
0, 1, 0, 1, 1, 1, 1, 0, 0
0, 1, 0, 1, 1, 1, 1, 1, 0
0, 1, 1, 0, 0, 0, 0, 0, 0
0, 1, 1, 0, 0, 0, 0, 1, 0
0, 1, 1, 0, 0, 0, 1, 0, 0
0, 1, 1, 0, 0, 0, 1, 1, 0
0, 1, 1, 0, 0, 1, 0, 0, 0
0, 1, 1, 0, 0, 1, 0, 1, 0
0, 1, 1, 0, 0, 1, 1, 0, 0
0, 1, 1, 0, 0, 1, 1, 1, 0
0, 1, 1, 0, 1, 0, 0, 0, 0
0, 1, 1, 0, 1, 0, 0, 1, 0
0, 1, 1, 0, 1, 0, 1, 0, 0
0, 1, 1, 0, 1, 0, 1, 1, 0
0, 1, 1, 0, 1, 1, 0, 0, 0
0, 1, 1, 0, 1, 1, 0, 1, 0
0, 1, 1, 0, 1, 1, 1, 0, 0
0, 1, 1, 0, 1, 1, 1, 1, 0
0, 1, 1, 1, 0, 0, 0, 0, 0
0, 1, 1, 1, 0, 0, 0, 1, 0
0, 1, 1, 1, 0, 0, 1, 0, 0
0, 1, 1, 1, 0, 0, 1, 1, 0
0, 1, 1, 1, 0, 1, 0, 0, 0
0, 1, 1, 1, 0, 1, 0, 1, 0
0, 1, 1, 1, 0, 1, 1, 0, 0
0, 1, 1, 1, 0, 1, 1, 1, 0
0, 1, 1, 1, 1, 0, 0, 0, 0
0, 1, 1, 1, 1, 0, 0, 1, 0
0, 1, 1, 1, 1, 0, 1, 0, 0
0, 1, 1, 1, 1, 0, 1, 1, 0
0, 1, 1, 1, 1, 1, 0, 0, 0
0, 1, 1, 1, 1, 1, 0, 1, 0
0, 1, 1, 1, 1, 1, 1, 0, 0
0, 1, 1, 1, 1, 1, 1, 1, 0
1, 0, 0, 0, 0, 0, 0, 0, 0
1, 0, 0, 0, 0, 0, 0, 1, 0
1, 0, 0, 0, 0, 0, 1, 0, 0
1, 0, 0, 0, 0, 0, 1, 1, 0
1, 0, 0, 0, 0, 1, 0, 0, 0
1, 0, 0, 0, 0, 1, 0, 1, 0
1, 0, 0, 0, 0, 1, 1, 0, 0
1, 0, 0, 0, 0, 1, 1, 1, 0
1, 0, 0, 0, 1, 0, 0, 0, 0
1, 0, 0, 0, 1, 0, 0, 1, 0
1, 0, 0, 0, 1, 0, 1, 0, 0
1, 0, 0, 0, 1, 0, 1, 1, 0
1, 0, 0, 0, 1, 1, 0, 0, 0
1, 0, 0, 0, 1, 1, 0, 1, 0
1, 0, 0, 0, 1, 1, 1, 0, 0
1, 0, 0, 0, 1, 1, 1, 1, 0
1, 0, 0, 1, 0, 0, 0, 0, 0
1, 0, 0, 1, 0, 0, 0, 1, 0
1, 0, 0, 1, 0, 0, 1, 0, 0
1, 0, 0, 1, 0, 0, 1, 1, 0
1, 0, 0, 1, 0, 1, 0, 0, 0
1, 0, 0, 1, 0, 1, 0, 1, 0
1, 0, 0, 1, 0, 1, 1, 0, 0
1, 0, 0, 1, 0, 1, 1, 1, 0
1, 0, 0, 1, 1, 0, 0, 0, 0
1, 0, 0, 1, 1, 0, 0, 1, 0
1, 0, 0, 1, 1, 0, 1, 0, 0
1, 0, 0, 1, 1, 0, 1, 1, 0
1, 0, 0, 1, 1, 1, 0, 0, 0
1, 0, 0, 1, 1, 1, 0, 1, 0
1, 0, 0, 1, 1, 1, 1, 0, 0
1, 0, 0, 1, 1, 1, 1, 1, 0
1, 0, 1, 0, 0, 0, 0, 0, 0
1, 0, 1, 0, 0, 0, 0, 1, 0
1, 0, 1, 0, 0, 0, 1, 0, 0
1, 0, 1, 0, 0, 0, 1, 1, 0
1, 0, 1, 0, 0, 1, 0, 0, 0
1, 0, 1, 0, 0, 1, 0, 1, 0
1, 0, 1, 0, 0, 1, 1, 0, 0
1, 0, 1, 0, 0, 1, 1, 1, 0
1, 0, 1, 0, 1, 0, 0, 0, 0
1, 0, 1, 0, 1, 0, 0, 1, 0
1, 0, 1, 0, 1, 0, 1, 0, 0
1, 0, 1, 0, 1, 0, 1, 1, 0
1, 0, 1, 0, 1, 1, 0, 0, 0
1, 0, 1, 0, 1, 1, 0, 1, 0
1, 0, 1, 0, 1, 1, 1, 0, 0
1, 0, 1, 0, 1, 1, 1, 1, 0
1, 0, 1, 1, 0, 0, 0, 0, 0
1, 0, 1, 1, 0, 0, 0, 1, 0
1, 0, 1, 1, 0, 0, 1, 0, 0
1, 0, 1, 1, 0, 0, 1, 1, 0
1, 0, 1, 1, 0, 1, 0, 0, 0
1, 0, 1, 1, 0, 1, 0, 1, 0
1, 0, 1, 1, 0, 1, 1, 0, 0
1, 0, 1, 1, 0, 1, 1, 1, 0
1, 0, 1, 1, 1, 0, 0, 0, 0
1, 0, 1, 1, 1, 0, 0, 1, 0
1, 0, 1, 1, 1, 0, 1, 0, 0
1, 0, 1, 1, 1, 0, 1, 1, 0
1, 0, 1, 1, 1, 1, 0, 0, 0
1, 0, 1, 1, 1, 1, 0, 1, 0
1, 0, 1, 1, 1, 1, 1, 0, 0
1, 0, 1, 1, 1, 1, 1, 1, 0
1, 1, 0, 0, 0, 0, 0, 0, 0
1, 1, 0, 0, 0, 0, 0, 1, 0
1, 1, 0, 0, 0, 0, 1, 0, 0
1, 1, 0, 0, 0, 0, 1, 1, 0
1, 1, 0, 0, 0, 1, 0, 0, 0
1, 1, 0, 0, 0, 1, 0, 1, 0
1, 1, 0, 0, 0, 1, 1, 0, 0
1, 1, 0, 0, 0, 1, 1, 1, 0
1, 1, 0, 0, 1, 0, 0, 0, 0
1, 1, 0, 0, 1, 0, 0, 1, 0
1, 1, 0, 0, 1, 0, 1, 0, 0
1, 1, 0, 0, 1, 0, 1, 1, 0
1, 1, 0, 0, 1, 1, 0, 0, 0
1, 1, 0, 0, 1, 1, 0, 1, 0
1, 1, 0, 0, 1, 1, 1, 0, 0
1, 1, 0, 0, 1, 1, 1, 1, 0
1, 1, 0, 1, 0, 0, 0, 0, 0
1, 1, 0, 1, 0, 0, 0, 1, 0
1, 1, 0, 1, 0, 0, 1, 0, 0
1, 1, 0, 1, 0, 0, 1, 1, 0
1, 1, 0, 1, 0, 1, 0, 0, 0
1, 1, 0, 1, 0, 1, 0, 1, 0
1, 1, 0, 1, 0, 1, 1, 0, 0
1, 1, 0, 1, 0, 1, 1, 1, 0
1, 1, 0, 1, 1, 0, 0, 0, 0
1, 1, 0, 1, 1, 0, 0, 1, 0
1, 1, 0, 1, 1, 0, 1, 0, 0
1, 1, 0, 1, 1, 0, 1, 1, 0
1, 1, 0, 1, 1, 1, 0, 0, 0
1, 1, 0, 1, 1, 1, 0, 1, 0
1, 1, 0, 1, 1, 1, 1, 0, 0
1, 1, 0, 1, 1, 1, 1, 1, 0
1, 1, 1, 0, 0, 0, 0, 0, 0
1, 1, 1, 0, 0, 0, 0, 1, 0
1, 1, 1, 0, 0, 0, 1, 0, 0
1, 1, 1, 0, 0, 0, 1, 1, 0
1, 1, 1, 0, 0, 1, 0, 0, 0
1, 1, 1, 0, 0, 1, 0, 1, 0
1, 1, 1, 0, 0, 1, 1, 0, 0
1, 1, 1, 0, 0, 1, 1, 1, 0
1, 1, 1, 0, 1, 0, 0, 0, 0
1, 1, 1, 0, 1, 0, 0, 1, 0
1, 1, 1, 0, 1, 0, 1, 0, 0
1, 1, 1, 0, 1, 0, 1, 1, 0
1, 1, 1, 0, 1, 1, 0, 0, 0
1, 1, 1, 0, 1, 1, 0, 1, 0
1, 1, 1, 0, 1, 1, 1, 0, 0
1, 1, 1, 0, 1, 1, 1, 1, 0
1, 1, 1, 1, 0, 0, 0, 0, 0
1, 1, 1, 1, 0, 0, 0, 1, 0
1, 1, 1, 1, 0, 0, 1, 0, 0
1, 1, 1, 1, 0, 0, 1, 1, 0
1, 1, 1, 1, 0, 1, 0, 0, 0
1, 1, 1, 1, 0, 1, 0, 1, 0
1, 1, 1, 1, 0, 1, 1, 0, 0
1, 1, 1, 1, 0, 1, 1, 1, 0
1, 1, 1, 1, 1, 0, 0, 0, 0
1, 1, 1, 1, 1, 0, 0, 1, 0
1, 1, 1, 1, 1, 0, 1, 0, 0
1, 1, 1, 1, 1, 0, 1, 1, 0
1, 1, 1, 1, 1, 1, 0, 0, 0
1, 1, 1, 1, 1, 1, 0, 1, 0
1, 1, 1, 1, 1, 1, 1, 0, 0
1, 1, 1, 1, 1, 1, 1, 1, 0
# IFNG (BCL6, GATA3, IFNG, IFNGe, IL10, IL21, IL4, IL9, TBET, TGFB, IFNG)
0, 0, 0, 0, 0, 0, 0, 0, 0, 0, 0
0, 0, 0, 0, 0, 0, 0, 0, 0, 1, 0
0, 0, 0, 0, 0, 0, 0, 0, 1, 0, 1
0, 0, 0, 0, 0, 0, 0, 0, 1, 1, 0
0, 0, 0, 0, 0, 0, 0, 1, 0, 0, 0
0, 0, 0, 0, 0, 0, 0, 1, 0, 1, 0
0, 0, 0, 0, 0, 0, 0, 1, 1, 0, 0
0, 0, 0, 0, 0, 0, 0, 1, 1, 1, 0
0, 0, 0, 0, 0, 0, 1, 0, 0, 0, 0
0, 0, 0, 0, 0, 0, 1, 0, 0, 1, 0
0, 0, 0, 0, 0, 0, 1, 0, 1, 0, 0
0, 0, 0, 0, 0, 0, 1, 0, 1, 1, 0
0, 0, 0, 0, 0, 0, 1, 1, 0, 0, 0
0, 0, 0, 0, 0, 0, 1, 1, 0, 1, 0
0, 0, 0, 0, 0, 0, 1, 1, 1, 0, 0
0, 0, 0, 0, 0, 0, 1, 1, 1, 1, 0
0, 0, 0, 0, 0, 1, 0, 0, 0, 0, 0
0, 0, 0, 0, 0, 1, 0, 0, 0, 1, 0
0, 0, 0, 0, 0, 1, 0, 0, 1, 0, 0
0, 0, 0, 0, 0, 1, 0, 0, 1, 1, 0
0, 0, 0, 0, 0, 1, 0, 1, 0, 0, 0
0, 0, 0, 0, 0, 1, 0, 1, 0, 1, 0
0, 0, 0, 0, 0, 1, 0, 1, 1, 0, 0
0, 0, 0, 0, 0, 1, 0, 1, 1, 1, 0
0, 0, 0, 0, 0, 1, 1, 0, 0, 0, 0
0, 0, 0, 0, 0, 1, 1, 0, 0, 1, 0
0, 0, 0, 0, 0, 1, 1, 0, 1, 0, 0
0, 0, 0, 0, 0, 1, 1, 0, 1, 1, 0
0, 0, 0, 0, 0, 1, 1, 1, 0, 0, 0
0, 0, 0, 0, 0, 1, 1, 1, 0, 1, 0
0, 0, 0, 0, 0, 1, 1, 1, 1, 0, 0
0, 0, 0, 0, 0, 1, 1, 1, 1, 1, 0
0, 0, 0, 0, 1, 0, 0, 0, 0, 0, 0
0, 0, 0, 0, 1, 0, 0, 0, 0, 1, 0
0, 0, 0, 0, 1, 0, 0, 0, 1, 0, 0
0, 0, 0, 0, 1, 0, 0, 0, 1, 1, 0
0, 0, 0, 0, 1, 0, 0, 1, 0, 0, 0
0, 0, 0, 0, 1, 0, 0, 1, 0, 1, 0
0, 0, 0, 0, 1, 0, 0, 1, 1, 0, 0
0, 0, 0, 0, 1, 0, 0, 1, 1, 1, 0
0, 0, 0, 0, 1, 0, 1, 0, 0, 0, 0
0, 0, 0, 0, 1, 0, 1, 0, 0, 1, 0
0, 0, 0, 0, 1, 0, 1, 0, 1, 0, 0
0, 0, 0, 0, 1, 0, 1, 0, 1, 1, 0
0, 0, 0, 0, 1, 0, 1, 1, 0, 0, 0
0, 0, 0, 0, 1, 0, 1, 1, 0, 1, 0
0, 0, 0, 0, 1, 0, 1, 1, 1, 0, 0
0, 0, 0, 0, 1, 0, 1, 1, 1, 1, 0
0, 0, 0, 0, 1, 1, 0, 0, 0, 0, 0
0, 0, 0, 0, 1, 1, 0, 0, 0, 1, 0
0, 0, 0, 0, 1, 1, 0, 0, 1, 0, 0
0, 0, 0, 0, 1, 1, 0, 0, 1, 1, 0
0, 0, 0, 0, 1, 1, 0, 1, 0, 0, 0
0, 0, 0, 0, 1, 1, 0, 1, 0, 1, 0
0, 0, 0, 0, 1, 1, 0, 1, 1, 0, 0
0, 0, 0, 0, 1, 1, 0, 1, 1, 1, 0
0, 0, 0, 0, 1, 1, 1, 0, 0, 0, 0
0, 0, 0, 0, 1, 1, 1, 0, 0, 1, 0
0, 0, 0, 0, 1, 1, 1, 0, 1, 0, 0
0, 0, 0, 0, 1, 1, 1, 0, 1, 1, 0
0, 0, 0, 0, 1, 1, 1, 1, 0, 0, 0
0, 0, 0, 0, 1, 1, 1, 1, 0, 1, 0
0, 0, 0, 0, 1, 1, 1, 1, 1, 0, 0
0, 0, 0, 0, 1, 1, 1, 1, 1, 1, 0
0, 0, 0, 1, 0, 0, 0, 0, 0, 0, 1
0, 0, 0, 1, 0, 0, 0, 0, 0, 1, 1
0, 0, 0, 1, 0, 0, 0, 0, 1, 0, 1
0, 0, 0, 1, 0, 0, 0, 0, 1, 1, 1
0, 0, 0, 1, 0, 0, 0, 1, 0, 0, 0
0, 0, 0, 1, 0, 0, 0, 1, 0, 1, 0
0, 0, 0, 1, 0, 0, 0, 1, 1, 0, 0
0, 0, 0, 1, 0, 0, 0, 1, 1, 1, 0
0, 0, 0, 1, 0, 0, 1, 0, 0, 0, 0
0, 0, 0, 1, 0, 0, 1, 0, 0, 1, 0
0, 0, 0, 1, 0, 0, 1, 0, 1, 0, 0
0, 0, 0, 1, 0, 0, 1, 0, 1, 1, 0
0, 0, 0, 1, 0, 0, 1, 1, 0, 0, 0
0, 0, 0, 1, 0, 0, 1, 1, 0, 1, 0
0, 0, 0, 1, 0, 0, 1, 1, 1, 0, 0
0, 0, 0, 1, 0, 0, 1, 1, 1, 1, 0
0, 0, 0, 1, 0, 1, 0, 0, 0, 0, 0
0, 0, 0, 1, 0, 1, 0, 0, 0, 1, 0
0, 0, 0, 1, 0, 1, 0, 0, 1, 0, 0
0, 0, 0, 1, 0, 1, 0, 0, 1, 1, 0
0, 0, 0, 1, 0, 1, 0, 1, 0, 0, 0
0, 0, 0, 1, 0, 1, 0, 1, 0, 1, 0
0, 0, 0, 1, 0, 1, 0, 1, 1, 0, 0
0, 0, 0, 1, 0, 1, 0, 1, 1, 1, 0
0, 0, 0, 1, 0, 1, 1, 0, 0, 0, 0
0, 0, 0, 1, 0, 1, 1, 0, 0, 1, 0
0, 0, 0, 1, 0, 1, 1, 0, 1, 0, 0
0, 0, 0, 1, 0, 1, 1, 0, 1, 1, 0
0, 0, 0, 1, 0, 1, 1, 1, 0, 0, 0
0, 0, 0, 1, 0, 1, 1, 1, 0, 1, 0
0, 0, 0, 1, 0, 1, 1, 1, 1, 0, 0
0, 0, 0, 1, 0, 1, 1, 1, 1, 1, 0
0, 0, 0, 1, 1, 0, 0, 0, 0, 0, 0
0, 0, 0, 1, 1, 0, 0, 0, 0, 1, 0
0, 0, 0, 1, 1, 0, 0, 0, 1, 0, 0
0, 0, 0, 1, 1, 0, 0, 0, 1, 1, 0
0, 0, 0, 1, 1, 0, 0, 1, 0, 0, 0
0, 0, 0, 1, 1, 0, 0, 1, 0, 1, 0
0, 0, 0, 1, 1, 0, 0, 1, 1, 0, 0
0, 0, 0, 1, 1, 0, 0, 1, 1, 1, 0
0, 0, 0, 1, 1, 0, 1, 0, 0, 0, 0
0, 0, 0, 1, 1, 0, 1, 0, 0, 1, 0
0, 0, 0, 1, 1, 0, 1, 0, 1, 0, 0
0, 0, 0, 1, 1, 0, 1, 0, 1, 1, 0
0, 0, 0, 1, 1, 0, 1, 1, 0, 0, 0
0, 0, 0, 1, 1, 0, 1, 1, 0, 1, 0
0, 0, 0, 1, 1, 0, 1, 1, 1, 0, 0
0, 0, 0, 1, 1, 0, 1, 1, 1, 1, 0
0, 0, 0, 1, 1, 1, 0, 0, 0, 0, 0
0, 0, 0, 1, 1, 1, 0, 0, 0, 1, 0
0, 0, 0, 1, 1, 1, 0, 0, 1, 0, 0
0, 0, 0, 1, 1, 1, 0, 0, 1, 1, 0
0, 0, 0, 1, 1, 1, 0, 1, 0, 0, 0
0, 0, 0, 1, 1, 1, 0, 1, 0, 1, 0
0, 0, 0, 1, 1, 1, 0, 1, 1, 0, 0
0, 0, 0, 1, 1, 1, 0, 1, 1, 1, 0
0, 0, 0, 1, 1, 1, 1, 0, 0, 0, 0
0, 0, 0, 1, 1, 1, 1, 0, 0, 1, 0
0, 0, 0, 1, 1, 1, 1, 0, 1, 0, 0
0, 0, 0, 1, 1, 1, 1, 0, 1, 1, 0
0, 0, 0, 1, 1, 1, 1, 1, 0, 0, 0
0, 0, 0, 1, 1, 1, 1, 1, 0, 1, 0
0, 0, 0, 1, 1, 1, 1, 1, 1, 0, 0
0, 0, 0, 1, 1, 1, 1, 1, 1, 1, 0
0, 0, 1, 0, 0, 0, 0, 0, 0, 0, 1
0, 0, 1, 0, 0, 0, 0, 0, 0, 1, 0
0, 0, 1, 0, 0, 0, 0, 0, 1, 0, 1
0, 0, 1, 0, 0, 0, 0, 0, 1, 1, 0
0, 0, 1, 0, 0, 0, 0, 1, 0, 0, 0
0, 0, 1, 0, 0, 0, 0, 1, 0, 1, 0
0, 0, 1, 0, 0, 0, 0, 1, 1, 0, 0
0, 0, 1, 0, 0, 0, 0, 1, 1, 1, 0
0, 0, 1, 0, 0, 0, 1, 0, 0, 0, 0
0, 0, 1, 0, 0, 0, 1, 0, 0, 1, 0
0, 0, 1, 0, 0, 0, 1, 0, 1, 0, 0
0, 0, 1, 0, 0, 0, 1, 0, 1, 1, 0
0, 0, 1, 0, 0, 0, 1, 1, 0, 0, 0
0, 0, 1, 0, 0, 0, 1, 1, 0, 1, 0
0, 0, 1, 0, 0, 0, 1, 1, 1, 0, 0
0, 0, 1, 0, 0, 0, 1, 1, 1, 1, 0
0, 0, 1, 0, 0, 1, 0, 0, 0, 0, 0
0, 0, 1, 0, 0, 1, 0, 0, 0, 1, 0
0, 0, 1, 0, 0, 1, 0, 0, 1, 0, 0
0, 0, 1, 0, 0, 1, 0, 0, 1, 1, 0
0, 0, 1, 0, 0, 1, 0, 1, 0, 0, 0
0, 0, 1, 0, 0, 1, 0, 1, 0, 1, 0
0, 0, 1, 0, 0, 1, 0, 1, 1, 0, 0
0, 0, 1, 0, 0, 1, 0, 1, 1, 1, 0
0, 0, 1, 0, 0, 1, 1, 0, 0, 0, 0
0, 0, 1, 0, 0, 1, 1, 0, 0, 1, 0
0, 0, 1, 0, 0, 1, 1, 0, 1, 0, 0
0, 0, 1, 0, 0, 1, 1, 0, 1, 1, 0
0, 0, 1, 0, 0, 1, 1, 1, 0, 0, 0
0, 0, 1, 0, 0, 1, 1, 1, 0, 1, 0
0, 0, 1, 0, 0, 1, 1, 1, 1, 0, 0
0, 0, 1, 0, 0, 1, 1, 1, 1, 1, 0
0, 0, 1, 0, 1, 0, 0, 0, 0, 0, 0
0, 0, 1, 0, 1, 0, 0, 0, 0, 1, 0
0, 0, 1, 0, 1, 0, 0, 0, 1, 0, 0
0, 0, 1, 0, 1, 0, 0, 0, 1, 1, 0
0, 0, 1, 0, 1, 0, 0, 1, 0, 0, 0
0, 0, 1, 0, 1, 0, 0, 1, 0, 1, 0
0, 0, 1, 0, 1, 0, 0, 1, 1, 0, 0
0, 0, 1, 0, 1, 0, 0, 1, 1, 1, 0
0, 0, 1, 0, 1, 0, 1, 0, 0, 0, 0
0, 0, 1, 0, 1, 0, 1, 0, 0, 1, 0
0, 0, 1, 0, 1, 0, 1, 0, 1, 0, 0
0, 0, 1, 0, 1, 0, 1, 0, 1, 1, 0
0, 0, 1, 0, 1, 0, 1, 1, 0, 0, 0
0, 0, 1, 0, 1, 0, 1, 1, 0, 1, 0
0, 0, 1, 0, 1, 0, 1, 1, 1, 0, 0
0, 0, 1, 0, 1, 0, 1, 1, 1, 1, 0
0, 0, 1, 0, 1, 1, 0, 0, 0, 0, 0
0, 0, 1, 0, 1, 1, 0, 0, 0, 1, 0
0, 0, 1, 0, 1, 1, 0, 0, 1, 0, 0
0, 0, 1, 0, 1, 1, 0, 0, 1, 1, 0
0, 0, 1, 0, 1, 1, 0, 1, 0, 0, 0
0, 0, 1, 0, 1, 1, 0, 1, 0, 1, 0
0, 0, 1, 0, 1, 1, 0, 1, 1, 0, 0
0, 0, 1, 0, 1, 1, 0, 1, 1, 1, 0
0, 0, 1, 0, 1, 1, 1, 0, 0, 0, 0
0, 0, 1, 0, 1, 1, 1, 0, 0, 1, 0
0, 0, 1, 0, 1, 1, 1, 0, 1, 0, 0
0, 0, 1, 0, 1, 1, 1, 0, 1, 1, 0
0, 0, 1, 0, 1, 1, 1, 1, 0, 0, 0
0, 0, 1, 0, 1, 1, 1, 1, 0, 1, 0
0, 0, 1, 0, 1, 1, 1, 1, 1, 0, 0
0, 0, 1, 0, 1, 1, 1, 1, 1, 1, 0
0, 0, 1, 1, 0, 0, 0, 0, 0, 0, 1
0, 0, 1, 1, 0, 0, 0, 0, 0, 1, 1
0, 0, 1, 1, 0, 0, 0, 0, 1, 0, 1
0, 0, 1, 1, 0, 0, 0, 0, 1, 1, 1
0, 0, 1, 1, 0, 0, 0, 1, 0, 0, 0
0, 0, 1, 1, 0, 0, 0, 1, 0, 1, 0
0, 0, 1, 1, 0, 0, 0, 1, 1, 0, 0
0, 0, 1, 1, 0, 0, 0, 1, 1, 1, 0
0, 0, 1, 1, 0, 0, 1, 0, 0, 0, 0
0, 0, 1, 1, 0, 0, 1, 0, 0, 1, 0
0, 0, 1, 1, 0, 0, 1, 0, 1, 0, 0
0, 0, 1, 1, 0, 0, 1, 0, 1, 1, 0
0, 0, 1, 1, 0, 0, 1, 1, 0, 0, 0
0, 0, 1, 1, 0, 0, 1, 1, 0, 1, 0
0, 0, 1, 1, 0, 0, 1, 1, 1, 0, 0
0, 0, 1, 1, 0, 0, 1, 1, 1, 1, 0
0, 0, 1, 1, 0, 1, 0, 0, 0, 0, 0
0, 0, 1, 1, 0, 1, 0, 0, 0, 1, 0
0, 0, 1, 1, 0, 1, 0, 0, 1, 0, 0
0, 0, 1, 1, 0, 1, 0, 0, 1, 1, 0
0, 0, 1, 1, 0, 1, 0, 1, 0, 0, 0
0, 0, 1, 1, 0, 1, 0, 1, 0, 1, 0
0, 0, 1, 1, 0, 1, 0, 1, 1, 0, 0
0, 0, 1, 1, 0, 1, 0, 1, 1, 1, 0
0, 0, 1, 1, 0, 1, 1, 0, 0, 0, 0
0, 0, 1, 1, 0, 1, 1, 0, 0, 1, 0
0, 0, 1, 1, 0, 1, 1, 0, 1, 0, 0
0, 0, 1, 1, 0, 1, 1, 0, 1, 1, 0
0, 0, 1, 1, 0, 1, 1, 1, 0, 0, 0
0, 0, 1, 1, 0, 1, 1, 1, 0, 1, 0
0, 0, 1, 1, 0, 1, 1, 1, 1, 0, 0
0, 0, 1, 1, 0, 1, 1, 1, 1, 1, 0
0, 0, 1, 1, 1, 0, 0, 0, 0, 0, 0
0, 0, 1, 1, 1, 0, 0, 0, 0, 1, 0
0, 0, 1, 1, 1, 0, 0, 0, 1, 0, 0
0, 0, 1, 1, 1, 0, 0, 0, 1, 1, 0
0, 0, 1, 1, 1, 0, 0, 1, 0, 0, 0
0, 0, 1, 1, 1, 0, 0, 1, 0, 1, 0
0, 0, 1, 1, 1, 0, 0, 1, 1, 0, 0
0, 0, 1, 1, 1, 0, 0, 1, 1, 1, 0
0, 0, 1, 1, 1, 0, 1, 0, 0, 0, 0
0, 0, 1, 1, 1, 0, 1, 0, 0, 1, 0
0, 0, 1, 1, 1, 0, 1, 0, 1, 0, 0
0, 0, 1, 1, 1, 0, 1, 0, 1, 1, 0
0, 0, 1, 1, 1, 0, 1, 1, 0, 0, 0
0, 0, 1, 1, 1, 0, 1, 1, 0, 1, 0
0, 0, 1, 1, 1, 0, 1, 1, 1, 0, 0
0, 0, 1, 1, 1, 0, 1, 1, 1, 1, 0
0, 0, 1, 1, 1, 1, 0, 0, 0, 0, 0
0, 0, 1, 1, 1, 1, 0, 0, 0, 1, 0
0, 0, 1, 1, 1, 1, 0, 0, 1, 0, 0
0, 0, 1, 1, 1, 1, 0, 0, 1, 1, 0
0, 0, 1, 1, 1, 1, 0, 1, 0, 0, 0
0, 0, 1, 1, 1, 1, 0, 1, 0, 1, 0
0, 0, 1, 1, 1, 1, 0, 1, 1, 0, 0
0, 0, 1, 1, 1, 1, 0, 1, 1, 1, 0
0, 0, 1, 1, 1, 1, 1, 0, 0, 0, 0
0, 0, 1, 1, 1, 1, 1, 0, 0, 1, 0
0, 0, 1, 1, 1, 1, 1, 0, 1, 0, 0
0, 0, 1, 1, 1, 1, 1, 0, 1, 1, 0
0, 0, 1, 1, 1, 1, 1, 1, 0, 0, 0
0, 0, 1, 1, 1, 1, 1, 1, 0, 1, 0
0, 0, 1, 1, 1, 1, 1, 1, 1, 0, 0
0, 0, 1, 1, 1, 1, 1, 1, 1, 1, 0
0, 1, 0, 0, 0, 0, 0, 0, 0, 0, 0
0, 1, 0, 0, 0, 0, 0, 0, 0, 1, 0
0, 1, 0, 0, 0, 0, 0, 0, 1, 0, 0
0, 1, 0, 0, 0, 0, 0, 0, 1, 1, 0
0, 1, 0, 0, 0, 0, 0, 1, 0, 0, 0
0, 1, 0, 0, 0, 0, 0, 1, 0, 1, 0
0, 1, 0, 0, 0, 0, 0, 1, 1, 0, 0
0, 1, 0, 0, 0, 0, 0, 1, 1, 1, 0
0, 1, 0, 0, 0, 0, 1, 0, 0, 0, 0
0, 1, 0, 0, 0, 0, 1, 0, 0, 1, 0
0, 1, 0, 0, 0, 0, 1, 0, 1, 0, 0
0, 1, 0, 0, 0, 0, 1, 0, 1, 1, 0
0, 1, 0, 0, 0, 0, 1, 1, 0, 0, 0
0, 1, 0, 0, 0, 0, 1, 1, 0, 1, 0
0, 1, 0, 0, 0, 0, 1, 1, 1, 0, 0
0, 1, 0, 0, 0, 0, 1, 1, 1, 1, 0
0, 1, 0, 0, 0, 1, 0, 0, 0, 0, 0
0, 1, 0, 0, 0, 1, 0, 0, 0, 1, 0
0, 1, 0, 0, 0, 1, 0, 0, 1, 0, 0
0, 1, 0, 0, 0, 1, 0, 0, 1, 1, 0
0, 1, 0, 0, 0, 1, 0, 1, 0, 0, 0
0, 1, 0, 0, 0, 1, 0, 1, 0, 1, 0
0, 1, 0, 0, 0, 1, 0, 1, 1, 0, 0
0, 1, 0, 0, 0, 1, 0, 1, 1, 1, 0
0, 1, 0, 0, 0, 1, 1, 0, 0, 0, 0
0, 1, 0, 0, 0, 1, 1, 0, 0, 1, 0
0, 1, 0, 0, 0, 1, 1, 0, 1, 0, 0
0, 1, 0, 0, 0, 1, 1, 0, 1, 1, 0
0, 1, 0, 0, 0, 1, 1, 1, 0, 0, 0
0, 1, 0, 0, 0, 1, 1, 1, 0, 1, 0
0, 1, 0, 0, 0, 1, 1, 1, 1, 0, 0
0, 1, 0, 0, 0, 1, 1, 1, 1, 1, 0
0, 1, 0, 0, 1, 0, 0, 0, 0, 0, 0
0, 1, 0, 0, 1, 0, 0, 0, 0, 1, 0
0, 1, 0, 0, 1, 0, 0, 0, 1, 0, 0
0, 1, 0, 0, 1, 0, 0, 0, 1, 1, 0
0, 1, 0, 0, 1, 0, 0, 1, 0, 0, 0
0, 1, 0, 0, 1, 0, 0, 1, 0, 1, 0
0, 1, 0, 0, 1, 0, 0, 1, 1, 0, 0
0, 1, 0, 0, 1, 0, 0, 1, 1, 1, 0
0, 1, 0, 0, 1, 0, 1, 0, 0, 0, 0
0, 1, 0, 0, 1, 0, 1, 0, 0, 1, 0
0, 1, 0, 0, 1, 0, 1, 0, 1, 0, 0
0, 1, 0, 0, 1, 0, 1, 0, 1, 1, 0
0, 1, 0, 0, 1, 0, 1, 1, 0, 0, 0
0, 1, 0, 0, 1, 0, 1, 1, 0, 1, 0
0, 1, 0, 0, 1, 0, 1, 1, 1, 0, 0
0, 1, 0, 0, 1, 0, 1, 1, 1, 1, 0
0, 1, 0, 0, 1, 1, 0, 0, 0, 0, 0
0, 1, 0, 0, 1, 1, 0, 0, 0, 1, 0
0, 1, 0, 0, 1, 1, 0, 0, 1, 0, 0
0, 1, 0, 0, 1, 1, 0, 0, 1, 1, 0
0, 1, 0, 0, 1, 1, 0, 1, 0, 0, 0
0, 1, 0, 0, 1, 1, 0, 1, 0, 1, 0
0, 1, 0, 0, 1, 1, 0, 1, 1, 0, 0
0, 1, 0, 0, 1, 1, 0, 1, 1, 1, 0
0, 1, 0, 0, 1, 1, 1, 0, 0, 0, 0
0, 1, 0, 0, 1, 1, 1, 0, 0, 1, 0
0, 1, 0, 0, 1, 1, 1, 0, 1, 0, 0
0, 1, 0, 0, 1, 1, 1, 0, 1, 1, 0
0, 1, 0, 0, 1, 1, 1, 1, 0, 0, 0
0, 1, 0, 0, 1, 1, 1, 1, 0, 1, 0
0, 1, 0, 0, 1, 1, 1, 1, 1, 0, 0
0, 1, 0, 0, 1, 1, 1, 1, 1, 1, 0
0, 1, 0, 1, 0, 0, 0, 0, 0, 0, 1
0, 1, 0, 1, 0, 0, 0, 0, 0, 1, 1
0, 1, 0, 1, 0, 0, 0, 0, 1, 0, 1
0, 1, 0, 1, 0, 0, 0, 0, 1, 1, 1
0, 1, 0, 1, 0, 0, 0, 1, 0, 0, 0
0, 1, 0, 1, 0, 0, 0, 1, 0, 1, 0
0, 1, 0, 1, 0, 0, 0, 1, 1, 0, 0
0, 1, 0, 1, 0, 0, 0, 1, 1, 1, 0
0, 1, 0, 1, 0, 0, 1, 0, 0, 0, 0
0, 1, 0, 1, 0, 0, 1, 0, 0, 1, 0
0, 1, 0, 1, 0, 0, 1, 0, 1, 0, 0
0, 1, 0, 1, 0, 0, 1, 0, 1, 1, 0
0, 1, 0, 1, 0, 0, 1, 1, 0, 0, 0
0, 1, 0, 1, 0, 0, 1, 1, 0, 1, 0
0, 1, 0, 1, 0, 0, 1, 1, 1, 0, 0
0, 1, 0, 1, 0, 0, 1, 1, 1, 1, 0
0, 1, 0, 1, 0, 1, 0, 0, 0, 0, 0
0, 1, 0, 1, 0, 1, 0, 0, 0, 1, 0
0, 1, 0, 1, 0, 1, 0, 0, 1, 0, 0
0, 1, 0, 1, 0, 1, 0, 0, 1, 1, 0
0, 1, 0, 1, 0, 1, 0, 1, 0, 0, 0
0, 1, 0, 1, 0, 1, 0, 1, 0, 1, 0
0, 1, 0, 1, 0, 1, 0, 1, 1, 0, 0
0, 1, 0, 1, 0, 1, 0, 1, 1, 1, 0
0, 1, 0, 1, 0, 1, 1, 0, 0, 0, 0
0, 1, 0, 1, 0, 1, 1, 0, 0, 1, 0
0, 1, 0, 1, 0, 1, 1, 0, 1, 0, 0
0, 1, 0, 1, 0, 1, 1, 0, 1, 1, 0
0, 1, 0, 1, 0, 1, 1, 1, 0, 0, 0
0, 1, 0, 1, 0, 1, 1, 1, 0, 1, 0
0, 1, 0, 1, 0, 1, 1, 1, 1, 0, 0
0, 1, 0, 1, 0, 1, 1, 1, 1, 1, 0
0, 1, 0, 1, 1, 0, 0, 0, 0, 0, 0
0, 1, 0, 1, 1, 0, 0, 0, 0, 1, 0
0, 1, 0, 1, 1, 0, 0, 0, 1, 0, 0
0, 1, 0, 1, 1, 0, 0, 0, 1, 1, 0
0, 1, 0, 1, 1, 0, 0, 1, 0, 0, 0
0, 1, 0, 1, 1, 0, 0, 1, 0, 1, 0
0, 1, 0, 1, 1, 0, 0, 1, 1, 0, 0
0, 1, 0, 1, 1, 0, 0, 1, 1, 1, 0
0, 1, 0, 1, 1, 0, 1, 0, 0, 0, 0
0, 1, 0, 1, 1, 0, 1, 0, 0, 1, 0
0, 1, 0, 1, 1, 0, 1, 0, 1, 0, 0
0, 1, 0, 1, 1, 0, 1, 0, 1, 1, 0
0, 1, 0, 1, 1, 0, 1, 1, 0, 0, 0
0, 1, 0, 1, 1, 0, 1, 1, 0, 1, 0
0, 1, 0, 1, 1, 0, 1, 1, 1, 0, 0
0, 1, 0, 1, 1, 0, 1, 1, 1, 1, 0
0, 1, 0, 1, 1, 1, 0, 0, 0, 0, 0
0, 1, 0, 1, 1, 1, 0, 0, 0, 1, 0
0, 1, 0, 1, 1, 1, 0, 0, 1, 0, 0
0, 1, 0, 1, 1, 1, 0, 0, 1, 1, 0
0, 1, 0, 1, 1, 1, 0, 1, 0, 0, 0
0, 1, 0, 1, 1, 1, 0, 1, 0, 1, 0
0, 1, 0, 1, 1, 1, 0, 1, 1, 0, 0
0, 1, 0, 1, 1, 1, 0, 1, 1, 1, 0
0, 1, 0, 1, 1, 1, 1, 0, 0, 0, 0
0, 1, 0, 1, 1, 1, 1, 0, 0, 1, 0
0, 1, 0, 1, 1, 1, 1, 0, 1, 0, 0
0, 1, 0, 1, 1, 1, 1, 0, 1, 1, 0
0, 1, 0, 1, 1, 1, 1, 1, 0, 0, 0
0, 1, 0, 1, 1, 1, 1, 1, 0, 1, 0
0, 1, 0, 1, 1, 1, 1, 1, 1, 0, 0
0, 1, 0, 1, 1, 1, 1, 1, 1, 1, 0
0, 1, 1, 0, 0, 0, 0, 0, 0, 0, 0
0, 1, 1, 0, 0, 0, 0, 0, 0, 1, 0
0, 1, 1, 0, 0, 0, 0, 0, 1, 0, 0
0, 1, 1, 0, 0, 0, 0, 0, 1, 1, 0
0, 1, 1, 0, 0, 0, 0, 1, 0, 0, 0
0, 1, 1, 0, 0, 0, 0, 1, 0, 1, 0
0, 1, 1, 0, 0, 0, 0, 1, 1, 0, 0
0, 1, 1, 0, 0, 0, 0, 1, 1, 1, 0
0, 1, 1, 0, 0, 0, 1, 0, 0, 0, 0
0, 1, 1, 0, 0, 0, 1, 0, 0, 1, 0
0, 1, 1, 0, 0, 0, 1, 0, 1, 0, 0
0, 1, 1, 0, 0, 0, 1, 0, 1, 1, 0
0, 1, 1, 0, 0, 0, 1, 1, 0, 0, 0
0, 1, 1, 0, 0, 0, 1, 1, 0, 1, 0
0, 1, 1, 0, 0, 0, 1, 1, 1, 0, 0
0, 1, 1, 0, 0, 0, 1, 1, 1, 1, 0
0, 1, 1, 0, 0, 1, 0, 0, 0, 0, 0
0, 1, 1, 0, 0, 1, 0, 0, 0, 1, 0
0, 1, 1, 0, 0, 1, 0, 0, 1, 0, 0
0, 1, 1, 0, 0, 1, 0, 0, 1, 1, 0
0, 1, 1, 0, 0, 1, 0, 1, 0, 0, 0
0, 1, 1, 0, 0, 1, 0, 1, 0, 1, 0
0, 1, 1, 0, 0, 1, 0, 1, 1, 0, 0
0, 1, 1, 0, 0, 1, 0, 1, 1, 1, 0
0, 1, 1, 0, 0, 1, 1, 0, 0, 0, 0
0, 1, 1, 0, 0, 1, 1, 0, 0, 1, 0
0, 1, 1, 0, 0, 1, 1, 0, 1, 0, 0
0, 1, 1, 0, 0, 1, 1, 0, 1, 1, 0
0, 1, 1, 0, 0, 1, 1, 1, 0, 0, 0
0, 1, 1, 0, 0, 1, 1, 1, 0, 1, 0
0, 1, 1, 0, 0, 1, 1, 1, 1, 0, 0
0, 1, 1, 0, 0, 1, 1, 1, 1, 1, 0
0, 1, 1, 0, 1, 0, 0, 0, 0, 0, 0
0, 1, 1, 0, 1, 0, 0, 0, 0, 1, 0
0, 1, 1, 0, 1, 0, 0, 0, 1, 0, 0
0, 1, 1, 0, 1, 0, 0, 0, 1, 1, 0
0, 1, 1, 0, 1, 0, 0, 1, 0, 0, 0
0, 1, 1, 0, 1, 0, 0, 1, 0, 1, 0
0, 1, 1, 0, 1, 0, 0, 1, 1, 0, 0
0, 1, 1, 0, 1, 0, 0, 1, 1, 1, 0
0, 1, 1, 0, 1, 0, 1, 0, 0, 0, 0
0, 1, 1, 0, 1, 0, 1, 0, 0, 1, 0
0, 1, 1, 0, 1, 0, 1, 0, 1, 0, 0
0, 1, 1, 0, 1, 0, 1, 0, 1, 1, 0
0, 1, 1, 0, 1, 0, 1, 1, 0, 0, 0
0, 1, 1, 0, 1, 0, 1, 1, 0, 1, 0
0, 1, 1, 0, 1, 0, 1, 1, 1, 0, 0
0, 1, 1, 0, 1, 0, 1, 1, 1, 1, 0
0, 1, 1, 0, 1, 1, 0, 0, 0, 0, 0
0, 1, 1, 0, 1, 1, 0, 0, 0, 1, 0
0, 1, 1, 0, 1, 1, 0, 0, 1, 0, 0
0, 1, 1, 0, 1, 1, 0, 0, 1, 1, 0
0, 1, 1, 0, 1, 1, 0, 1, 0, 0, 0
0, 1, 1, 0, 1, 1, 0, 1, 0, 1, 0
0, 1, 1, 0, 1, 1, 0, 1, 1, 0, 0
0, 1, 1, 0, 1, 1, 0, 1, 1, 1, 0
0, 1, 1, 0, 1, 1, 1, 0, 0, 0, 0
0, 1, 1, 0, 1, 1, 1, 0, 0, 1, 0
0, 1, 1, 0, 1, 1, 1, 0, 1, 0, 0
0, 1, 1, 0, 1, 1, 1, 0, 1, 1, 0
0, 1, 1, 0, 1, 1, 1, 1, 0, 0, 0
0, 1, 1, 0, 1, 1, 1, 1, 0, 1, 0
0, 1, 1, 0, 1, 1, 1, 1, 1, 0, 0
0, 1, 1, 0, 1, 1, 1, 1, 1, 1, 0
0, 1, 1, 1, 0, 0, 0, 0, 0, 0, 1
0, 1, 1, 1, 0, 0, 0, 0, 0, 1, 1
0, 1, 1, 1, 0, 0, 0, 0, 1, 0, 1
0, 1, 1, 1, 0, 0, 0, 0, 1, 1, 1
0, 1, 1, 1, 0, 0, 0, 1, 0, 0, 0
0, 1, 1, 1, 0, 0, 0, 1, 0, 1, 0
0, 1, 1, 1, 0, 0, 0, 1, 1, 0, 0
0, 1, 1, 1, 0, 0, 0, 1, 1, 1, 0
0, 1, 1, 1, 0, 0, 1, 0, 0, 0, 0
0, 1, 1, 1, 0, 0, 1, 0, 0, 1, 0
0, 1, 1, 1, 0, 0, 1, 0, 1, 0, 0
0, 1, 1, 1, 0, 0, 1, 0, 1, 1, 0
0, 1, 1, 1, 0, 0, 1, 1, 0, 0, 0
0, 1, 1, 1, 0, 0, 1, 1, 0, 1, 0
0, 1, 1, 1, 0, 0, 1, 1, 1, 0, 0
0, 1, 1, 1, 0, 0, 1, 1, 1, 1, 0
0, 1, 1, 1, 0, 1, 0, 0, 0, 0, 0
0, 1, 1, 1, 0, 1, 0, 0, 0, 1, 0
0, 1, 1, 1, 0, 1, 0, 0, 1, 0, 0
0, 1, 1, 1, 0, 1, 0, 0, 1, 1, 0
0, 1, 1, 1, 0, 1, 0, 1, 0, 0, 0
0, 1, 1, 1, 0, 1, 0, 1, 0, 1, 0
0, 1, 1, 1, 0, 1, 0, 1, 1, 0, 0
0, 1, 1, 1, 0, 1, 0, 1, 1, 1, 0
0, 1, 1, 1, 0, 1, 1, 0, 0, 0, 0
0, 1, 1, 1, 0, 1, 1, 0, 0, 1, 0
0, 1, 1, 1, 0, 1, 1, 0, 1, 0, 0
0, 1, 1, 1, 0, 1, 1, 0, 1, 1, 0
0, 1, 1, 1, 0, 1, 1, 1, 0, 0, 0
0, 1, 1, 1, 0, 1, 1, 1, 0, 1, 0
0, 1, 1, 1, 0, 1, 1, 1, 1, 0, 0
0, 1, 1, 1, 0, 1, 1, 1, 1, 1, 0
0, 1, 1, 1, 1, 0, 0, 0, 0, 0, 0
0, 1, 1, 1, 1, 0, 0, 0, 0, 1, 0
0, 1, 1, 1, 1, 0, 0, 0, 1, 0, 0
0, 1, 1, 1, 1, 0, 0, 0, 1, 1, 0
0, 1, 1, 1, 1, 0, 0, 1, 0, 0, 0
0, 1, 1, 1, 1, 0, 0, 1, 0, 1, 0
0, 1, 1, 1, 1, 0, 0, 1, 1, 0, 0
0, 1, 1, 1, 1, 0, 0, 1, 1, 1, 0
0, 1, 1, 1, 1, 0, 1, 0, 0, 0, 0
0, 1, 1, 1, 1, 0, 1, 0, 0, 1, 0
0, 1, 1, 1, 1, 0, 1, 0, 1, 0, 0
0, 1, 1, 1, 1, 0, 1, 0, 1, 1, 0
0, 1, 1, 1, 1, 0, 1, 1, 0, 0, 0
0, 1, 1, 1, 1, 0, 1, 1, 0, 1, 0
0, 1, 1, 1, 1, 0, 1, 1, 1, 0, 0
0, 1, 1, 1, 1, 0, 1, 1, 1, 1, 0
0, 1, 1, 1, 1, 1, 0, 0, 0, 0, 0
0, 1, 1, 1, 1, 1, 0, 0, 0, 1, 0
0, 1, 1, 1, 1, 1, 0, 0, 1, 0, 0
0, 1, 1, 1, 1, 1, 0, 0, 1, 1, 0
0, 1, 1, 1, 1, 1, 0, 1, 0, 0, 0
0, 1, 1, 1, 1, 1, 0, 1, 0, 1, 0
0, 1, 1, 1, 1, 1, 0, 1, 1, 0, 0
0, 1, 1, 1, 1, 1, 0, 1, 1, 1, 0
0, 1, 1, 1, 1, 1, 1, 0, 0, 0, 0
0, 1, 1, 1, 1, 1, 1, 0, 0, 1, 0
0, 1, 1, 1, 1, 1, 1, 0, 1, 0, 0
0, 1, 1, 1, 1, 1, 1, 0, 1, 1, 0
0, 1, 1, 1, 1, 1, 1, 1, 0, 0, 0
0, 1, 1, 1, 1, 1, 1, 1, 0, 1, 0
0, 1, 1, 1, 1, 1, 1, 1, 1, 0, 0
0, 1, 1, 1, 1, 1, 1, 1, 1, 1, 0
1, 0, 0, 0, 0, 0, 0, 0, 0, 0, 0
1, 0, 0, 0, 0, 0, 0, 0, 0, 1, 0
1, 0, 0, 0, 0, 0, 0, 0, 1, 0, 0
1, 0, 0, 0, 0, 0, 0, 0, 1, 1, 0
1, 0, 0, 0, 0, 0, 0, 1, 0, 0, 0
1, 0, 0, 0, 0, 0, 0, 1, 0, 1, 0
1, 0, 0, 0, 0, 0, 0, 1, 1, 0, 0
1, 0, 0, 0, 0, 0, 0, 1, 1, 1, 0
1, 0, 0, 0, 0, 0, 1, 0, 0, 0, 0
1, 0, 0, 0, 0, 0, 1, 0, 0, 1, 0
1, 0, 0, 0, 0, 0, 1, 0, 1, 0, 0
1, 0, 0, 0, 0, 0, 1, 0, 1, 1, 0
1, 0, 0, 0, 0, 0, 1, 1, 0, 0, 0
1, 0, 0, 0, 0, 0, 1, 1, 0, 1, 0
1, 0, 0, 0, 0, 0, 1, 1, 1, 0, 0
1, 0, 0, 0, 0, 0, 1, 1, 1, 1, 0
1, 0, 0, 0, 0, 1, 0, 0, 0, 0, 0
1, 0, 0, 0, 0, 1, 0, 0, 0, 1, 0
1, 0, 0, 0, 0, 1, 0, 0, 1, 0, 0
1, 0, 0, 0, 0, 1, 0, 0, 1, 1, 0
1, 0, 0, 0, 0, 1, 0, 1, 0, 0, 0
1, 0, 0, 0, 0, 1, 0, 1, 0, 1, 0
1, 0, 0, 0, 0, 1, 0, 1, 1, 0, 0
1, 0, 0, 0, 0, 1, 0, 1, 1, 1, 0
1, 0, 0, 0, 0, 1, 1, 0, 0, 0, 0
1, 0, 0, 0, 0, 1, 1, 0, 0, 1, 0
1, 0, 0, 0, 0, 1, 1, 0, 1, 0, 0
1, 0, 0, 0, 0, 1, 1, 0, 1, 1, 0
1, 0, 0, 0, 0, 1, 1, 1, 0, 0, 0
1, 0, 0, 0, 0, 1, 1, 1, 0, 1, 0
1, 0, 0, 0, 0, 1, 1, 1, 1, 0, 0
1, 0, 0, 0, 0, 1, 1, 1, 1, 1, 0
1, 0, 0, 0, 1, 0, 0, 0, 0, 0, 0
1, 0, 0, 0, 1, 0, 0, 0, 0, 1, 0
1, 0, 0, 0, 1, 0, 0, 0, 1, 0, 0
1, 0, 0, 0, 1, 0, 0, 0, 1, 1, 0
1, 0, 0, 0, 1, 0, 0, 1, 0, 0, 0
1, 0, 0, 0, 1, 0, 0, 1, 0, 1, 0
1, 0, 0, 0, 1, 0, 0, 1, 1, 0, 0
1, 0, 0, 0, 1, 0, 0, 1, 1, 1, 0
1, 0, 0, 0, 1, 0, 1, 0, 0, 0, 0
1, 0, 0, 0, 1, 0, 1, 0, 0, 1, 0
1, 0, 0, 0, 1, 0, 1, 0, 1, 0, 0
1, 0, 0, 0, 1, 0, 1, 0, 1, 1, 0
1, 0, 0, 0, 1, 0, 1, 1, 0, 0, 0
1, 0, 0, 0, 1, 0, 1, 1, 0, 1, 0
1, 0, 0, 0, 1, 0, 1, 1, 1, 0, 0
1, 0, 0, 0, 1, 0, 1, 1, 1, 1, 0
1, 0, 0, 0, 1, 1, 0, 0, 0, 0, 0
1, 0, 0, 0, 1, 1, 0, 0, 0, 1, 0
1, 0, 0, 0, 1, 1, 0, 0, 1, 0, 0
1, 0, 0, 0, 1, 1, 0, 0, 1, 1, 0
1, 0, 0, 0, 1, 1, 0, 1, 0, 0, 0
1, 0, 0, 0, 1, 1, 0, 1, 0, 1, 0
1, 0, 0, 0, 1, 1, 0, 1, 1, 0, 0
1, 0, 0, 0, 1, 1, 0, 1, 1, 1, 0
1, 0, 0, 0, 1, 1, 1, 0, 0, 0, 0
1, 0, 0, 0, 1, 1, 1, 0, 0, 1, 0
1, 0, 0, 0, 1, 1, 1, 0, 1, 0, 0
1, 0, 0, 0, 1, 1, 1, 0, 1, 1, 0
1, 0, 0, 0, 1, 1, 1, 1, 0, 0, 0
1, 0, 0, 0, 1, 1, 1, 1, 0, 1, 0
1, 0, 0, 0, 1, 1, 1, 1, 1, 0, 0
1, 0, 0, 0, 1, 1, 1, 1, 1, 1, 0
1, 0, 0, 1, 0, 0, 0, 0, 0, 0, 1
1, 0, 0, 1, 0, 0, 0, 0, 0, 1, 1
1, 0, 0, 1, 0, 0, 0, 0, 1, 0, 1
1, 0, 0, 1, 0, 0, 0, 0, 1, 1, 1
1, 0, 0, 1, 0, 0, 0, 1, 0, 0, 0
1, 0, 0, 1, 0, 0, 0, 1, 0, 1, 0
1, 0, 0, 1, 0, 0, 0, 1, 1, 0, 0
1, 0, 0, 1, 0, 0, 0, 1, 1, 1, 0
1, 0, 0, 1, 0, 0, 1, 0, 0, 0, 0
1, 0, 0, 1, 0, 0, 1, 0, 0, 1, 0
1, 0, 0, 1, 0, 0, 1, 0, 1, 0, 0
1, 0, 0, 1, 0, 0, 1, 0, 1, 1, 0
1, 0, 0, 1, 0, 0, 1, 1, 0, 0, 0
1, 0, 0, 1, 0, 0, 1, 1, 0, 1, 0
1, 0, 0, 1, 0, 0, 1, 1, 1, 0, 0
1, 0, 0, 1, 0, 0, 1, 1, 1, 1, 0
1, 0, 0, 1, 0, 1, 0, 0, 0, 0, 0
1, 0, 0, 1, 0, 1, 0, 0, 0, 1, 0
1, 0, 0, 1, 0, 1, 0, 0, 1, 0, 0
1, 0, 0, 1, 0, 1, 0, 0, 1, 1, 0
1, 0, 0, 1, 0, 1, 0, 1, 0, 0, 0
1, 0, 0, 1, 0, 1, 0, 1, 0, 1, 0
1, 0, 0, 1, 0, 1, 0, 1, 1, 0, 0
1, 0, 0, 1, 0, 1, 0, 1, 1, 1, 0
1, 0, 0, 1, 0, 1, 1, 0, 0, 0, 0
1, 0, 0, 1, 0, 1, 1, 0, 0, 1, 0
1, 0, 0, 1, 0, 1, 1, 0, 1, 0, 0
1, 0, 0, 1, 0, 1, 1, 0, 1, 1, 0
1, 0, 0, 1, 0, 1, 1, 1, 0, 0, 0
1, 0, 0, 1, 0, 1, 1, 1, 0, 1, 0
1, 0, 0, 1, 0, 1, 1, 1, 1, 0, 0
1, 0, 0, 1, 0, 1, 1, 1, 1, 1, 0
1, 0, 0, 1, 1, 0, 0, 0, 0, 0, 0
1, 0, 0, 1, 1, 0, 0, 0, 0, 1, 0
1, 0, 0, 1, 1, 0, 0, 0, 1, 0, 0
1, 0, 0, 1, 1, 0, 0, 0, 1, 1, 0
1, 0, 0, 1, 1, 0, 0, 1, 0, 0, 0
1, 0, 0, 1, 1, 0, 0, 1, 0, 1, 0
1, 0, 0, 1, 1, 0, 0, 1, 1, 0, 0
1, 0, 0, 1, 1, 0, 0, 1, 1, 1, 0
1, 0, 0, 1, 1, 0, 1, 0, 0, 0, 0
1, 0, 0, 1, 1, 0, 1, 0, 0, 1, 0
1, 0, 0, 1, 1, 0, 1, 0, 1, 0, 0
1, 0, 0, 1, 1, 0, 1, 0, 1, 1, 0
1, 0, 0, 1, 1, 0, 1, 1, 0, 0, 0
1, 0, 0, 1, 1, 0, 1, 1, 0, 1, 0
1, 0, 0, 1, 1, 0, 1, 1, 1, 0, 0
1, 0, 0, 1, 1, 0, 1, 1, 1, 1, 0
1, 0, 0, 1, 1, 1, 0, 0, 0, 0, 0
1, 0, 0, 1, 1, 1, 0, 0, 0, 1, 0
1, 0, 0, 1, 1, 1, 0, 0, 1, 0, 0
1, 0, 0, 1, 1, 1, 0, 0, 1, 1, 0
1, 0, 0, 1, 1, 1, 0, 1, 0, 0, 0
1, 0, 0, 1, 1, 1, 0, 1, 0, 1, 0
1, 0, 0, 1, 1, 1, 0, 1, 1, 0, 0
1, 0, 0, 1, 1, 1, 0, 1, 1, 1, 0
1, 0, 0, 1, 1, 1, 1, 0, 0, 0, 0
1, 0, 0, 1, 1, 1, 1, 0, 0, 1, 0
1, 0, 0, 1, 1, 1, 1, 0, 1, 0, 0
1, 0, 0, 1, 1, 1, 1, 0, 1, 1, 0
1, 0, 0, 1, 1, 1, 1, 1, 0, 0, 0
1, 0, 0, 1, 1, 1, 1, 1, 0, 1, 0
1, 0, 0, 1, 1, 1, 1, 1, 1, 0, 0
1, 0, 0, 1, 1, 1, 1, 1, 1, 1, 0
1, 0, 1, 0, 0, 0, 0, 0, 0, 0, 0
1, 0, 1, 0, 0, 0, 0, 0, 0, 1, 0
1, 0, 1, 0, 0, 0, 0, 0, 1, 0, 0
1, 0, 1, 0, 0, 0, 0, 0, 1, 1, 0
1, 0, 1, 0, 0, 0, 0, 1, 0, 0, 0
1, 0, 1, 0, 0, 0, 0, 1, 0, 1, 0
1, 0, 1, 0, 0, 0, 0, 1, 1, 0, 0
1, 0, 1, 0, 0, 0, 0, 1, 1, 1, 0
1, 0, 1, 0, 0, 0, 1, 0, 0, 0, 0
1, 0, 1, 0, 0, 0, 1, 0, 0, 1, 0
1, 0, 1, 0, 0, 0, 1, 0, 1, 0, 0
1, 0, 1, 0, 0, 0, 1, 0, 1, 1, 0
1, 0, 1, 0, 0, 0, 1, 1, 0, 0, 0
1, 0, 1, 0, 0, 0, 1, 1, 0, 1, 0
1, 0, 1, 0, 0, 0, 1, 1, 1, 0, 0
1, 0, 1, 0, 0, 0, 1, 1, 1, 1, 0
1, 0, 1, 0, 0, 1, 0, 0, 0, 0, 0
1, 0, 1, 0, 0, 1, 0, 0, 0, 1, 0
1, 0, 1, 0, 0, 1, 0, 0, 1, 0, 0
1, 0, 1, 0, 0, 1, 0, 0, 1, 1, 0
1, 0, 1, 0, 0, 1, 0, 1, 0, 0, 0
1, 0, 1, 0, 0, 1, 0, 1, 0, 1, 0
1, 0, 1, 0, 0, 1, 0, 1, 1, 0, 0
1, 0, 1, 0, 0, 1, 0, 1, 1, 1, 0
1, 0, 1, 0, 0, 1, 1, 0, 0, 0, 0
1, 0, 1, 0, 0, 1, 1, 0, 0, 1, 0
1, 0, 1, 0, 0, 1, 1, 0, 1, 0, 0
1, 0, 1, 0, 0, 1, 1, 0, 1, 1, 0
1, 0, 1, 0, 0, 1, 1, 1, 0, 0, 0
1, 0, 1, 0, 0, 1, 1, 1, 0, 1, 0
1, 0, 1, 0, 0, 1, 1, 1, 1, 0, 0
1, 0, 1, 0, 0, 1, 1, 1, 1, 1, 0
1, 0, 1, 0, 1, 0, 0, 0, 0, 0, 0
1, 0, 1, 0, 1, 0, 0, 0, 0, 1, 0
1, 0, 1, 0, 1, 0, 0, 0, 1, 0, 0
1, 0, 1, 0, 1, 0, 0, 0, 1, 1, 0
1, 0, 1, 0, 1, 0, 0, 1, 0, 0, 0
1, 0, 1, 0, 1, 0, 0, 1, 0, 1, 0
1, 0, 1, 0, 1, 0, 0, 1, 1, 0, 0
1, 0, 1, 0, 1, 0, 0, 1, 1, 1, 0
1, 0, 1, 0, 1, 0, 1, 0, 0, 0, 0
1, 0, 1, 0, 1, 0, 1, 0, 0, 1, 0
1, 0, 1, 0, 1, 0, 1, 0, 1, 0, 0
1, 0, 1, 0, 1, 0, 1, 0, 1, 1, 0
1, 0, 1, 0, 1, 0, 1, 1, 0, 0, 0
1, 0, 1, 0, 1, 0, 1, 1, 0, 1, 0
1, 0, 1, 0, 1, 0, 1, 1, 1, 0, 0
1, 0, 1, 0, 1, 0, 1, 1, 1, 1, 0
1, 0, 1, 0, 1, 1, 0, 0, 0, 0, 0
1, 0, 1, 0, 1, 1, 0, 0, 0, 1, 0
1, 0, 1, 0, 1, 1, 0, 0, 1, 0, 0
1, 0, 1, 0, 1, 1, 0, 0, 1, 1, 0
1, 0, 1, 0, 1, 1, 0, 1, 0, 0, 0
1, 0, 1, 0, 1, 1, 0, 1, 0, 1, 0
1, 0, 1, 0, 1, 1, 0, 1, 1, 0, 0
1, 0, 1, 0, 1, 1, 0, 1, 1, 1, 0
1, 0, 1, 0, 1, 1, 1, 0, 0, 0, 0
1, 0, 1, 0, 1, 1, 1, 0, 0, 1, 0
1, 0, 1, 0, 1, 1, 1, 0, 1, 0, 0
1, 0, 1, 0, 1, 1, 1, 0, 1, 1, 0
1, 0, 1, 0, 1, 1, 1, 1, 0, 0, 0
1, 0, 1, 0, 1, 1, 1, 1, 0, 1, 0
1, 0, 1, 0, 1, 1, 1, 1, 1, 0, 0
1, 0, 1, 0, 1, 1, 1, 1, 1, 1, 0
1, 0, 1, 1, 0, 0, 0, 0, 0, 0, 1
1, 0, 1, 1, 0, 0, 0, 0, 0, 1, 1
1, 0, 1, 1, 0, 0, 0, 0, 1, 0, 1
1, 0, 1, 1, 0, 0, 0, 0, 1, 1, 1
1, 0, 1, 1, 0, 0, 0, 1, 0, 0, 0
1, 0, 1, 1, 0, 0, 0, 1, 0, 1, 0
1, 0, 1, 1, 0, 0, 0, 1, 1, 0, 0
1, 0, 1, 1, 0, 0, 0, 1, 1, 1, 0
1, 0, 1, 1, 0, 0, 1, 0, 0, 0, 0
1, 0, 1, 1, 0, 0, 1, 0, 0, 1, 0
1, 0, 1, 1, 0, 0, 1, 0, 1, 0, 0
1, 0, 1, 1, 0, 0, 1, 0, 1, 1, 0
1, 0, 1, 1, 0, 0, 1, 1, 0, 0, 0
1, 0, 1, 1, 0, 0, 1, 1, 0, 1, 0
1, 0, 1, 1, 0, 0, 1, 1, 1, 0, 0
1, 0, 1, 1, 0, 0, 1, 1, 1, 1, 0
1, 0, 1, 1, 0, 1, 0, 0, 0, 0, 0
1, 0, 1, 1, 0, 1, 0, 0, 0, 1, 0
1, 0, 1, 1, 0, 1, 0, 0, 1, 0, 0
1, 0, 1, 1, 0, 1, 0, 0, 1, 1, 0
1, 0, 1, 1, 0, 1, 0, 1, 0, 0, 0
1, 0, 1, 1, 0, 1, 0, 1, 0, 1, 0
1, 0, 1, 1, 0, 1, 0, 1, 1, 0, 0
1, 0, 1, 1, 0, 1, 0, 1, 1, 1, 0
1, 0, 1, 1, 0, 1, 1, 0, 0, 0, 0
1, 0, 1, 1, 0, 1, 1, 0, 0, 1, 0
1, 0, 1, 1, 0, 1, 1, 0, 1, 0, 0
1, 0, 1, 1, 0, 1, 1, 0, 1, 1, 0
1, 0, 1, 1, 0, 1, 1, 1, 0, 0, 0
1, 0, 1, 1, 0, 1, 1, 1, 0, 1, 0
1, 0, 1, 1, 0, 1, 1, 1, 1, 0, 0
1, 0, 1, 1, 0, 1, 1, 1, 1, 1, 0
1, 0, 1, 1, 1, 0, 0, 0, 0, 0, 0
1, 0, 1, 1, 1, 0, 0, 0, 0, 1, 0
1, 0, 1, 1, 1, 0, 0, 0, 1, 0, 0
1, 0, 1, 1, 1, 0, 0, 0, 1, 1, 0
1, 0, 1, 1, 1, 0, 0, 1, 0, 0, 0
1, 0, 1, 1, 1, 0, 0, 1, 0, 1, 0
1, 0, 1, 1, 1, 0, 0, 1, 1, 0, 0
1, 0, 1, 1, 1, 0, 0, 1, 1, 1, 0
1, 0, 1, 1, 1, 0, 1, 0, 0, 0, 0
1, 0, 1, 1, 1, 0, 1, 0, 0, 1, 0
1, 0, 1, 1, 1, 0, 1, 0, 1, 0, 0
1, 0, 1, 1, 1, 0, 1, 0, 1, 1, 0
1, 0, 1, 1, 1, 0, 1, 1, 0, 0, 0
1, 0, 1, 1, 1, 0, 1, 1, 0, 1, 0
1, 0, 1, 1, 1, 0, 1, 1, 1, 0, 0
1, 0, 1, 1, 1, 0, 1, 1, 1, 1, 0
1, 0, 1, 1, 1, 1, 0, 0, 0, 0, 0
1, 0, 1, 1, 1, 1, 0, 0, 0, 1, 0
1, 0, 1, 1, 1, 1, 0, 0, 1, 0, 0
1, 0, 1, 1, 1, 1, 0, 0, 1, 1, 0
1, 0, 1, 1, 1, 1, 0, 1, 0, 0, 0
1, 0, 1, 1, 1, 1, 0, 1, 0, 1, 0
1, 0, 1, 1, 1, 1, 0, 1, 1, 0, 0
1, 0, 1, 1, 1, 1, 0, 1, 1, 1, 0
1, 0, 1, 1, 1, 1, 1, 0, 0, 0, 0
1, 0, 1, 1, 1, 1, 1, 0, 0, 1, 0
1, 0, 1, 1, 1, 1, 1, 0, 1, 0, 0
1, 0, 1, 1, 1, 1, 1, 0, 1, 1, 0
1, 0, 1, 1, 1, 1, 1, 1, 0, 0, 0
1, 0, 1, 1, 1, 1, 1, 1, 0, 1, 0
1, 0, 1, 1, 1, 1, 1, 1, 1, 0, 0
1, 0, 1, 1, 1, 1, 1, 1, 1, 1, 0
1, 1, 0, 0, 0, 0, 0, 0, 0, 0, 0
1, 1, 0, 0, 0, 0, 0, 0, 0, 1, 0
1, 1, 0, 0, 0, 0, 0, 0, 1, 0, 0
1, 1, 0, 0, 0, 0, 0, 0, 1, 1, 0
1, 1, 0, 0, 0, 0, 0, 1, 0, 0, 0
1, 1, 0, 0, 0, 0, 0, 1, 0, 1, 0
1, 1, 0, 0, 0, 0, 0, 1, 1, 0, 0
1, 1, 0, 0, 0, 0, 0, 1, 1, 1, 0
1, 1, 0, 0, 0, 0, 1, 0, 0, 0, 0
1, 1, 0, 0, 0, 0, 1, 0, 0, 1, 0
1, 1, 0, 0, 0, 0, 1, 0, 1, 0, 0
1, 1, 0, 0, 0, 0, 1, 0, 1, 1, 0
1, 1, 0, 0, 0, 0, 1, 1, 0, 0, 0
1, 1, 0, 0, 0, 0, 1, 1, 0, 1, 0
1, 1, 0, 0, 0, 0, 1, 1, 1, 0, 0
1, 1, 0, 0, 0, 0, 1, 1, 1, 1, 0
1, 1, 0, 0, 0, 1, 0, 0, 0, 0, 0
1, 1, 0, 0, 0, 1, 0, 0, 0, 1, 0
1, 1, 0, 0, 0, 1, 0, 0, 1, 0, 0
1, 1, 0, 0, 0, 1, 0, 0, 1, 1, 0
1, 1, 0, 0, 0, 1, 0, 1, 0, 0, 0
1, 1, 0, 0, 0, 1, 0, 1, 0, 1, 0
1, 1, 0, 0, 0, 1, 0, 1, 1, 0, 0
1, 1, 0, 0, 0, 1, 0, 1, 1, 1, 0
1, 1, 0, 0, 0, 1, 1, 0, 0, 0, 0
1, 1, 0, 0, 0, 1, 1, 0, 0, 1, 0
1, 1, 0, 0, 0, 1, 1, 0, 1, 0, 0
1, 1, 0, 0, 0, 1, 1, 0, 1, 1, 0
1, 1, 0, 0, 0, 1, 1, 1, 0, 0, 0
1, 1, 0, 0, 0, 1, 1, 1, 0, 1, 0
1, 1, 0, 0, 0, 1, 1, 1, 1, 0, 0
1, 1, 0, 0, 0, 1, 1, 1, 1, 1, 0
1, 1, 0, 0, 1, 0, 0, 0, 0, 0, 0
1, 1, 0, 0, 1, 0, 0, 0, 0, 1, 0
1, 1, 0, 0, 1, 0, 0, 0, 1, 0, 0
1, 1, 0, 0, 1, 0, 0, 0, 1, 1, 0
1, 1, 0, 0, 1, 0, 0, 1, 0, 0, 0
1, 1, 0, 0, 1, 0, 0, 1, 0, 1, 0
1, 1, 0, 0, 1, 0, 0, 1, 1, 0, 0
1, 1, 0, 0, 1, 0, 0, 1, 1, 1, 0
1, 1, 0, 0, 1, 0, 1, 0, 0, 0, 0
1, 1, 0, 0, 1, 0, 1, 0, 0, 1, 0
1, 1, 0, 0, 1, 0, 1, 0, 1, 0, 0
1, 1, 0, 0, 1, 0, 1, 0, 1, 1, 0
1, 1, 0, 0, 1, 0, 1, 1, 0, 0, 0
1, 1, 0, 0, 1, 0, 1, 1, 0, 1, 0
1, 1, 0, 0, 1, 0, 1, 1, 1, 0, 0
1, 1, 0, 0, 1, 0, 1, 1, 1, 1, 0
1, 1, 0, 0, 1, 1, 0, 0, 0, 0, 0
1, 1, 0, 0, 1, 1, 0, 0, 0, 1, 0
1, 1, 0, 0, 1, 1, 0, 0, 1, 0, 0
1, 1, 0, 0, 1, 1, 0, 0, 1, 1, 0
1, 1, 0, 0, 1, 1, 0, 1, 0, 0, 0
1, 1, 0, 0, 1, 1, 0, 1, 0, 1, 0
1, 1, 0, 0, 1, 1, 0, 1, 1, 0, 0
1, 1, 0, 0, 1, 1, 0, 1, 1, 1, 0
1, 1, 0, 0, 1, 1, 1, 0, 0, 0, 0
1, 1, 0, 0, 1, 1, 1, 0, 0, 1, 0
1, 1, 0, 0, 1, 1, 1, 0, 1, 0, 0
1, 1, 0, 0, 1, 1, 1, 0, 1, 1, 0
1, 1, 0, 0, 1, 1, 1, 1, 0, 0, 0
1, 1, 0, 0, 1, 1, 1, 1, 0, 1, 0
1, 1, 0, 0, 1, 1, 1, 1, 1, 0, 0
1, 1, 0, 0, 1, 1, 1, 1, 1, 1, 0
1, 1, 0, 1, 0, 0, 0, 0, 0, 0, 1
1, 1, 0, 1, 0, 0, 0, 0, 0, 1, 1
1, 1, 0, 1, 0, 0, 0, 0, 1, 0, 1
1, 1, 0, 1, 0, 0, 0, 0, 1, 1, 1
1, 1, 0, 1, 0, 0, 0, 1, 0, 0, 0
1, 1, 0, 1, 0, 0, 0, 1, 0, 1, 0
1, 1, 0, 1, 0, 0, 0, 1, 1, 0, 0
1, 1, 0, 1, 0, 0, 0, 1, 1, 1, 0
1, 1, 0, 1, 0, 0, 1, 0, 0, 0, 0
1, 1, 0, 1, 0, 0, 1, 0, 0, 1, 0
1, 1, 0, 1, 0, 0, 1, 0, 1, 0, 0
1, 1, 0, 1, 0, 0, 1, 0, 1, 1, 0
1, 1, 0, 1, 0, 0, 1, 1, 0, 0, 0
1, 1, 0, 1, 0, 0, 1, 1, 0, 1, 0
1, 1, 0, 1, 0, 0, 1, 1, 1, 0, 0
1, 1, 0, 1, 0, 0, 1, 1, 1, 1, 0
1, 1, 0, 1, 0, 1, 0, 0, 0, 0, 0
1, 1, 0, 1, 0, 1, 0, 0, 0, 1, 0
1, 1, 0, 1, 0, 1, 0, 0, 1, 0, 0
1, 1, 0, 1, 0, 1, 0, 0, 1, 1, 0
1, 1, 0, 1, 0, 1, 0, 1, 0, 0, 0
1, 1, 0, 1, 0, 1, 0, 1, 0, 1, 0
1, 1, 0, 1, 0, 1, 0, 1, 1, 0, 0
1, 1, 0, 1, 0, 1, 0, 1, 1, 1, 0
1, 1, 0, 1, 0, 1, 1, 0, 0, 0, 0
1, 1, 0, 1, 0, 1, 1, 0, 0, 1, 0
1, 1, 0, 1, 0, 1, 1, 0, 1, 0, 0
1, 1, 0, 1, 0, 1, 1, 0, 1, 1, 0
1, 1, 0, 1, 0, 1, 1, 1, 0, 0, 0
1, 1, 0, 1, 0, 1, 1, 1, 0, 1, 0
1, 1, 0, 1, 0, 1, 1, 1, 1, 0, 0
1, 1, 0, 1, 0, 1, 1, 1, 1, 1, 0
1, 1, 0, 1, 1, 0, 0, 0, 0, 0, 0
1, 1, 0, 1, 1, 0, 0, 0, 0, 1, 0
1, 1, 0, 1, 1, 0, 0, 0, 1, 0, 0
1, 1, 0, 1, 1, 0, 0, 0, 1, 1, 0
1, 1, 0, 1, 1, 0, 0, 1, 0, 0, 0
1, 1, 0, 1, 1, 0, 0, 1, 0, 1, 0
1, 1, 0, 1, 1, 0, 0, 1, 1, 0, 0
1, 1, 0, 1, 1, 0, 0, 1, 1, 1, 0
1, 1, 0, 1, 1, 0, 1, 0, 0, 0, 0
1, 1, 0, 1, 1, 0, 1, 0, 0, 1, 0
1, 1, 0, 1, 1, 0, 1, 0, 1, 0, 0
1, 1, 0, 1, 1, 0, 1, 0, 1, 1, 0
1, 1, 0, 1, 1, 0, 1, 1, 0, 0, 0
1, 1, 0, 1, 1, 0, 1, 1, 0, 1, 0
1, 1, 0, 1, 1, 0, 1, 1, 1, 0, 0
1, 1, 0, 1, 1, 0, 1, 1, 1, 1, 0
1, 1, 0, 1, 1, 1, 0, 0, 0, 0, 0
1, 1, 0, 1, 1, 1, 0, 0, 0, 1, 0
1, 1, 0, 1, 1, 1, 0, 0, 1, 0, 0
1, 1, 0, 1, 1, 1, 0, 0, 1, 1, 0
1, 1, 0, 1, 1, 1, 0, 1, 0, 0, 0
1, 1, 0, 1, 1, 1, 0, 1, 0, 1, 0
1, 1, 0, 1, 1, 1, 0, 1, 1, 0, 0
1, 1, 0, 1, 1, 1, 0, 1, 1, 1, 0
1, 1, 0, 1, 1, 1, 1, 0, 0, 0, 0
1, 1, 0, 1, 1, 1, 1, 0, 0, 1, 0
1, 1, 0, 1, 1, 1, 1, 0, 1, 0, 0
1, 1, 0, 1, 1, 1, 1, 0, 1, 1, 0
1, 1, 0, 1, 1, 1, 1, 1, 0, 0, 0
1, 1, 0, 1, 1, 1, 1, 1, 0, 1, 0
1, 1, 0, 1, 1, 1, 1, 1, 1, 0, 0
1, 1, 0, 1, 1, 1, 1, 1, 1, 1, 0
1, 1, 1, 0, 0, 0, 0, 0, 0, 0, 0
1, 1, 1, 0, 0, 0, 0, 0, 0, 1, 0
1, 1, 1, 0, 0, 0, 0, 0, 1, 0, 0
1, 1, 1, 0, 0, 0, 0, 0, 1, 1, 0
1, 1, 1, 0, 0, 0, 0, 1, 0, 0, 0
1, 1, 1, 0, 0, 0, 0, 1, 0, 1, 0
1, 1, 1, 0, 0, 0, 0, 1, 1, 0, 0
1, 1, 1, 0, 0, 0, 0, 1, 1, 1, 0
1, 1, 1, 0, 0, 0, 1, 0, 0, 0, 0
1, 1, 1, 0, 0, 0, 1, 0, 0, 1, 0
1, 1, 1, 0, 0, 0, 1, 0, 1, 0, 0
1, 1, 1, 0, 0, 0, 1, 0, 1, 1, 0
1, 1, 1, 0, 0, 0, 1, 1, 0, 0, 0
1, 1, 1, 0, 0, 0, 1, 1, 0, 1, 0
1, 1, 1, 0, 0, 0, 1, 1, 1, 0, 0
1, 1, 1, 0, 0, 0, 1, 1, 1, 1, 0
1, 1, 1, 0, 0, 1, 0, 0, 0, 0, 0
1, 1, 1, 0, 0, 1, 0, 0, 0, 1, 0
1, 1, 1, 0, 0, 1, 0, 0, 1, 0, 0
1, 1, 1, 0, 0, 1, 0, 0, 1, 1, 0
1, 1, 1, 0, 0, 1, 0, 1, 0, 0, 0
1, 1, 1, 0, 0, 1, 0, 1, 0, 1, 0
1, 1, 1, 0, 0, 1, 0, 1, 1, 0, 0
1, 1, 1, 0, 0, 1, 0, 1, 1, 1, 0
1, 1, 1, 0, 0, 1, 1, 0, 0, 0, 0
1, 1, 1, 0, 0, 1, 1, 0, 0, 1, 0
1, 1, 1, 0, 0, 1, 1, 0, 1, 0, 0
1, 1, 1, 0, 0, 1, 1, 0, 1, 1, 0
1, 1, 1, 0, 0, 1, 1, 1, 0, 0, 0
1, 1, 1, 0, 0, 1, 1, 1, 0, 1, 0
1, 1, 1, 0, 0, 1, 1, 1, 1, 0, 0
1, 1, 1, 0, 0, 1, 1, 1, 1, 1, 0
1, 1, 1, 0, 1, 0, 0, 0, 0, 0, 0
1, 1, 1, 0, 1, 0, 0, 0, 0, 1, 0
1, 1, 1, 0, 1, 0, 0, 0, 1, 0, 0
1, 1, 1, 0, 1, 0, 0, 0, 1, 1, 0
1, 1, 1, 0, 1, 0, 0, 1, 0, 0, 0
1, 1, 1, 0, 1, 0, 0, 1, 0, 1, 0
1, 1, 1, 0, 1, 0, 0, 1, 1, 0, 0
1, 1, 1, 0, 1, 0, 0, 1, 1, 1, 0
1, 1, 1, 0, 1, 0, 1, 0, 0, 0, 0
1, 1, 1, 0, 1, 0, 1, 0, 0, 1, 0
1, 1, 1, 0, 1, 0, 1, 0, 1, 0, 0
1, 1, 1, 0, 1, 0, 1, 0, 1, 1, 0
1, 1, 1, 0, 1, 0, 1, 1, 0, 0, 0
1, 1, 1, 0, 1, 0, 1, 1, 0, 1, 0
1, 1, 1, 0, 1, 0, 1, 1, 1, 0, 0
1, 1, 1, 0, 1, 0, 1, 1, 1, 1, 0
1, 1, 1, 0, 1, 1, 0, 0, 0, 0, 0
1, 1, 1, 0, 1, 1, 0, 0, 0, 1, 0
1, 1, 1, 0, 1, 1, 0, 0, 1, 0, 0
1, 1, 1, 0, 1, 1, 0, 0, 1, 1, 0
1, 1, 1, 0, 1, 1, 0, 1, 0, 0, 0
1, 1, 1, 0, 1, 1, 0, 1, 0, 1, 0
1, 1, 1, 0, 1, 1, 0, 1, 1, 0, 0
1, 1, 1, 0, 1, 1, 0, 1, 1, 1, 0
1, 1, 1, 0, 1, 1, 1, 0, 0, 0, 0
1, 1, 1, 0, 1, 1, 1, 0, 0, 1, 0
1, 1, 1, 0, 1, 1, 1, 0, 1, 0, 0
1, 1, 1, 0, 1, 1, 1, 0, 1, 1, 0
1, 1, 1, 0, 1, 1, 1, 1, 0, 0, 0
1, 1, 1, 0, 1, 1, 1, 1, 0, 1, 0
1, 1, 1, 0, 1, 1, 1, 1, 1, 0, 0
1, 1, 1, 0, 1, 1, 1, 1, 1, 1, 0
1, 1, 1, 1, 0, 0, 0, 0, 0, 0, 1
1, 1, 1, 1, 0, 0, 0, 0, 0, 1, 1
1, 1, 1, 1, 0, 0, 0, 0, 1, 0, 1
1, 1, 1, 1, 0, 0, 0, 0, 1, 1, 1
1, 1, 1, 1, 0, 0, 0, 1, 0, 0, 0
1, 1, 1, 1, 0, 0, 0, 1, 0, 1, 0
1, 1, 1, 1, 0, 0, 0, 1, 1, 0, 0
1, 1, 1, 1, 0, 0, 0, 1, 1, 1, 0
1, 1, 1, 1, 0, 0, 1, 0, 0, 0, 0
1, 1, 1, 1, 0, 0, 1, 0, 0, 1, 0
1, 1, 1, 1, 0, 0, 1, 0, 1, 0, 0
1, 1, 1, 1, 0, 0, 1, 0, 1, 1, 0
1, 1, 1, 1, 0, 0, 1, 1, 0, 0, 0
1, 1, 1, 1, 0, 0, 1, 1, 0, 1, 0
1, 1, 1, 1, 0, 0, 1, 1, 1, 0, 0
1, 1, 1, 1, 0, 0, 1, 1, 1, 1, 0
1, 1, 1, 1, 0, 1, 0, 0, 0, 0, 0
1, 1, 1, 1, 0, 1, 0, 0, 0, 1, 0
1, 1, 1, 1, 0, 1, 0, 0, 1, 0, 0
1, 1, 1, 1, 0, 1, 0, 0, 1, 1, 0
1, 1, 1, 1, 0, 1, 0, 1, 0, 0, 0
1, 1, 1, 1, 0, 1, 0, 1, 0, 1, 0
1, 1, 1, 1, 0, 1, 0, 1, 1, 0, 0
1, 1, 1, 1, 0, 1, 0, 1, 1, 1, 0
1, 1, 1, 1, 0, 1, 1, 0, 0, 0, 0
1, 1, 1, 1, 0, 1, 1, 0, 0, 1, 0
1, 1, 1, 1, 0, 1, 1, 0, 1, 0, 0
1, 1, 1, 1, 0, 1, 1, 0, 1, 1, 0
1, 1, 1, 1, 0, 1, 1, 1, 0, 0, 0
1, 1, 1, 1, 0, 1, 1, 1, 0, 1, 0
1, 1, 1, 1, 0, 1, 1, 1, 1, 0, 0
1, 1, 1, 1, 0, 1, 1, 1, 1, 1, 0
1, 1, 1, 1, 1, 0, 0, 0, 0, 0, 0
1, 1, 1, 1, 1, 0, 0, 0, 0, 1, 0
1, 1, 1, 1, 1, 0, 0, 0, 1, 0, 0
1, 1, 1, 1, 1, 0, 0, 0, 1, 1, 0
1, 1, 1, 1, 1, 0, 0, 1, 0, 0, 0
1, 1, 1, 1, 1, 0, 0, 1, 0, 1, 0
1, 1, 1, 1, 1, 0, 0, 1, 1, 0, 0
1, 1, 1, 1, 1, 0, 0, 1, 1, 1, 0
1, 1, 1, 1, 1, 0, 1, 0, 0, 0, 0
1, 1, 1, 1, 1, 0, 1, 0, 0, 1, 0
1, 1, 1, 1, 1, 0, 1, 0, 1, 0, 0
1, 1, 1, 1, 1, 0, 1, 0, 1, 1, 0
1, 1, 1, 1, 1, 0, 1, 1, 0, 0, 0
1, 1, 1, 1, 1, 0, 1, 1, 0, 1, 0
1, 1, 1, 1, 1, 0, 1, 1, 1, 0, 0
1, 1, 1, 1, 1, 0, 1, 1, 1, 1, 0
1, 1, 1, 1, 1, 1, 0, 0, 0, 0, 0
1, 1, 1, 1, 1, 1, 0, 0, 0, 1, 0
1, 1, 1, 1, 1, 1, 0, 0, 1, 0, 0
1, 1, 1, 1, 1, 1, 0, 0, 1, 1, 0
1, 1, 1, 1, 1, 1, 0, 1, 0, 0, 0
1, 1, 1, 1, 1, 1, 0, 1, 0, 1, 0
1, 1, 1, 1, 1, 1, 0, 1, 1, 0, 0
1, 1, 1, 1, 1, 1, 0, 1, 1, 1, 0
1, 1, 1, 1, 1, 1, 1, 0, 0, 0, 0
1, 1, 1, 1, 1, 1, 1, 0, 0, 1, 0
1, 1, 1, 1, 1, 1, 1, 0, 1, 0, 0
1, 1, 1, 1, 1, 1, 1, 0, 1, 1, 0
1, 1, 1, 1, 1, 1, 1, 1, 0, 0, 0
1, 1, 1, 1, 1, 1, 1, 1, 0, 1, 0
1, 1, 1, 1, 1, 1, 1, 1, 1, 0, 0
1, 1, 1, 1, 1, 1, 1, 1, 1, 1, 0
# IL10 (GATA3, IFNG, IL10, IL10e, IL21, TGFB, IL10)
0, 0, 0, 0, 0, 0, 0
0, 0, 0, 0, 0, 1, 0
0, 0, 0, 0, 1, 0, 0
0, 0, 0, 0, 1, 1, 0
0, 0, 0, 1, 0, 0, 1
0, 0, 0, 1, 0, 1, 1
0, 0, 0, 1, 1, 0, 1
0, 0, 0, 1, 1, 1, 1
0, 0, 1, 0, 0, 0, 0
0, 0, 1, 0, 0, 1, 1
0, 0, 1, 0, 1, 0, 1
0, 0, 1, 0, 1, 1, 1
0, 0, 1, 1, 0, 0, 1
0, 0, 1, 1, 0, 1, 1
0, 0, 1, 1, 1, 0, 1
0, 0, 1, 1, 1, 1, 1
0, 1, 0, 0, 0, 0, 0
0, 1, 0, 0, 0, 1, 0
0, 1, 0, 0, 1, 0, 0
0, 1, 0, 0, 1, 1, 0
0, 1, 0, 1, 0, 0, 1
0, 1, 0, 1, 0, 1, 1
0, 1, 0, 1, 1, 0, 1
0, 1, 0, 1, 1, 1, 1
0, 1, 1, 0, 0, 0, 1
0, 1, 1, 0, 0, 1, 1
0, 1, 1, 0, 1, 0, 1
0, 1, 1, 0, 1, 1, 1
0, 1, 1, 1, 0, 0, 1
0, 1, 1, 1, 0, 1, 1
0, 1, 1, 1, 1, 0, 1
0, 1, 1, 1, 1, 1, 1
1, 0, 0, 0, 0, 0, 0
1, 0, 0, 0, 0, 1, 0
1, 0, 0, 0, 1, 0, 0
1, 0, 0, 0, 1, 1, 0
1, 0, 0, 1, 0, 0, 1
1, 0, 0, 1, 0, 1, 1
1, 0, 0, 1, 1, 0, 1
1, 0, 0, 1, 1, 1, 1
1, 0, 1, 0, 0, 0, 1
1, 0, 1, 0, 0, 1, 1
1, 0, 1, 0, 1, 0, 1
1, 0, 1, 0, 1, 1, 1
1, 0, 1, 1, 0, 0, 1
1, 0, 1, 1, 0, 1, 1
1, 0, 1, 1, 1, 0, 1
1, 0, 1, 1, 1, 1, 1
1, 1, 0, 0, 0, 0, 0
1, 1, 0, 0, 0, 1, 0
1, 1, 0, 0, 1, 0, 0
1, 1, 0, 0, 1, 1, 0
1, 1, 0, 1, 0, 0, 1
1, 1, 0, 1, 0, 1, 1
1, 1, 0, 1, 1, 0, 1
1, 1, 0, 1, 1, 1, 1
1, 1, 1, 0, 0, 0, 1
1, 1, 1, 0, 0, 1, 1
1, 1, 1, 0, 1, 0, 1
1, 1, 1, 0, 1, 1, 1
1, 1, 1, 1, 0, 0, 1
1, 1, 1, 1, 0, 1, 1
1, 1, 1, 1, 1, 0, 1
1, 1, 1, 1, 1, 1, 1
# IL2 (FOXP3, IFNG, IL10, IL2, IL21, IL2e, IL2)
0, 0, 0, 0, 0, 0, 0
0, 0, 0, 0, 0, 1, 1
0, 0, 0, 0, 1, 0, 0
0, 0, 0, 0, 1, 1, 0
0, 0, 0, 1, 0, 0, 1
0, 0, 0, 1, 0, 1, 1
0, 0, 0, 1, 1, 0, 0
0, 0, 0, 1, 1, 1, 0
0, 0, 1, 0, 0, 0, 0
0, 0, 1, 0, 0, 1, 0
0, 0, 1, 0, 1, 0, 0
0, 0, 1, 0, 1, 1, 0
0, 0, 1, 1, 0, 0, 0
0, 0, 1, 1, 0, 1, 0
0, 0, 1, 1, 1, 0, 0
0, 0, 1, 1, 1, 1, 0
0, 1, 0, 0, 0, 0, 0
0, 1, 0, 0, 0, 1, 0
0, 1, 0, 0, 1, 0, 0
0, 1, 0, 0, 1, 1, 0
0, 1, 0, 1, 0, 0, 0
0, 1, 0, 1, 0, 1, 0
0, 1, 0, 1, 1, 0, 0
0, 1, 0, 1, 1, 1, 0
0, 1, 1, 0, 0, 0, 0
0, 1, 1, 0, 0, 1, 0
0, 1, 1, 0, 1, 0, 0
0, 1, 1, 0, 1, 1, 0
0, 1, 1, 1, 0, 0, 0
0, 1, 1, 1, 0, 1, 0
0, 1, 1, 1, 1, 0, 0
0, 1, 1, 1, 1, 1, 0
1, 0, 0, 0, 0, 0, 0
1, 0, 0, 0, 0, 1, 1
1, 0, 0, 0, 1, 0, 0
1, 0, 0, 0, 1, 1, 0
1, 0, 0, 1, 0, 0, 0
1, 0, 0, 1, 0, 1, 1
1, 0, 0, 1, 1, 0, 0
1, 0, 0, 1, 1, 1, 0
1, 0, 1, 0, 0, 0, 0
1, 0, 1, 0, 0, 1, 0
1, 0, 1, 0, 1, 0, 0
1, 0, 1, 0, 1, 1, 0
1, 0, 1, 1, 0, 0, 0
1, 0, 1, 1, 0, 1, 0
1, 0, 1, 1, 1, 0, 0
1, 0, 1, 1, 1, 1, 0
1, 1, 0, 0, 0, 0, 0
1, 1, 0, 0, 0, 1, 0
1, 1, 0, 0, 1, 0, 0
1, 1, 0, 0, 1, 1, 0
1, 1, 0, 1, 0, 0, 0
1, 1, 0, 1, 0, 1, 0
1, 1, 0, 1, 1, 0, 0
1, 1, 0, 1, 1, 1, 0
1, 1, 1, 0, 0, 0, 0
1, 1, 1, 0, 0, 1, 0
1, 1, 1, 0, 1, 0, 0
1, 1, 1, 0, 1, 1, 0
1, 1, 1, 1, 0, 0, 0
1, 1, 1, 1, 0, 1, 0
1, 1, 1, 1, 1, 0, 0
1, 1, 1, 1, 1, 1, 0
# IL21 (BCL6, IFNG, IL10, IL2, IL21, IL21e, IL4, IL9, RORGT, IL21)
0, 0, 0, 0, 0, 0, 0, 0, 0, 0
0, 0, 0, 0, 0, 0, 0, 0, 1, 1
0, 0, 0, 0, 0, 0, 0, 1, 0, 0
0, 0, 0, 0, 0, 0, 0, 1, 1, 0
0, 0, 0, 0, 0, 0, 1, 0, 0, 0
0, 0, 0, 0, 0, 0, 1, 0, 1, 0
0, 0, 0, 0, 0, 0, 1, 1, 0, 0
0, 0, 0, 0, 0, 0, 1, 1, 1, 0
0, 0, 0, 0, 0, 1, 0, 0, 0, 1
0, 0, 0, 0, 0, 1, 0, 0, 1, 1
0, 0, 0, 0, 0, 1, 0, 1, 0, 0
0, 0, 0, 0, 0, 1, 0, 1, 1, 0
0, 0, 0, 0, 0, 1, 1, 0, 0, 0
0, 0, 0, 0, 0, 1, 1, 0, 1, 0
0, 0, 0, 0, 0, 1, 1, 1, 0, 0
0, 0, 0, 0, 0, 1, 1, 1, 1, 0
0, 0, 0, 0, 1, 0, 0, 0, 0, 1
0, 0, 0, 0, 1, 0, 0, 0, 1, 1
0, 0, 0, 0, 1, 0, 0, 1, 0, 0
0, 0, 0, 0, 1, 0, 0, 1, 1, 0
0, 0, 0, 0, 1, 0, 1, 0, 0, 0
0, 0, 0, 0, 1, 0, 1, 0, 1, 0
0, 0, 0, 0, 1, 0, 1, 1, 0, 0
0, 0, 0, 0, 1, 0, 1, 1, 1, 0
0, 0, 0, 0, 1, 1, 0, 0, 0, 1
0, 0, 0, 0, 1, 1, 0, 0, 1, 1
0, 0, 0, 0, 1, 1, 0, 1, 0, 0
0, 0, 0, 0, 1, 1, 0, 1, 1, 0
0, 0, 0, 0, 1, 1, 1, 0, 0, 0
0, 0, 0, 0, 1, 1, 1, 0, 1, 0
0, 0, 0, 0, 1, 1, 1, 1, 0, 0
0, 0, 0, 0, 1, 1, 1, 1, 1, 0
0, 0, 0, 1, 0, 0, 0, 0, 0, 0
0, 0, 0, 1, 0, 0, 0, 0, 1, 0
0, 0, 0, 1, 0, 0, 0, 1, 0, 0
0, 0, 0, 1, 0, 0, 0, 1, 1, 0
0, 0, 0, 1, 0, 0, 1, 0, 0, 0
0, 0, 0, 1, 0, 0, 1, 0, 1, 0
0, 0, 0, 1, 0, 0, 1, 1, 0, 0
0, 0, 0, 1, 0, 0, 1, 1, 1, 0
0, 0, 0, 1, 0, 1, 0, 0, 0, 0
0, 0, 0, 1, 0, 1, 0, 0, 1, 0
0, 0, 0, 1, 0, 1, 0, 1, 0, 0
0, 0, 0, 1, 0, 1, 0, 1, 1, 0
0, 0, 0, 1, 0, 1, 1, 0, 0, 0
0, 0, 0, 1, 0, 1, 1, 0, 1, 0
0, 0, 0, 1, 0, 1, 1, 1, 0, 0
0, 0, 0, 1, 0, 1, 1, 1, 1, 0
0, 0, 0, 1, 1, 0, 0, 0, 0, 0
0, 0, 0, 1, 1, 0, 0, 0, 1, 0
0, 0, 0, 1, 1, 0, 0, 1, 0, 0
0, 0, 0, 1, 1, 0, 0, 1, 1, 0
0, 0, 0, 1, 1, 0, 1, 0, 0, 0
0, 0, 0, 1, 1, 0, 1, 0, 1, 0
0, 0, 0, 1, 1, 0, 1, 1, 0, 0
0, 0, 0, 1, 1, 0, 1, 1, 1, 0
0, 0, 0, 1, 1, 1, 0, 0, 0, 0
0, 0, 0, 1, 1, 1, 0, 0, 1, 0
0, 0, 0, 1, 1, 1, 0, 1, 0, 0
0, 0, 0, 1, 1, 1, 0, 1, 1, 0
0, 0, 0, 1, 1, 1, 1, 0, 0, 0
0, 0, 0, 1, 1, 1, 1, 0, 1, 0
0, 0, 0, 1, 1, 1, 1, 1, 0, 0
0, 0, 0, 1, 1, 1, 1, 1, 1, 0
0, 0, 1, 0, 0, 0, 0, 0, 0, 0
0, 0, 1, 0, 0, 0, 0, 0, 1, 0
0, 0, 1, 0, 0, 0, 0, 1, 0, 0
0, 0, 1, 0, 0, 0, 0, 1, 1, 0
0, 0, 1, 0, 0, 0, 1, 0, 0, 0
0, 0, 1, 0, 0, 0, 1, 0, 1, 0
0, 0, 1, 0, 0, 0, 1, 1, 0, 0
0, 0, 1, 0, 0, 0, 1, 1, 1, 0
0, 0, 1, 0, 0, 1, 0, 0, 0, 0
0, 0, 1, 0, 0, 1, 0, 0, 1, 0
0, 0, 1, 0, 0, 1, 0, 1, 0, 0
0, 0, 1, 0, 0, 1, 0, 1, 1, 0
0, 0, 1, 0, 0, 1, 1, 0, 0, 0
0, 0, 1, 0, 0, 1, 1, 0, 1, 0
0, 0, 1, 0, 0, 1, 1, 1, 0, 0
0, 0, 1, 0, 0, 1, 1, 1, 1, 0
0, 0, 1, 0, 1, 0, 0, 0, 0, 0
0, 0, 1, 0, 1, 0, 0, 0, 1, 0
0, 0, 1, 0, 1, 0, 0, 1, 0, 0
0, 0, 1, 0, 1, 0, 0, 1, 1, 0
0, 0, 1, 0, 1, 0, 1, 0, 0, 0
0, 0, 1, 0, 1, 0, 1, 0, 1, 0
0, 0, 1, 0, 1, 0, 1, 1, 0, 0
0, 0, 1, 0, 1, 0, 1, 1, 1, 0
0, 0, 1, 0, 1, 1, 0, 0, 0, 0
0, 0, 1, 0, 1, 1, 0, 0, 1, 0
0, 0, 1, 0, 1, 1, 0, 1, 0, 0
0, 0, 1, 0, 1, 1, 0, 1, 1, 0
0, 0, 1, 0, 1, 1, 1, 0, 0, 0
0, 0, 1, 0, 1, 1, 1, 0, 1, 0
0, 0, 1, 0, 1, 1, 1, 1, 0, 0
0, 0, 1, 0, 1, 1, 1, 1, 1, 0
0, 0, 1, 1, 0, 0, 0, 0, 0, 0
0, 0, 1, 1, 0, 0, 0, 0, 1, 0
0, 0, 1, 1, 0, 0, 0, 1, 0, 0
0, 0, 1, 1, 0, 0, 0, 1, 1, 0
0, 0, 1, 1, 0, 0, 1, 0, 0, 0
0, 0, 1, 1, 0, 0, 1, 0, 1, 0
0, 0, 1, 1, 0, 0, 1, 1, 0, 0
0, 0, 1, 1, 0, 0, 1, 1, 1, 0
0, 0, 1, 1, 0, 1, 0, 0, 0, 0
0, 0, 1, 1, 0, 1, 0, 0, 1, 0
0, 0, 1, 1, 0, 1, 0, 1, 0, 0
0, 0, 1, 1, 0, 1, 0, 1, 1, 0
0, 0, 1, 1, 0, 1, 1, 0, 0, 0
0, 0, 1, 1, 0, 1, 1, 0, 1, 0
0, 0, 1, 1, 0, 1, 1, 1, 0, 0
0, 0, 1, 1, 0, 1, 1, 1, 1, 0
0, 0, 1, 1, 1, 0, 0, 0, 0, 0
0, 0, 1, 1, 1, 0, 0, 0, 1, 0
0, 0, 1, 1, 1, 0, 0, 1, 0, 0
0, 0, 1, 1, 1, 0, 0, 1, 1, 0
0, 0, 1, 1, 1, 0, 1, 0, 0, 0
0, 0, 1, 1, 1, 0, 1, 0, 1, 0
0, 0, 1, 1, 1, 0, 1, 1, 0, 0
0, 0, 1, 1, 1, 0, 1, 1, 1, 0
0, 0, 1, 1, 1, 1, 0, 0, 0, 0
0, 0, 1, 1, 1, 1, 0, 0, 1, 0
0, 0, 1, 1, 1, 1, 0, 1, 0, 0
0, 0, 1, 1, 1, 1, 0, 1, 1, 0
0, 0, 1, 1, 1, 1, 1, 0, 0, 0
0, 0, 1, 1, 1, 1, 1, 0, 1, 0
0, 0, 1, 1, 1, 1, 1, 1, 0, 0
0, 0, 1, 1, 1, 1, 1, 1, 1, 0
0, 1, 0, 0, 0, 0, 0, 0, 0, 0
0, 1, 0, 0, 0, 0, 0, 0, 1, 0
0, 1, 0, 0, 0, 0, 0, 1, 0, 0
0, 1, 0, 0, 0, 0, 0, 1, 1, 0
0, 1, 0, 0, 0, 0, 1, 0, 0, 0
0, 1, 0, 0, 0, 0, 1, 0, 1, 0
0, 1, 0, 0, 0, 0, 1, 1, 0, 0
0, 1, 0, 0, 0, 0, 1, 1, 1, 0
0, 1, 0, 0, 0, 1, 0, 0, 0, 0
0, 1, 0, 0, 0, 1, 0, 0, 1, 0
0, 1, 0, 0, 0, 1, 0, 1, 0, 0
0, 1, 0, 0, 0, 1, 0, 1, 1, 0
0, 1, 0, 0, 0, 1, 1, 0, 0, 0
0, 1, 0, 0, 0, 1, 1, 0, 1, 0
0, 1, 0, 0, 0, 1, 1, 1, 0, 0
0, 1, 0, 0, 0, 1, 1, 1, 1, 0
0, 1, 0, 0, 1, 0, 0, 0, 0, 0
0, 1, 0, 0, 1, 0, 0, 0, 1, 0
0, 1, 0, 0, 1, 0, 0, 1, 0, 0
0, 1, 0, 0, 1, 0, 0, 1, 1, 0
0, 1, 0, 0, 1, 0, 1, 0, 0, 0
0, 1, 0, 0, 1, 0, 1, 0, 1, 0
0, 1, 0, 0, 1, 0, 1, 1, 0, 0
0, 1, 0, 0, 1, 0, 1, 1, 1, 0
0, 1, 0, 0, 1, 1, 0, 0, 0, 0
0, 1, 0, 0, 1, 1, 0, 0, 1, 0
0, 1, 0, 0, 1, 1, 0, 1, 0, 0
0, 1, 0, 0, 1, 1, 0, 1, 1, 0
0, 1, 0, 0, 1, 1, 1, 0, 0, 0
0, 1, 0, 0, 1, 1, 1, 0, 1, 0
0, 1, 0, 0, 1, 1, 1, 1, 0, 0
0, 1, 0, 0, 1, 1, 1, 1, 1, 0
0, 1, 0, 1, 0, 0, 0, 0, 0, 0
0, 1, 0, 1, 0, 0, 0, 0, 1, 0
0, 1, 0, 1, 0, 0, 0, 1, 0, 0
0, 1, 0, 1, 0, 0, 0, 1, 1, 0
0, 1, 0, 1, 0, 0, 1, 0, 0, 0
0, 1, 0, 1, 0, 0, 1, 0, 1, 0
0, 1, 0, 1, 0, 0, 1, 1, 0, 0
0, 1, 0, 1, 0, 0, 1, 1, 1, 0
0, 1, 0, 1, 0, 1, 0, 0, 0, 0
0, 1, 0, 1, 0, 1, 0, 0, 1, 0
0, 1, 0, 1, 0, 1, 0, 1, 0, 0
0, 1, 0, 1, 0, 1, 0, 1, 1, 0
0, 1, 0, 1, 0, 1, 1, 0, 0, 0
0, 1, 0, 1, 0, 1, 1, 0, 1, 0
0, 1, 0, 1, 0, 1, 1, 1, 0, 0
0, 1, 0, 1, 0, 1, 1, 1, 1, 0
0, 1, 0, 1, 1, 0, 0, 0, 0, 0
0, 1, 0, 1, 1, 0, 0, 0, 1, 0
0, 1, 0, 1, 1, 0, 0, 1, 0, 0
0, 1, 0, 1, 1, 0, 0, 1, 1, 0
0, 1, 0, 1, 1, 0, 1, 0, 0, 0
0, 1, 0, 1, 1, 0, 1, 0, 1, 0
0, 1, 0, 1, 1, 0, 1, 1, 0, 0
0, 1, 0, 1, 1, 0, 1, 1, 1, 0
0, 1, 0, 1, 1, 1, 0, 0, 0, 0
0, 1, 0, 1, 1, 1, 0, 0, 1, 0
0, 1, 0, 1, 1, 1, 0, 1, 0, 0
0, 1, 0, 1, 1, 1, 0, 1, 1, 0
0, 1, 0, 1, 1, 1, 1, 0, 0, 0
0, 1, 0, 1, 1, 1, 1, 0, 1, 0
0, 1, 0, 1, 1, 1, 1, 1, 0, 0
0, 1, 0, 1, 1, 1, 1, 1, 1, 0
0, 1, 1, 0, 0, 0, 0, 0, 0, 0
0, 1, 1, 0, 0, 0, 0, 0, 1, 0
0, 1, 1, 0, 0, 0, 0, 1, 0, 0
0, 1, 1, 0, 0, 0, 0, 1, 1, 0
0, 1, 1, 0, 0, 0, 1, 0, 0, 0
0, 1, 1, 0, 0, 0, 1, 0, 1, 0
0, 1, 1, 0, 0, 0, 1, 1, 0, 0
0, 1, 1, 0, 0, 0, 1, 1, 1, 0
0, 1, 1, 0, 0, 1, 0, 0, 0, 0
0, 1, 1, 0, 0, 1, 0, 0, 1, 0
0, 1, 1, 0, 0, 1, 0, 1, 0, 0
0, 1, 1, 0, 0, 1, 0, 1, 1, 0
0, 1, 1, 0, 0, 1, 1, 0, 0, 0
0, 1, 1, 0, 0, 1, 1, 0, 1, 0
0, 1, 1, 0, 0, 1, 1, 1, 0, 0
0, 1, 1, 0, 0, 1, 1, 1, 1, 0
0, 1, 1, 0, 1, 0, 0, 0, 0, 0
0, 1, 1, 0, 1, 0, 0, 0, 1, 0
0, 1, 1, 0, 1, 0, 0, 1, 0, 0
0, 1, 1, 0, 1, 0, 0, 1, 1, 0
0, 1, 1, 0, 1, 0, 1, 0, 0, 0
0, 1, 1, 0, 1, 0, 1, 0, 1, 0
0, 1, 1, 0, 1, 0, 1, 1, 0, 0
0, 1, 1, 0, 1, 0, 1, 1, 1, 0
0, 1, 1, 0, 1, 1, 0, 0, 0, 0
0, 1, 1, 0, 1, 1, 0, 0, 1, 0
0, 1, 1, 0, 1, 1, 0, 1, 0, 0
0, 1, 1, 0, 1, 1, 0, 1, 1, 0
0, 1, 1, 0, 1, 1, 1, 0, 0, 0
0, 1, 1, 0, 1, 1, 1, 0, 1, 0
0, 1, 1, 0, 1, 1, 1, 1, 0, 0
0, 1, 1, 0, 1, 1, 1, 1, 1, 0
0, 1, 1, 1, 0, 0, 0, 0, 0, 0
0, 1, 1, 1, 0, 0, 0, 0, 1, 0
0, 1, 1, 1, 0, 0, 0, 1, 0, 0
0, 1, 1, 1, 0, 0, 0, 1, 1, 0
0, 1, 1, 1, 0, 0, 1, 0, 0, 0
0, 1, 1, 1, 0, 0, 1, 0, 1, 0
0, 1, 1, 1, 0, 0, 1, 1, 0, 0
0, 1, 1, 1, 0, 0, 1, 1, 1, 0
0, 1, 1, 1, 0, 1, 0, 0, 0, 0
0, 1, 1, 1, 0, 1, 0, 0, 1, 0
0, 1, 1, 1, 0, 1, 0, 1, 0, 0
0, 1, 1, 1, 0, 1, 0, 1, 1, 0
0, 1, 1, 1, 0, 1, 1, 0, 0, 0
0, 1, 1, 1, 0, 1, 1, 0, 1, 0
0, 1, 1, 1, 0, 1, 1, 1, 0, 0
0, 1, 1, 1, 0, 1, 1, 1, 1, 0
0, 1, 1, 1, 1, 0, 0, 0, 0, 0
0, 1, 1, 1, 1, 0, 0, 0, 1, 0
0, 1, 1, 1, 1, 0, 0, 1, 0, 0
0, 1, 1, 1, 1, 0, 0, 1, 1, 0
0, 1, 1, 1, 1, 0, 1, 0, 0, 0
0, 1, 1, 1, 1, 0, 1, 0, 1, 0
0, 1, 1, 1, 1, 0, 1, 1, 0, 0
0, 1, 1, 1, 1, 0, 1, 1, 1, 0
0, 1, 1, 1, 1, 1, 0, 0, 0, 0
0, 1, 1, 1, 1, 1, 0, 0, 1, 0
0, 1, 1, 1, 1, 1, 0, 1, 0, 0
0, 1, 1, 1, 1, 1, 0, 1, 1, 0
0, 1, 1, 1, 1, 1, 1, 0, 0, 0
0, 1, 1, 1, 1, 1, 1, 0, 1, 0
0, 1, 1, 1, 1, 1, 1, 1, 0, 0
0, 1, 1, 1, 1, 1, 1, 1, 1, 0
1, 0, 0, 0, 0, 0, 0, 0, 0, 1
1, 0, 0, 0, 0, 0, 0, 0, 1, 1
1, 0, 0, 0, 0, 0, 0, 1, 0, 0
1, 0, 0, 0, 0, 0, 0, 1, 1, 0
1, 0, 0, 0, 0, 0, 1, 0, 0, 0
1, 0, 0, 0, 0, 0, 1, 0, 1, 0
1, 0, 0, 0, 0, 0, 1, 1, 0, 0
1, 0, 0, 0, 0, 0, 1, 1, 1, 0
1, 0, 0, 0, 0, 1, 0, 0, 0, 1
1, 0, 0, 0, 0, 1, 0, 0, 1, 1
1, 0, 0, 0, 0, 1, 0, 1, 0, 0
1, 0, 0, 0, 0, 1, 0, 1, 1, 0
1, 0, 0, 0, 0, 1, 1, 0, 0, 0
1, 0, 0, 0, 0, 1, 1, 0, 1, 0
1, 0, 0, 0, 0, 1, 1, 1, 0, 0
1, 0, 0, 0, 0, 1, 1, 1, 1, 0
1, 0, 0, 0, 1, 0, 0, 0, 0, 1
1, 0, 0, 0, 1, 0, 0, 0, 1, 1
1, 0, 0, 0, 1, 0, 0, 1, 0, 0
1, 0, 0, 0, 1, 0, 0, 1, 1, 0
1, 0, 0, 0, 1, 0, 1, 0, 0, 0
1, 0, 0, 0, 1, 0, 1, 0, 1, 0
1, 0, 0, 0, 1, 0, 1, 1, 0, 0
1, 0, 0, 0, 1, 0, 1, 1, 1, 0
1, 0, 0, 0, 1, 1, 0, 0, 0, 1
1, 0, 0, 0, 1, 1, 0, 0, 1, 1
1, 0, 0, 0, 1, 1, 0, 1, 0, 0
1, 0, 0, 0, 1, 1, 0, 1, 1, 0
1, 0, 0, 0, 1, 1, 1, 0, 0, 0
1, 0, 0, 0, 1, 1, 1, 0, 1, 0
1, 0, 0, 0, 1, 1, 1, 1, 0, 0
1, 0, 0, 0, 1, 1, 1, 1, 1, 0
1, 0, 0, 1, 0, 0, 0, 0, 0, 0
1, 0, 0, 1, 0, 0, 0, 0, 1, 0
1, 0, 0, 1, 0, 0, 0, 1, 0, 0
1, 0, 0, 1, 0, 0, 0, 1, 1, 0
1, 0, 0, 1, 0, 0, 1, 0, 0, 0
1, 0, 0, 1, 0, 0, 1, 0, 1, 0
1, 0, 0, 1, 0, 0, 1, 1, 0, 0
1, 0, 0, 1, 0, 0, 1, 1, 1, 0
1, 0, 0, 1, 0, 1, 0, 0, 0, 0
1, 0, 0, 1, 0, 1, 0, 0, 1, 0
1, 0, 0, 1, 0, 1, 0, 1, 0, 0
1, 0, 0, 1, 0, 1, 0, 1, 1, 0
1, 0, 0, 1, 0, 1, 1, 0, 0, 0
1, 0, 0, 1, 0, 1, 1, 0, 1, 0
1, 0, 0, 1, 0, 1, 1, 1, 0, 0
1, 0, 0, 1, 0, 1, 1, 1, 1, 0
1, 0, 0, 1, 1, 0, 0, 0, 0, 0
1, 0, 0, 1, 1, 0, 0, 0, 1, 0
1, 0, 0, 1, 1, 0, 0, 1, 0, 0
1, 0, 0, 1, 1, 0, 0, 1, 1, 0
1, 0, 0, 1, 1, 0, 1, 0, 0, 0
1, 0, 0, 1, 1, 0, 1, 0, 1, 0
1, 0, 0, 1, 1, 0, 1, 1, 0, 0
1, 0, 0, 1, 1, 0, 1, 1, 1, 0
1, 0, 0, 1, 1, 1, 0, 0, 0, 0
1, 0, 0, 1, 1, 1, 0, 0, 1, 0
1, 0, 0, 1, 1, 1, 0, 1, 0, 0
1, 0, 0, 1, 1, 1, 0, 1, 1, 0
1, 0, 0, 1, 1, 1, 1, 0, 0, 0
1, 0, 0, 1, 1, 1, 1, 0, 1, 0
1, 0, 0, 1, 1, 1, 1, 1, 0, 0
1, 0, 0, 1, 1, 1, 1, 1, 1, 0
1, 0, 1, 0, 0, 0, 0, 0, 0, 0
1, 0, 1, 0, 0, 0, 0, 0, 1, 0
1, 0, 1, 0, 0, 0, 0, 1, 0, 0
1, 0, 1, 0, 0, 0, 0, 1, 1, 0
1, 0, 1, 0, 0, 0, 1, 0, 0, 0
1, 0, 1, 0, 0, 0, 1, 0, 1, 0
1, 0, 1, 0, 0, 0, 1, 1, 0, 0
1, 0, 1, 0, 0, 0, 1, 1, 1, 0
1, 0, 1, 0, 0, 1, 0, 0, 0, 0
1, 0, 1, 0, 0, 1, 0, 0, 1, 0
1, 0, 1, 0, 0, 1, 0, 1, 0, 0
1, 0, 1, 0, 0, 1, 0, 1, 1, 0
1, 0, 1, 0, 0, 1, 1, 0, 0, 0
1, 0, 1, 0, 0, 1, 1, 0, 1, 0
1, 0, 1, 0, 0, 1, 1, 1, 0, 0
1, 0, 1, 0, 0, 1, 1, 1, 1, 0
1, 0, 1, 0, 1, 0, 0, 0, 0, 0
1, 0, 1, 0, 1, 0, 0, 0, 1, 0
1, 0, 1, 0, 1, 0, 0, 1, 0, 0
1, 0, 1, 0, 1, 0, 0, 1, 1, 0
1, 0, 1, 0, 1, 0, 1, 0, 0, 0
1, 0, 1, 0, 1, 0, 1, 0, 1, 0
1, 0, 1, 0, 1, 0, 1, 1, 0, 0
1, 0, 1, 0, 1, 0, 1, 1, 1, 0
1, 0, 1, 0, 1, 1, 0, 0, 0, 0
1, 0, 1, 0, 1, 1, 0, 0, 1, 0
1, 0, 1, 0, 1, 1, 0, 1, 0, 0
1, 0, 1, 0, 1, 1, 0, 1, 1, 0
1, 0, 1, 0, 1, 1, 1, 0, 0, 0
1, 0, 1, 0, 1, 1, 1, 0, 1, 0
1, 0, 1, 0, 1, 1, 1, 1, 0, 0
1, 0, 1, 0, 1, 1, 1, 1, 1, 0
1, 0, 1, 1, 0, 0, 0, 0, 0, 0
1, 0, 1, 1, 0, 0, 0, 0, 1, 0
1, 0, 1, 1, 0, 0, 0, 1, 0, 0
1, 0, 1, 1, 0, 0, 0, 1, 1, 0
1, 0, 1, 1, 0, 0, 1, 0, 0, 0
1, 0, 1, 1, 0, 0, 1, 0, 1, 0
1, 0, 1, 1, 0, 0, 1, 1, 0, 0
1, 0, 1, 1, 0, 0, 1, 1, 1, 0
1, 0, 1, 1, 0, 1, 0, 0, 0, 0
1, 0, 1, 1, 0, 1, 0, 0, 1, 0
1, 0, 1, 1, 0, 1, 0, 1, 0, 0
1, 0, 1, 1, 0, 1, 0, 1, 1, 0
1, 0, 1, 1, 0, 1, 1, 0, 0, 0
1, 0, 1, 1, 0, 1, 1, 0, 1, 0
1, 0, 1, 1, 0, 1, 1, 1, 0, 0
1, 0, 1, 1, 0, 1, 1, 1, 1, 0
1, 0, 1, 1, 1, 0, 0, 0, 0, 0
1, 0, 1, 1, 1, 0, 0, 0, 1, 0
1, 0, 1, 1, 1, 0, 0, 1, 0, 0
1, 0, 1, 1, 1, 0, 0, 1, 1, 0
1, 0, 1, 1, 1, 0, 1, 0, 0, 0
1, 0, 1, 1, 1, 0, 1, 0, 1, 0
1, 0, 1, 1, 1, 0, 1, 1, 0, 0
1, 0, 1, 1, 1, 0, 1, 1, 1, 0
1, 0, 1, 1, 1, 1, 0, 0, 0, 0
1, 0, 1, 1, 1, 1, 0, 0, 1, 0
1, 0, 1, 1, 1, 1, 0, 1, 0, 0
1, 0, 1, 1, 1, 1, 0, 1, 1, 0
1, 0, 1, 1, 1, 1, 1, 0, 0, 0
1, 0, 1, 1, 1, 1, 1, 0, 1, 0
1, 0, 1, 1, 1, 1, 1, 1, 0, 0
1, 0, 1, 1, 1, 1, 1, 1, 1, 0
1, 1, 0, 0, 0, 0, 0, 0, 0, 0
1, 1, 0, 0, 0, 0, 0, 0, 1, 0
1, 1, 0, 0, 0, 0, 0, 1, 0, 0
1, 1, 0, 0, 0, 0, 0, 1, 1, 0
1, 1, 0, 0, 0, 0, 1, 0, 0, 0
1, 1, 0, 0, 0, 0, 1, 0, 1, 0
1, 1, 0, 0, 0, 0, 1, 1, 0, 0
1, 1, 0, 0, 0, 0, 1, 1, 1, 0
1, 1, 0, 0, 0, 1, 0, 0, 0, 0
1, 1, 0, 0, 0, 1, 0, 0, 1, 0
1, 1, 0, 0, 0, 1, 0, 1, 0, 0
1, 1, 0, 0, 0, 1, 0, 1, 1, 0
1, 1, 0, 0, 0, 1, 1, 0, 0, 0
1, 1, 0, 0, 0, 1, 1, 0, 1, 0
1, 1, 0, 0, 0, 1, 1, 1, 0, 0
1, 1, 0, 0, 0, 1, 1, 1, 1, 0
1, 1, 0, 0, 1, 0, 0, 0, 0, 0
1, 1, 0, 0, 1, 0, 0, 0, 1, 0
1, 1, 0, 0, 1, 0, 0, 1, 0, 0
1, 1, 0, 0, 1, 0, 0, 1, 1, 0
1, 1, 0, 0, 1, 0, 1, 0, 0, 0
1, 1, 0, 0, 1, 0, 1, 0, 1, 0
1, 1, 0, 0, 1, 0, 1, 1, 0, 0
1, 1, 0, 0, 1, 0, 1, 1, 1, 0
1, 1, 0, 0, 1, 1, 0, 0, 0, 0
1, 1, 0, 0, 1, 1, 0, 0, 1, 0
1, 1, 0, 0, 1, 1, 0, 1, 0, 0
1, 1, 0, 0, 1, 1, 0, 1, 1, 0
1, 1, 0, 0, 1, 1, 1, 0, 0, 0
1, 1, 0, 0, 1, 1, 1, 0, 1, 0
1, 1, 0, 0, 1, 1, 1, 1, 0, 0
1, 1, 0, 0, 1, 1, 1, 1, 1, 0
1, 1, 0, 1, 0, 0, 0, 0, 0, 0
1, 1, 0, 1, 0, 0, 0, 0, 1, 0
1, 1, 0, 1, 0, 0, 0, 1, 0, 0
1, 1, 0, 1, 0, 0, 0, 1, 1, 0
1, 1, 0, 1, 0, 0, 1, 0, 0, 0
1, 1, 0, 1, 0, 0, 1, 0, 1, 0
1, 1, 0, 1, 0, 0, 1, 1, 0, 0
1, 1, 0, 1, 0, 0, 1, 1, 1, 0
1, 1, 0, 1, 0, 1, 0, 0, 0, 0
1, 1, 0, 1, 0, 1, 0, 0, 1, 0
1, 1, 0, 1, 0, 1, 0, 1, 0, 0
1, 1, 0, 1, 0, 1, 0, 1, 1, 0
1, 1, 0, 1, 0, 1, 1, 0, 0, 0
1, 1, 0, 1, 0, 1, 1, 0, 1, 0
1, 1, 0, 1, 0, 1, 1, 1, 0, 0
1, 1, 0, 1, 0, 1, 1, 1, 1, 0
1, 1, 0, 1, 1, 0, 0, 0, 0, 0
1, 1, 0, 1, 1, 0, 0, 0, 1, 0
1, 1, 0, 1, 1, 0, 0, 1, 0, 0
1, 1, 0, 1, 1, 0, 0, 1, 1, 0
1, 1, 0, 1, 1, 0, 1, 0, 0, 0
1, 1, 0, 1, 1, 0, 1, 0, 1, 0
1, 1, 0, 1, 1, 0, 1, 1, 0, 0
1, 1, 0, 1, 1, 0, 1, 1, 1, 0
1, 1, 0, 1, 1, 1, 0, 0, 0, 0
1, 1, 0, 1, 1, 1, 0, 0, 1, 0
1, 1, 0, 1, 1, 1, 0, 1, 0, 0
1, 1, 0, 1, 1, 1, 0, 1, 1, 0
1, 1, 0, 1, 1, 1, 1, 0, 0, 0
1, 1, 0, 1, 1, 1, 1, 0, 1, 0
1, 1, 0, 1, 1, 1, 1, 1, 0, 0
1, 1, 0, 1, 1, 1, 1, 1, 1, 0
1, 1, 1, 0, 0, 0, 0, 0, 0, 0
1, 1, 1, 0, 0, 0, 0, 0, 1, 0
1, 1, 1, 0, 0, 0, 0, 1, 0, 0
1, 1, 1, 0, 0, 0, 0, 1, 1, 0
1, 1, 1, 0, 0, 0, 1, 0, 0, 0
1, 1, 1, 0, 0, 0, 1, 0, 1, 0
1, 1, 1, 0, 0, 0, 1, 1, 0, 0
1, 1, 1, 0, 0, 0, 1, 1, 1, 0
1, 1, 1, 0, 0, 1, 0, 0, 0, 0
1, 1, 1, 0, 0, 1, 0, 0, 1, 0
1, 1, 1, 0, 0, 1, 0, 1, 0, 0
1, 1, 1, 0, 0, 1, 0, 1, 1, 0
1, 1, 1, 0, 0, 1, 1, 0, 0, 0
1, 1, 1, 0, 0, 1, 1, 0, 1, 0
1, 1, 1, 0, 0, 1, 1, 1, 0, 0
1, 1, 1, 0, 0, 1, 1, 1, 1, 0
1, 1, 1, 0, 1, 0, 0, 0, 0, 0
1, 1, 1, 0, 1, 0, 0, 0, 1, 0
1, 1, 1, 0, 1, 0, 0, 1, 0, 0
1, 1, 1, 0, 1, 0, 0, 1, 1, 0
1, 1, 1, 0, 1, 0, 1, 0, 0, 0
1, 1, 1, 0, 1, 0, 1, 0, 1, 0
1, 1, 1, 0, 1, 0, 1, 1, 0, 0
1, 1, 1, 0, 1, 0, 1, 1, 1, 0
1, 1, 1, 0, 1, 1, 0, 0, 0, 0
1, 1, 1, 0, 1, 1, 0, 0, 1, 0
1, 1, 1, 0, 1, 1, 0, 1, 0, 0
1, 1, 1, 0, 1, 1, 0, 1, 1, 0
1, 1, 1, 0, 1, 1, 1, 0, 0, 0
1, 1, 1, 0, 1, 1, 1, 0, 1, 0
1, 1, 1, 0, 1, 1, 1, 1, 0, 0
1, 1, 1, 0, 1, 1, 1, 1, 1, 0
1, 1, 1, 1, 0, 0, 0, 0, 0, 0
1, 1, 1, 1, 0, 0, 0, 0, 1, 0
1, 1, 1, 1, 0, 0, 0, 1, 0, 0
1, 1, 1, 1, 0, 0, 0, 1, 1, 0
1, 1, 1, 1, 0, 0, 1, 0, 0, 0
1, 1, 1, 1, 0, 0, 1, 0, 1, 0
1, 1, 1, 1, 0, 0, 1, 1, 0, 0
1, 1, 1, 1, 0, 0, 1, 1, 1, 0
1, 1, 1, 1, 0, 1, 0, 0, 0, 0
1, 1, 1, 1, 0, 1, 0, 0, 1, 0
1, 1, 1, 1, 0, 1, 0, 1, 0, 0
1, 1, 1, 1, 0, 1, 0, 1, 1, 0
1, 1, 1, 1, 0, 1, 1, 0, 0, 0
1, 1, 1, 1, 0, 1, 1, 0, 1, 0
1, 1, 1, 1, 0, 1, 1, 1, 0, 0
1, 1, 1, 1, 0, 1, 1, 1, 1, 0
1, 1, 1, 1, 1, 0, 0, 0, 0, 0
1, 1, 1, 1, 1, 0, 0, 0, 1, 0
1, 1, 1, 1, 1, 0, 0, 1, 0, 0
1, 1, 1, 1, 1, 0, 0, 1, 1, 0
1, 1, 1, 1, 1, 0, 1, 0, 0, 0
1, 1, 1, 1, 1, 0, 1, 0, 1, 0
1, 1, 1, 1, 1, 0, 1, 1, 0, 0
1, 1, 1, 1, 1, 0, 1, 1, 1, 0
1, 1, 1, 1, 1, 1, 0, 0, 0, 0
1, 1, 1, 1, 1, 1, 0, 0, 1, 0
1, 1, 1, 1, 1, 1, 0, 1, 0, 0
1, 1, 1, 1, 1, 1, 0, 1, 1, 0
1, 1, 1, 1, 1, 1, 1, 0, 0, 0
1, 1, 1, 1, 1, 1, 1, 0, 1, 0
1, 1, 1, 1, 1, 1, 1, 1, 0, 0
1, 1, 1, 1, 1, 1, 1, 1, 1, 0
# IL4 (GATA3, IFNG, IL2, IL21, IL4, IL4e, TBET, IL4)
0, 0, 0, 0, 0, 0, 0, 0
0, 0, 0, 0, 0, 0, 1, 0
0, 0, 0, 0, 0, 1, 0, 1
0, 0, 0, 0, 0, 1, 1, 1
0, 0, 0, 0, 1, 0, 0, 0
0, 0, 0, 0, 1, 0, 1, 0
0, 0, 0, 0, 1, 1, 0, 1
0, 0, 0, 0, 1, 1, 1, 1
0, 0, 0, 1, 0, 0, 0, 0
0, 0, 0, 1, 0, 0, 1, 0
0, 0, 0, 1, 0, 1, 0, 0
0, 0, 0, 1, 0, 1, 1, 0
0, 0, 0, 1, 1, 0, 0, 0
0, 0, 0, 1, 1, 0, 1, 0
0, 0, 0, 1, 1, 1, 0, 0
0, 0, 0, 1, 1, 1, 1, 0
0, 0, 1, 0, 0, 0, 0, 0
0, 0, 1, 0, 0, 0, 1, 0
0, 0, 1, 0, 0, 1, 0, 1
0, 0, 1, 0, 0, 1, 1, 1
0, 0, 1, 0, 1, 0, 0, 0
0, 0, 1, 0, 1, 0, 1, 0
0, 0, 1, 0, 1, 1, 0, 1
0, 0, 1, 0, 1, 1, 1, 1
0, 0, 1, 1, 0, 0, 0, 0
0, 0, 1, 1, 0, 0, 1, 0
0, 0, 1, 1, 0, 1, 0, 0
0, 0, 1, 1, 0, 1, 1, 0
0, 0, 1, 1, 1, 0, 0, 0
0, 0, 1, 1, 1, 0, 1, 0
0, 0, 1, 1, 1, 1, 0, 0
0, 0, 1, 1, 1, 1, 1, 0
0, 1, 0, 0, 0, 0, 0, 0
0, 1, 0, 0, 0, 0, 1, 0
0, 1, 0, 0, 0, 1, 0, 0
0, 1, 0, 0, 0, 1, 1, 0
0, 1, 0, 0, 1, 0, 0, 0
0, 1, 0, 0, 1, 0, 1, 0
0, 1, 0, 0, 1, 1, 0, 0
0, 1, 0, 0, 1, 1, 1, 0
0, 1, 0, 1, 0, 0, 0, 0
0, 1, 0, 1, 0, 0, 1, 0
0, 1, 0, 1, 0, 1, 0, 0
0, 1, 0, 1, 0, 1, 1, 0
0, 1, 0, 1, 1, 0, 0, 0
0, 1, 0, 1, 1, 0, 1, 0
0, 1, 0, 1, 1, 1, 0, 0
0, 1, 0, 1, 1, 1, 1, 0
0, 1, 1, 0, 0, 0, 0, 0
0, 1, 1, 0, 0, 0, 1, 0
0, 1, 1, 0, 0, 1, 0, 0
0, 1, 1, 0, 0, 1, 1, 0
0, 1, 1, 0, 1, 0, 0, 0
0, 1, 1, 0, 1, 0, 1, 0
0, 1, 1, 0, 1, 1, 0, 0
0, 1, 1, 0, 1, 1, 1, 0
0, 1, 1, 1, 0, 0, 0, 0
0, 1, 1, 1, 0, 0, 1, 0
0, 1, 1, 1, 0, 1, 0, 0
0, 1, 1, 1, 0, 1, 1, 0
0, 1, 1, 1, 1, 0, 0, 0
0, 1, 1, 1, 1, 0, 1, 0
0, 1, 1, 1, 1, 1, 0, 0
0, 1, 1, 1, 1, 1, 1, 0
1, 0, 0, 0, 0, 0, 0, 0
1, 0, 0, 0, 0, 0, 1, 0
1, 0, 0, 0, 0, 1, 0, 1
1, 0, 0, 0, 0, 1, 1, 1
1, 0, 0, 0, 1, 0, 0, 1
1, 0, 0, 0, 1, 0, 1, 0
1, 0, 0, 0, 1, 1, 0, 1
1, 0, 0, 0, 1, 1, 1, 1
1, 0, 0, 1, 0, 0, 0, 0
1, 0, 0, 1, 0, 0, 1, 0
1, 0, 0, 1, 0, 1, 0, 0
1, 0, 0, 1, 0, 1, 1, 0
1, 0, 0, 1, 1, 0, 0, 0
1, 0, 0, 1, 1, 0, 1, 0
1, 0, 0, 1, 1, 1, 0, 0
1, 0, 0, 1, 1, 1, 1, 0
1, 0, 1, 0, 0, 0, 0, 1
1, 0, 1, 0, 0, 0, 1, 0
1, 0, 1, 0, 0, 1, 0, 1
1, 0, 1, 0, 0, 1, 1, 1
1, 0, 1, 0, 1, 0, 0, 1
1, 0, 1, 0, 1, 0, 1, 0
1, 0, 1, 0, 1, 1, 0, 1
1, 0, 1, 0, 1, 1, 1, 1
1, 0, 1, 1, 0, 0, 0, 0
1, 0, 1, 1, 0, 0, 1, 0
1, 0, 1, 1, 0, 1, 0, 0
1, 0, 1, 1, 0, 1, 1, 0
1, 0, 1, 1, 1, 0, 0, 0
1, 0, 1, 1, 1, 0, 1, 0
1, 0, 1, 1, 1, 1, 0, 0
1, 0, 1, 1, 1, 1, 1, 0
1, 1, 0, 0, 0, 0, 0, 0
1, 1, 0, 0, 0, 0, 1, 0
1, 1, 0, 0, 0, 1, 0, 0
1, 1, 0, 0, 0, 1, 1, 0
1, 1, 0, 0, 1, 0, 0, 0
1, 1, 0, 0, 1, 0, 1, 0
1, 1, 0, 0, 1, 1, 0, 0
1, 1, 0, 0, 1, 1, 1, 0
1, 1, 0, 1, 0, 0, 0, 0
1, 1, 0, 1, 0, 0, 1, 0
1, 1, 0, 1, 0, 1, 0, 0
1, 1, 0, 1, 0, 1, 1, 0
1, 1, 0, 1, 1, 0, 0, 0
1, 1, 0, 1, 1, 0, 1, 0
1, 1, 0, 1, 1, 1, 0, 0
1, 1, 0, 1, 1, 1, 1, 0
1, 1, 1, 0, 0, 0, 0, 0
1, 1, 1, 0, 0, 0, 1, 0
1, 1, 1, 0, 0, 1, 0, 0
1, 1, 1, 0, 0, 1, 1, 0
1, 1, 1, 0, 1, 0, 0, 0
1, 1, 1, 0, 1, 0, 1, 0
1, 1, 1, 0, 1, 1, 0, 0
1, 1, 1, 0, 1, 1, 1, 0
1, 1, 1, 1, 0, 0, 0, 0
1, 1, 1, 1, 0, 0, 1, 0
1, 1, 1, 1, 0, 1, 0, 0
1, 1, 1, 1, 0, 1, 1, 0
1, 1, 1, 1, 1, 0, 0, 0
1, 1, 1, 1, 1, 0, 1, 0
1, 1, 1, 1, 1, 1, 0, 0
1, 1, 1, 1, 1, 1, 1, 0
# IL9 (IFNG, IL10, IL2, IL21, IL4, TGFB, IL9)
0, 0, 0, 0, 0, 0, 0
0, 0, 0, 0, 0, 1, 0
0, 0, 0, 0, 1, 0, 0
0, 0, 0, 0, 1, 1, 1
0, 0, 0, 1, 0, 0, 0
0, 0, 0, 1, 0, 1, 0
0, 0, 0, 1, 1, 0, 0
0, 0, 0, 1, 1, 1, 0
0, 0, 1, 0, 0, 0, 0
0, 0, 1, 0, 0, 1, 0
0, 0, 1, 0, 1, 0, 0
0, 0, 1, 0, 1, 1, 1
0, 0, 1, 1, 0, 0, 0
0, 0, 1, 1, 0, 1, 0
0, 0, 1, 1, 1, 0, 0
0, 0, 1, 1, 1, 1, 0
0, 1, 0, 0, 0, 0, 0
0, 1, 0, 0, 0, 1, 0
0, 1, 0, 0, 1, 0, 0
0, 1, 0, 0, 1, 1, 1
0, 1, 0, 1, 0, 0, 0
0, 1, 0, 1, 0, 1, 0
0, 1, 0, 1, 1, 0, 0
0, 1, 0, 1, 1, 1, 0
0, 1, 1, 0, 0, 0, 0
0, 1, 1, 0, 0, 1, 0
0, 1, 1, 0, 1, 0, 1
0, 1, 1, 0, 1, 1, 1
0, 1, 1, 1, 0, 0, 0
0, 1, 1, 1, 0, 1, 0
0, 1, 1, 1, 1, 0, 0
0, 1, 1, 1, 1, 1, 0
1, 0, 0, 0, 0, 0, 0
1, 0, 0, 0, 0, 1, 0
1, 0, 0, 0, 1, 0, 0
1, 0, 0, 0, 1, 1, 0
1, 0, 0, 1, 0, 0, 0
1, 0, 0, 1, 0, 1, 0
1, 0, 0, 1, 1, 0, 0
1, 0, 0, 1, 1, 1, 0
1, 0, 1, 0, 0, 0, 0
1, 0, 1, 0, 0, 1, 0
1, 0, 1, 0, 1, 0, 0
1, 0, 1, 0, 1, 1, 0
1, 0, 1, 1, 0, 0, 0
1, 0, 1, 1, 0, 1, 0
1, 0, 1, 1, 1, 0, 0
1, 0, 1, 1, 1, 1, 0
1, 1, 0, 0, 0, 0, 0
1, 1, 0, 0, 0, 1, 0
1, 1, 0, 0, 1, 0, 0
1, 1, 0, 0, 1, 1, 0
1, 1, 0, 1, 0, 0, 0
1, 1, 0, 1, 0, 1, 0
1, 1, 0, 1, 1, 0, 0
1, 1, 0, 1, 1, 1, 0
1, 1, 1, 0, 0, 0, 0
1, 1, 1, 0, 0, 1, 0
1, 1, 1, 0, 1, 0, 0
1, 1, 1, 0, 1, 1, 0
1, 1, 1, 1, 0, 0, 0
1, 1, 1, 1, 0, 1, 0
1, 1, 1, 1, 1, 0, 0
1, 1, 1, 1, 1, 1, 0
# RORGT (BCL6, FOXP3, GATA3, IL21, TBET, TGFB, RORGT)
0, 0, 0, 0, 0, 0, 0
0, 0, 0, 0, 0, 1, 0
0, 0, 0, 0, 1, 0, 0
0, 0, 0, 0, 1, 1, 0
0, 0, 0, 1, 0, 0, 0
0, 0, 0, 1, 0, 1, 1
0, 0, 0, 1, 1, 0, 0
0, 0, 0, 1, 1, 1, 0
0, 0, 1, 0, 0, 0, 0
0, 0, 1, 0, 0, 1, 0
0, 0, 1, 0, 1, 0, 0
0, 0, 1, 0, 1, 1, 0
0, 0, 1, 1, 0, 0, 0
0, 0, 1, 1, 0, 1, 0
0, 0, 1, 1, 1, 0, 0
0, 0, 1, 1, 1, 1, 0
0, 1, 0, 0, 0, 0, 0
0, 1, 0, 0, 0, 1, 0
0, 1, 0, 0, 1, 0, 0
0, 1, 0, 0, 1, 1, 0
0, 1, 0, 1, 0, 0, 0
0, 1, 0, 1, 0, 1, 0
0, 1, 0, 1, 1, 0, 0
0, 1, 0, 1, 1, 1, 0
0, 1, 1, 0, 0, 0, 0
0, 1, 1, 0, 0, 1, 0
0, 1, 1, 0, 1, 0, 0
0, 1, 1, 0, 1, 1, 0
0, 1, 1, 1, 0, 0, 0
0, 1, 1, 1, 0, 1, 0
0, 1, 1, 1, 1, 0, 0
0, 1, 1, 1, 1, 1, 0
1, 0, 0, 0, 0, 0, 0
1, 0, 0, 0, 0, 1, 0
1, 0, 0, 0, 1, 0, 0
1, 0, 0, 0, 1, 1, 0
1, 0, 0, 1, 0, 0, 0
1, 0, 0, 1, 0, 1, 0
1, 0, 0, 1, 1, 0, 0
1, 0, 0, 1, 1, 1, 0
1, 0, 1, 0, 0, 0, 0
1, 0, 1, 0, 0, 1, 0
1, 0, 1, 0, 1, 0, 0
1, 0, 1, 0, 1, 1, 0
1, 0, 1, 1, 0, 0, 0
1, 0, 1, 1, 0, 1, 0
1, 0, 1, 1, 1, 0, 0
1, 0, 1, 1, 1, 1, 0
1, 1, 0, 0, 0, 0, 0
1, 1, 0, 0, 0, 1, 0
1, 1, 0, 0, 1, 0, 0
1, 1, 0, 0, 1, 1, 0
1, 1, 0, 1, 0, 0, 0
1, 1, 0, 1, 0, 1, 0
1, 1, 0, 1, 1, 0, 0
1, 1, 0, 1, 1, 1, 0
1, 1, 1, 0, 0, 0, 0
1, 1, 1, 0, 0, 1, 0
1, 1, 1, 0, 1, 0, 0
1, 1, 1, 0, 1, 1, 0
1, 1, 1, 1, 0, 0, 0
1, 1, 1, 1, 0, 1, 0
1, 1, 1, 1, 1, 0, 0
1, 1, 1, 1, 1, 1, 0
# TBET (BCL6, GATA3, IFNG, IL21, IL4, IL9, TBET, TBET)
0, 0, 0, 0, 0, 0, 0, 0
0, 0, 0, 0, 0, 0, 1, 1
0, 0, 0, 0, 0, 1, 0, 0
0, 0, 0, 0, 0, 1, 1, 0
0, 0, 0, 0, 1, 0, 0, 0
0, 0, 0, 0, 1, 0, 1, 0
0, 0, 0, 0, 1, 1, 0, 0
0, 0, 0, 0, 1, 1, 1, 0
0, 0, 0, 1, 0, 0, 0, 0
0, 0, 0, 1, 0, 0, 1, 0
0, 0, 0, 1, 0, 1, 0, 0
0, 0, 0, 1, 0, 1, 1, 0
0, 0, 0, 1, 1, 0, 0, 0
0, 0, 0, 1, 1, 0, 1, 0
0, 0, 0, 1, 1, 1, 0, 0
0, 0, 0, 1, 1, 1, 1, 0
0, 0, 1, 0, 0, 0, 0, 1
0, 0, 1, 0, 0, 0, 1, 1
0, 0, 1, 0, 0, 1, 0, 0
0, 0, 1, 0, 0, 1, 1, 0
0, 0, 1, 0, 1, 0, 0, 0
0, 0, 1, 0, 1, 0, 1, 0
0, 0, 1, 0, 1, 1, 0, 0
0, 0, 1, 0, 1, 1, 1, 0
0, 0, 1, 1, 0, 0, 0, 0
0, 0, 1, 1, 0, 0, 1, 0
0, 0, 1, 1, 0, 1, 0, 0
0, 0, 1, 1, 0, 1, 1, 0
0, 0, 1, 1, 1, 0, 0, 0
0, 0, 1, 1, 1, 0, 1, 0
0, 0, 1, 1, 1, 1, 0, 0
0, 0, 1, 1, 1, 1, 1, 0
0, 1, 0, 0, 0, 0, 0, 0
0, 1, 0, 0, 0, 0, 1, 0
0, 1, 0, 0, 0, 1, 0, 0
0, 1, 0, 0, 0, 1, 1, 0
0, 1, 0, 0, 1, 0, 0, 0
0, 1, 0, 0, 1, 0, 1, 0
0, 1, 0, 0, 1, 1, 0, 0
0, 1, 0, 0, 1, 1, 1, 0
0, 1, 0, 1, 0, 0, 0, 0
0, 1, 0, 1, 0, 0, 1, 0
0, 1, 0, 1, 0, 1, 0, 0
0, 1, 0, 1, 0, 1, 1, 0
0, 1, 0, 1, 1, 0, 0, 0
0, 1, 0, 1, 1, 0, 1, 0
0, 1, 0, 1, 1, 1, 0, 0
0, 1, 0, 1, 1, 1, 1, 0
0, 1, 1, 0, 0, 0, 0, 0
0, 1, 1, 0, 0, 0, 1, 0
0, 1, 1, 0, 0, 1, 0, 0
0, 1, 1, 0, 0, 1, 1, 0
0, 1, 1, 0, 1, 0, 0, 0
0, 1, 1, 0, 1, 0, 1, 0
0, 1, 1, 0, 1, 1, 0, 0
0, 1, 1, 0, 1, 1, 1, 0
0, 1, 1, 1, 0, 0, 0, 0
0, 1, 1, 1, 0, 0, 1, 0
0, 1, 1, 1, 0, 1, 0, 0
0, 1, 1, 1, 0, 1, 1, 0
0, 1, 1, 1, 1, 0, 0, 0
0, 1, 1, 1, 1, 0, 1, 0
0, 1, 1, 1, 1, 1, 0, 0
0, 1, 1, 1, 1, 1, 1, 0
1, 0, 0, 0, 0, 0, 0, 0
1, 0, 0, 0, 0, 0, 1, 0
1, 0, 0, 0, 0, 1, 0, 0
1, 0, 0, 0, 0, 1, 1, 0
1, 0, 0, 0, 1, 0, 0, 0
1, 0, 0, 0, 1, 0, 1, 0
1, 0, 0, 0, 1, 1, 0, 0
1, 0, 0, 0, 1, 1, 1, 0
1, 0, 0, 1, 0, 0, 0, 0
1, 0, 0, 1, 0, 0, 1, 0
1, 0, 0, 1, 0, 1, 0, 0
1, 0, 0, 1, 0, 1, 1, 0
1, 0, 0, 1, 1, 0, 0, 0
1, 0, 0, 1, 1, 0, 1, 0
1, 0, 0, 1, 1, 1, 0, 0
1, 0, 0, 1, 1, 1, 1, 0
1, 0, 1, 0, 0, 0, 0, 0
1, 0, 1, 0, 0, 0, 1, 0
1, 0, 1, 0, 0, 1, 0, 0
1, 0, 1, 0, 0, 1, 1, 0
1, 0, 1, 0, 1, 0, 0, 0
1, 0, 1, 0, 1, 0, 1, 0
1, 0, 1, 0, 1, 1, 0, 0
1, 0, 1, 0, 1, 1, 1, 0
1, 0, 1, 1, 0, 0, 0, 0
1, 0, 1, 1, 0, 0, 1, 0
1, 0, 1, 1, 0, 1, 0, 0
1, 0, 1, 1, 0, 1, 1, 0
1, 0, 1, 1, 1, 0, 0, 0
1, 0, 1, 1, 1, 0, 1, 0
1, 0, 1, 1, 1, 1, 0, 0
1, 0, 1, 1, 1, 1, 1, 0
1, 1, 0, 0, 0, 0, 0, 0
1, 1, 0, 0, 0, 0, 1, 0
1, 1, 0, 0, 0, 1, 0, 0
1, 1, 0, 0, 0, 1, 1, 0
1, 1, 0, 0, 1, 0, 0, 0
1, 1, 0, 0, 1, 0, 1, 0
1, 1, 0, 0, 1, 1, 0, 0
1, 1, 0, 0, 1, 1, 1, 0
1, 1, 0, 1, 0, 0, 0, 0
1, 1, 0, 1, 0, 0, 1, 0
1, 1, 0, 1, 0, 1, 0, 0
1, 1, 0, 1, 0, 1, 1, 0
1, 1, 0, 1, 1, 0, 0, 0
1, 1, 0, 1, 1, 0, 1, 0
1, 1, 0, 1, 1, 1, 0, 0
1, 1, 0, 1, 1, 1, 1, 0
1, 1, 1, 0, 0, 0, 0, 0
1, 1, 1, 0, 0, 0, 1, 0
1, 1, 1, 0, 0, 1, 0, 0
1, 1, 1, 0, 0, 1, 1, 0
1, 1, 1, 0, 1, 0, 0, 0
1, 1, 1, 0, 1, 0, 1, 0
1, 1, 1, 0, 1, 1, 0, 0
1, 1, 1, 0, 1, 1, 1, 0
1, 1, 1, 1, 0, 0, 0, 0
1, 1, 1, 1, 0, 0, 1, 0
1, 1, 1, 1, 0, 1, 0, 0
1, 1, 1, 1, 0, 1, 1, 0
1, 1, 1, 1, 1, 0, 0, 0
1, 1, 1, 1, 1, 0, 1, 0
1, 1, 1, 1, 1, 1, 0, 0
1, 1, 1, 1, 1, 1, 1, 0
# TGFB (FOXP3, IL21, TGFB, TGFBe, TGFB)
0, 0, 0, 0, 0
0, 0, 0, 1, 1
0, 0, 1, 0, 1
0, 0, 1, 1, 1
0, 1, 0, 0, 0
0, 1, 0, 1, 1
0, 1, 1, 0, 0
0, 1, 1, 1, 1
1, 0, 0, 0, 1
1, 0, 0, 1, 1
1, 0, 1, 0, 1
1, 0, 1, 1, 1
1, 1, 0, 0, 0
1, 1, 0, 1, 1
1, 1, 1, 0, 0
1, 1, 1, 1, 1
