## AKT Apoptosis ASK1 ATM BAX BCATENIN BCL2 CASP3 CASP8 CASP9 CCL2 CERAMIDE CFLIP COX2 CTL CYCLIND1 CYTC DC EP2 ERK FADD_ FAS FOS GP130 GSK3B IAP IFNG IKB IKK IL10 IL12 IL4 IL6 JAK JNK JUN MAC MDM2 MEK MEKK1 MOMP NFKB P21 P53 PGE2 PI3K PP2A Proliferation PTEN RAF RAS ROS S1P SMAC SMAD SMAD7 SMASE SOCS SOD SPHK1 STAT3 TBID TGFB TGFR TH1 TH2 TNFA TNFR TREG APC
# AKT (CASP3, PI3K, PP2A, AKT)
0, 0, 0, 0
0, 0, 1, 0
0, 1, 0, 1
0, 1, 1, 0
1, 0, 0, 0
1, 0, 1, 0
1, 1, 0, 0
1, 1, 1, 0
# Apoptosis (CASP3, Apoptosis)
0, 0
1, 1
# ASK1 (P21, ROS, ASK1)
0, 0, 0
0, 1, 1
1, 0, 0
1, 1, 0
# ATM (ROS, ATM)
0, 0
1, 1
# BAX (AKT, P53, PP2A, TBID, BAX)
0, 0, 0, 0, 0
0, 0, 0, 1, 0
0, 0, 1, 0, 0
0, 0, 1, 1, 1
0, 1, 0, 0, 0
0, 1, 0, 1, 0
0, 1, 1, 0, 1
0, 1, 1, 1, 1
1, 0, 0, 0, 0
1, 0, 0, 1, 0
1, 0, 1, 0, 0
1, 0, 1, 1, 0
1, 1, 0, 0, 0
1, 1, 0, 1, 0
1, 1, 1, 0, 0
1, 1, 1, 1, 0
# BCATENIN (APC, GSK3B, BCATENIN)
0, 0, 1
0, 1, 1
1, 0, 1
1, 1, 0
# BCL2 (NFKB, P53, PP2A, STAT3, BCL2)
0, 0, 0, 0, 0
0, 0, 0, 1, 1
0, 0, 1, 0, 0
0, 0, 1, 1, 0
0, 1, 0, 0, 0
0, 1, 0, 1, 0
0, 1, 1, 0, 0
0, 1, 1, 1, 0
1, 0, 0, 0, 1
1, 0, 0, 1, 1
1, 0, 1, 0, 0
1, 0, 1, 1, 0
1, 1, 0, 0, 0
1, 1, 0, 1, 0
1, 1, 1, 0, 0
1, 1, 1, 1, 0
# CASP3 (CASP8, CASP9, IAP, CASP3)
0, 0, 0, 0
0, 0, 1, 0
0, 1, 0, 1
0, 1, 1, 0
1, 0, 0, 1
1, 0, 1, 0
1, 1, 0, 1
1, 1, 1, 0
# CASP8 (CFLIP, FADD , P21, CASP8)
0, 0, 0, 0
0, 0, 1, 0
0, 1, 0, 1
0, 1, 1, 0
1, 0, 0, 0
1, 0, 1, 0
1, 1, 0, 0
1, 1, 1, 0
# CASP9 (CYTC, IAP, P21, CASP9)
0, 0, 0, 0
0, 0, 1, 0
0, 1, 0, 0
0, 1, 1, 0
1, 0, 0, 1
1, 0, 1, 0
1, 1, 0, 0
1, 1, 1, 0
# CCL2 (NFKB, CCL2)
0, 0
1, 1
# CERAMIDE (SMASE, SPHK1, CERAMIDE)
0, 0, 0
0, 1, 0
1, 0, 1
1, 1, 0
# CFLIP (NFKB, CFLIP)
0, 0
1, 1
# COX2 (S1P, TNFR, COX2)
0, 0, 0
0, 1, 0
1, 0, 0
1, 1, 1
# CTL (IFNG, TGFB, CTL)
0, 0, 0
0, 1, 0
1, 0, 1
1, 1, 0
# CYCLIND1 (BCATENIN, GSK3B, JUN, STAT3, CYCLIND1)
0, 0, 0, 0, 0
0, 0, 0, 1, 1
0, 0, 1, 0, 1
0, 0, 1, 1, 1
0, 1, 0, 0, 0
0, 1, 0, 1, 0
0, 1, 1, 0, 0
0, 1, 1, 1, 0
1, 0, 0, 0, 1
1, 0, 0, 1, 1
1, 0, 1, 0, 1
1, 0, 1, 1, 1
1, 1, 0, 0, 0
1, 1, 0, 1, 0
1, 1, 1, 0, 0
1, 1, 1, 1, 0
# CYTC (MOMP, CYTC)
0, 0
1, 1
# DC (CCL2, IL10, TNFA, DC)
0, 0, 0, 0
0, 0, 1, 1
0, 1, 0, 0
0, 1, 1, 0
1, 0, 0, 1
1, 0, 1, 1
1, 1, 0, 0
1, 1, 1, 0
# EP2 (PGE2, EP2)
0, 0
1, 1
# ERK (MEK, ERK)
0, 0
1, 1
# FADD_ (FAS, TNFR, FADD )
0, 0, 0
0, 1, 1
1, 0, 1
1, 1, 1
# FAS (CTL, FAS)
0, 0
1, 1
# FOS (ERK, FOS)
0, 0
1, 1
# GP130 (IL6, GP130)
0, 0
1, 1
# GSK3B (AKT, EP2, GSK3B)
0, 0, 1
0, 1, 0
1, 0, 0
1, 1, 0
# IAP (NFKB, SMAC, STAT3, IAP)
0, 0, 0, 0
0, 0, 1, 1
0, 1, 0, 0
0, 1, 1, 0
1, 0, 0, 1
1, 0, 1, 1
1, 1, 0, 0
1, 1, 1, 0
# IFNG (CTL, TH1, IFNG)
0, 0, 0
0, 1, 1
1, 0, 1
1, 1, 1
# IKB (IKK, IKB)
0, 1
1, 0
# IKK (AKT, S1P, TNFR, IKK)
0, 0, 0, 0
0, 0, 1, 0
0, 1, 0, 0
0, 1, 1, 1
1, 0, 0, 1
1, 0, 1, 1
1, 1, 0, 1
1, 1, 1, 1
# IL10 (TH2, TREG, IL10)
0, 0, 0
0, 1, 1
1, 0, 1
1, 1, 1
# IL12 (DC, MAC, IL12)
0, 0, 0
0, 1, 1
1, 0, 1
1, 1, 1
# IL4 (DC, TH2, IL4)
0, 0, 0
0, 1, 1
1, 0, 1
1, 1, 1
# IL6 (DC, MAC, NFKB, IL6)
0, 0, 0, 0
0, 0, 1, 1
0, 1, 0, 1
0, 1, 1, 1
1, 0, 0, 1
1, 0, 1, 1
1, 1, 0, 1
1, 1, 1, 1
# JAK (GP130, SOCS, JAK)
0, 0, 0
0, 1, 0
1, 0, 1
1, 1, 0
# JNK (ASK1, MEKK1, JNK)
0, 0, 0
0, 1, 1
1, 0, 1
1, 1, 1
# JUN (BCATENIN, ERK, GSK3B, JNK, JUN)
0, 0, 0, 0, 0
0, 0, 0, 1, 0
0, 0, 1, 0, 0
0, 0, 1, 1, 0
0, 1, 0, 0, 0
0, 1, 0, 1, 1
0, 1, 1, 0, 0
0, 1, 1, 1, 0
1, 0, 0, 0, 0
1, 0, 0, 1, 1
1, 0, 1, 0, 0
1, 0, 1, 1, 0
1, 1, 0, 0, 0
1, 1, 0, 1, 1
1, 1, 1, 0, 0
1, 1, 1, 1, 0
# MAC (CCL2, IFNG, IL10, MAC)
0, 0, 0, 0
0, 0, 1, 0
0, 1, 0, 1
0, 1, 1, 0
1, 0, 0, 1
1, 0, 1, 0
1, 1, 0, 1
1, 1, 1, 0
# MDM2 (AKT, ATM, GSK3B, P53, MDM2)
0, 0, 0, 0, 0
0, 0, 0, 1, 0
0, 0, 1, 0, 0
0, 0, 1, 1, 0
0, 1, 0, 0, 0
0, 1, 0, 1, 0
0, 1, 1, 0, 0
0, 1, 1, 1, 0
1, 0, 0, 0, 0
1, 0, 0, 1, 1
1, 0, 1, 0, 0
1, 0, 1, 1, 0
1, 1, 0, 0, 0
1, 1, 0, 1, 0
1, 1, 1, 0, 0
1, 1, 1, 1, 0
# MEK (RAF, ROS, MEK)
0, 0, 0
0, 1, 1
1, 0, 1
1, 1, 1
# MEKK1 (CERAMIDE, TGFR, TNFR, MEKK1)
0, 0, 0, 0
0, 0, 1, 1
0, 1, 0, 1
0, 1, 1, 1
1, 0, 0, 1
1, 0, 1, 1
1, 1, 0, 1
1, 1, 1, 1
# MOMP (BAX, BCL2, CERAMIDE, TBID, MOMP)
0, 0, 0, 0, 0
0, 0, 0, 1, 1
0, 0, 1, 0, 1
0, 0, 1, 1, 1
0, 1, 0, 0, 0
0, 1, 0, 1, 0
0, 1, 1, 0, 0
0, 1, 1, 1, 0
1, 0, 0, 0, 1
1, 0, 0, 1, 1
1, 0, 1, 0, 1
1, 0, 1, 1, 1
1, 1, 0, 0, 0
1, 1, 0, 1, 0
1, 1, 1, 0, 0
1, 1, 1, 1, 0
# NFKB (IKB, NFKB)
0, 1
1, 0
# P21 (CASP3, GSK3B, P53, SMAD, P21)
0, 0, 0, 0, 0
0, 0, 0, 1, 1
0, 0, 1, 0, 1
0, 0, 1, 1, 1
0, 1, 0, 0, 0
0, 1, 0, 1, 0
0, 1, 1, 0, 0
0, 1, 1, 1, 0
1, 0, 0, 0, 0
1, 0, 0, 1, 0
1, 0, 1, 0, 0
1, 0, 1, 1, 0
1, 1, 0, 0, 0
1, 1, 0, 1, 0
1, 1, 1, 0, 0
1, 1, 1, 1, 0
# P53 (ATM, JNK, MDM2, PTEN, P53)
0, 0, 0, 0, 0
0, 0, 0, 1, 1
0, 0, 1, 0, 0
0, 0, 1, 1, 0
0, 1, 0, 0, 1
0, 1, 0, 1, 1
0, 1, 1, 0, 0
0, 1, 1, 1, 0
1, 0, 0, 0, 1
1, 0, 0, 1, 1
1, 0, 1, 0, 0
1, 0, 1, 1, 0
1, 1, 0, 0, 1
1, 1, 0, 1, 1
1, 1, 1, 0, 0
1, 1, 1, 1, 0
# PGE2 (COX2, PGE2)
0, 0
1, 1
# PI3K (EP2, PTEN, RAS, PI3K)
0, 0, 0, 0
0, 0, 1, 1
0, 1, 0, 0
0, 1, 1, 0
1, 0, 0, 1
1, 0, 1, 1
1, 1, 0, 0
1, 1, 1, 0
# PP2A (AKT, CERAMIDE, PP2A)
0, 0, 0
0, 1, 1
1, 0, 0
1, 1, 0
# Proliferation (CASP3, CYCLIND1, FOS, P21, Proliferation)
0, 0, 0, 0, 0
0, 0, 0, 1, 0
0, 0, 1, 0, 0
0, 0, 1, 1, 0
0, 1, 0, 0, 0
0, 1, 0, 1, 0
0, 1, 1, 0, 1
0, 1, 1, 1, 0
1, 0, 0, 0, 0
1, 0, 0, 1, 0
1, 0, 1, 0, 0
1, 0, 1, 1, 0
1, 1, 0, 0, 0
1, 1, 0, 1, 0
1, 1, 1, 0, 0
1, 1, 1, 1, 0
# PTEN (JUN, NFKB, P53, PTEN)
0, 0, 0, 0
0, 0, 1, 1
0, 1, 0, 0
0, 1, 1, 0
1, 0, 0, 0
1, 0, 1, 0
1, 1, 0, 0
1, 1, 1, 0
# RAF (CERAMIDE, RAS, RAF)
0, 0, 0
0, 1, 1
1, 0, 1
1, 1, 1
# RAS (EP2, GP130, RAS)
0, 0, 0
0, 1, 1
1, 0, 1
1, 1, 1
# ROS (SOD, TNFR, ROS)
0, 0, 0
0, 1, 1
1, 0, 0
1, 1, 0
# S1P (SPHK1, S1P)
0, 0
1, 1
# SMAC (MOMP, SMAC)
0, 0
1, 1
# SMAD (JUN, TGFR, SMAD)
0, 0, 0
0, 1, 1
1, 0, 0
1, 1, 0
# SMAD7 (NFKB, SMAD, SMAD7)
0, 0, 0
0, 1, 1
1, 0, 1
1, 1, 1
# SMASE (FADD , P53, SMASE)
0, 0, 0
0, 1, 1
1, 0, 1
1, 1, 1
# SOCS (STAT3, SOCS)
0, 0
1, 1
# SOD (NFKB, STAT3, SOD)
0, 0, 0
0, 1, 1
1, 0, 1
1, 1, 1
# SPHK1 (ERK, TNFR, SPHK1)
0, 0, 0
0, 1, 1
1, 0, 1
1, 1, 1
# STAT3 (JAK, STAT3)
0, 0
1, 1
# TBID (BCL2, CASP8, TBID)
0, 0, 0
0, 1, 1
1, 0, 0
1, 1, 0
# TGFB (TREG, TGFB)
0, 0
1, 1
# TGFR (SMAD7, TGFB, TGFR)
0, 0, 0
0, 1, 1
1, 0, 0
1, 1, 0
# TH1 (IFNG, IL10, IL12, IL4, TGFB, TH1)
0, 0, 0, 0, 0, 0
0, 0, 0, 0, 1, 0
0, 0, 0, 1, 0, 0
0, 0, 0, 1, 1, 0
0, 0, 1, 0, 0, 1
0, 0, 1, 0, 1, 0
0, 0, 1, 1, 0, 0
0, 0, 1, 1, 1, 0
0, 1, 0, 0, 0, 0
0, 1, 0, 0, 1, 0
0, 1, 0, 1, 0, 0
0, 1, 0, 1, 1, 0
0, 1, 1, 0, 0, 0
0, 1, 1, 0, 1, 0
0, 1, 1, 1, 0, 0
0, 1, 1, 1, 1, 0
1, 0, 0, 0, 0, 1
1, 0, 0, 0, 1, 0
1, 0, 0, 1, 0, 0
1, 0, 0, 1, 1, 0
1, 0, 1, 0, 0, 1
1, 0, 1, 0, 1, 0
1, 0, 1, 1, 0, 0
1, 0, 1, 1, 1, 0
1, 1, 0, 0, 0, 0
1, 1, 0, 0, 1, 0
1, 1, 0, 1, 0, 0
1, 1, 0, 1, 1, 0
1, 1, 1, 0, 0, 0
1, 1, 1, 0, 1, 0
1, 1, 1, 1, 0, 0
1, 1, 1, 1, 1, 0
# TH2 (IFNG, IL4, TGFB, TH2)
0, 0, 0, 0
0, 0, 1, 0
0, 1, 0, 1
0, 1, 1, 0
1, 0, 0, 0
1, 0, 1, 0
1, 1, 0, 0
1, 1, 1, 0
# TNFA (MAC, TNFA)
0, 0
1, 1
# TNFR (TNFA, TNFR)
0, 0
1, 1
# TREG (DC, IL10, IL6, TREG)
0, 0, 0, 0
0, 0, 1, 0
0, 1, 0, 1
0, 1, 1, 0
1, 0, 0, 1
1, 0, 1, 0
1, 1, 0, 1
1, 1, 1, 0
