## Coup_fti Emx2 Fgf8 Pax6 Sp8
# Coup_fti (Fgf8, Sp8, Coup_fti)
0, 0, 1
0, 1, 0
1, 0, 0
1, 1, 0
# Emx2 (Coup_fti, Fgf8, Pax6, Sp8, Emx2)
0, 0, 0, 0, 0
0, 0, 0, 1, 0
0, 0, 1, 0, 0
0, 0, 1, 1, 0
0, 1, 0, 0, 0
0, 1, 0, 1, 0
0, 1, 1, 0, 0
0, 1, 1, 1, 0
1, 0, 0, 0, 1
1, 0, 0, 1, 0
1, 0, 1, 0, 0
1, 0, 1, 1, 0
1, 1, 0, 0, 0
1, 1, 0, 1, 0
1, 1, 1, 0, 0
1, 1, 1, 1, 0
# Fgf8 (Emx2, Fgf8, Sp8, Fgf8)
0, 0, 0, 0
0, 0, 1, 0
0, 1, 0, 0
0, 1, 1, 1
1, 0, 0, 0
1, 0, 1, 0
1, 1, 0, 0
1, 1, 1, 0
# Pax6 (Coup_fti, Emx2, Sp8, Pax6)
0, 0, 0, 0
0, 0, 1, 1
0, 1, 0, 0
0, 1, 1, 0
1, 0, 0, 0
1, 0, 1, 0
1, 1, 0, 0
1, 1, 1, 0
# Sp8 (Emx2, Fgf8, Sp8)
0, 0, 0
0, 1, 1
1, 0, 0
1, 1, 0
