## CD4 CD8 Eomes Foxp3 GATA3 Gzmb IFNBR IFNg IFNgR IL10 IL10R IL12R IL17 IL18R IL23R IL27R IL2R IL4 IL4R IL6 IL6R IL7R IRAK JAK1 JAK3 NFAT Notch1 Prf1 RORgt Runx3 SMAD2 SOCS STAT1 STAT3 STAT4 STAT5 STAT6 Tbet TGFB TGFBR ThPOK IL18 IL7 IL23 TCR IL27 Dll1 IL12 IFNB IL2
# CD4 (CD4, Notch1, Runx3, ThPOK, CD4)
0, 0, 0, 0, 0
0, 0, 0, 1, 1
0, 0, 1, 0, 0
0, 0, 1, 1, 0
0, 1, 0, 0, 1
0, 1, 0, 1, 1
0, 1, 1, 0, 0
0, 1, 1, 1, 0
1, 0, 0, 0, 1
1, 0, 0, 1, 1
1, 0, 1, 0, 0
1, 0, 1, 1, 0
1, 1, 0, 0, 1
1, 1, 0, 1, 1
1, 1, 1, 0, 0
1, 1, 1, 1, 0
# CD8 (CD8, Notch1, Runx3, TCR, ThPOK, CD8)
0, 0, 0, 0, 0, 0
0, 0, 0, 0, 1, 0
0, 0, 0, 1, 0, 0
0, 0, 0, 1, 1, 0
0, 0, 1, 0, 0, 1
0, 0, 1, 0, 1, 0
0, 0, 1, 1, 0, 0
0, 0, 1, 1, 1, 0
0, 1, 0, 0, 0, 1
0, 1, 0, 0, 1, 0
0, 1, 0, 1, 0, 0
0, 1, 0, 1, 1, 0
0, 1, 1, 0, 0, 1
0, 1, 1, 0, 1, 0
0, 1, 1, 1, 0, 0
0, 1, 1, 1, 1, 0
1, 0, 0, 0, 0, 1
1, 0, 0, 0, 1, 0
1, 0, 0, 1, 0, 0
1, 0, 0, 1, 1, 0
1, 0, 1, 0, 0, 1
1, 0, 1, 0, 1, 0
1, 0, 1, 1, 0, 0
1, 0, 1, 1, 1, 0
1, 1, 0, 0, 0, 1
1, 1, 0, 0, 1, 0
1, 1, 0, 1, 0, 0
1, 1, 0, 1, 1, 0
1, 1, 1, 0, 0, 1
1, 1, 1, 0, 1, 0
1, 1, 1, 1, 0, 0
1, 1, 1, 1, 1, 0
# Eomes (IL27R, Runx3, Tbet, Eomes)
0, 0, 0, 0
0, 0, 1, 1
0, 1, 0, 1
0, 1, 1, 1
1, 0, 0, 1
1, 0, 1, 1
1, 1, 0, 1
1, 1, 1, 1
# Foxp3 (Foxp3, GATA3, RORgt, SMAD2, STAT3, Tbet, Foxp3)
0, 0, 0, 0, 0, 0, 0
0, 0, 0, 0, 0, 1, 0
0, 0, 0, 0, 1, 0, 0
0, 0, 0, 0, 1, 1, 0
0, 0, 0, 1, 0, 0, 1
0, 0, 0, 1, 0, 1, 0
0, 0, 0, 1, 1, 0, 0
0, 0, 0, 1, 1, 1, 0
0, 0, 1, 0, 0, 0, 0
0, 0, 1, 0, 0, 1, 0
0, 0, 1, 0, 1, 0, 0
0, 0, 1, 0, 1, 1, 0
0, 0, 1, 1, 0, 0, 0
0, 0, 1, 1, 0, 1, 0
0, 0, 1, 1, 1, 0, 0
0, 0, 1, 1, 1, 1, 0
0, 1, 0, 0, 0, 0, 0
0, 1, 0, 0, 0, 1, 0
0, 1, 0, 0, 1, 0, 0
0, 1, 0, 0, 1, 1, 0
0, 1, 0, 1, 0, 0, 0
0, 1, 0, 1, 0, 1, 0
0, 1, 0, 1, 1, 0, 0
0, 1, 0, 1, 1, 1, 0
0, 1, 1, 0, 0, 0, 0
0, 1, 1, 0, 0, 1, 0
0, 1, 1, 0, 1, 0, 0
0, 1, 1, 0, 1, 1, 0
0, 1, 1, 1, 0, 0, 0
0, 1, 1, 1, 0, 1, 0
0, 1, 1, 1, 1, 0, 0
0, 1, 1, 1, 1, 1, 0
1, 0, 0, 0, 0, 0, 1
1, 0, 0, 0, 0, 1, 0
1, 0, 0, 0, 1, 0, 0
1, 0, 0, 0, 1, 1, 0
1, 0, 0, 1, 0, 0, 1
1, 0, 0, 1, 0, 1, 0
1, 0, 0, 1, 1, 0, 0
1, 0, 0, 1, 1, 1, 0
1, 0, 1, 0, 0, 0, 0
1, 0, 1, 0, 0, 1, 0
1, 0, 1, 0, 1, 0, 0
1, 0, 1, 0, 1, 1, 0
1, 0, 1, 1, 0, 0, 0
1, 0, 1, 1, 0, 1, 0
1, 0, 1, 1, 1, 0, 0
1, 0, 1, 1, 1, 1, 0
1, 1, 0, 0, 0, 0, 0
1, 1, 0, 0, 0, 1, 0
1, 1, 0, 0, 1, 0, 0
1, 1, 0, 0, 1, 1, 0
1, 1, 0, 1, 0, 0, 0
1, 1, 0, 1, 0, 1, 0
1, 1, 0, 1, 1, 0, 0
1, 1, 0, 1, 1, 1, 0
1, 1, 1, 0, 0, 0, 0
1, 1, 1, 0, 0, 1, 0
1, 1, 1, 0, 1, 0, 0
1, 1, 1, 0, 1, 1, 0
1, 1, 1, 1, 0, 0, 0
1, 1, 1, 1, 0, 1, 0
1, 1, 1, 1, 1, 0, 0
1, 1, 1, 1, 1, 1, 0
# GATA3 (Foxp3, GATA3, RORgt, STAT6, Tbet, GATA3)
0, 0, 0, 0, 0, 0
0, 0, 0, 0, 1, 0
0, 0, 0, 1, 0, 1
0, 0, 0, 1, 1, 0
0, 0, 1, 0, 0, 0
0, 0, 1, 0, 1, 0
0, 0, 1, 1, 0, 0
0, 0, 1, 1, 1, 0
0, 1, 0, 0, 0, 1
0, 1, 0, 0, 1, 0
0, 1, 0, 1, 0, 1
0, 1, 0, 1, 1, 0
0, 1, 1, 0, 0, 0
0, 1, 1, 0, 1, 0
0, 1, 1, 1, 0, 0
0, 1, 1, 1, 1, 0
1, 0, 0, 0, 0, 0
1, 0, 0, 0, 1, 0
1, 0, 0, 1, 0, 0
1, 0, 0, 1, 1, 0
1, 0, 1, 0, 0, 0
1, 0, 1, 0, 1, 0
1, 0, 1, 1, 0, 0
1, 0, 1, 1, 1, 0
1, 1, 0, 0, 0, 0
1, 1, 0, 0, 1, 0
1, 1, 0, 1, 0, 0
1, 1, 0, 1, 1, 0
1, 1, 1, 0, 0, 0
1, 1, 1, 0, 1, 0
1, 1, 1, 1, 0, 0
1, 1, 1, 1, 1, 0
# Gzmb (Eomes, Gzmb)
0, 0
1, 1
# IFNBR (IFNB, IFNBR)
0, 0
1, 1
# IFNg (Eomes, IRAK, STAT3, STAT4, Tbet, IFNg)
0, 0, 0, 0, 0, 0
0, 0, 0, 0, 1, 1
0, 0, 0, 1, 0, 1
0, 0, 0, 1, 1, 1
0, 0, 1, 0, 0, 0
0, 0, 1, 0, 1, 0
0, 0, 1, 1, 0, 0
0, 0, 1, 1, 1, 0
0, 1, 0, 0, 0, 1
0, 1, 0, 0, 1, 1
0, 1, 0, 1, 0, 1
0, 1, 0, 1, 1, 1
0, 1, 1, 0, 0, 0
0, 1, 1, 0, 1, 0
0, 1, 1, 1, 0, 0
0, 1, 1, 1, 1, 0
1, 0, 0, 0, 0, 1
1, 0, 0, 0, 1, 1
1, 0, 0, 1, 0, 1
1, 0, 0, 1, 1, 1
1, 0, 1, 0, 0, 0
1, 0, 1, 0, 1, 0
1, 0, 1, 1, 0, 0
1, 0, 1, 1, 1, 0
1, 1, 0, 0, 0, 1
1, 1, 0, 0, 1, 1
1, 1, 0, 1, 0, 1
1, 1, 0, 1, 1, 1
1, 1, 1, 0, 0, 0
1, 1, 1, 0, 1, 0
1, 1, 1, 1, 0, 0
1, 1, 1, 1, 1, 0
# IFNgR (IFNg, IFNgR)
0, 0
1, 1
# IL10 (GATA3, IL10)
0, 0
1, 1
# IL10R (IL10, IL10R)
0, 0
1, 1
# IL12R (IL12, STAT6, IL12R)
0, 0, 0
0, 1, 0
1, 0, 1
1, 1, 0
# IL17 (RORgt, IL17)
0, 0
1, 1
# IL18R (IL18, STAT6, IL18R)
0, 0, 0
0, 1, 0
1, 0, 1
1, 1, 0
# IL23R (IL23, IL23R)
0, 0
1, 1
# IL27R (IL27, IL27R)
0, 0
1, 1
# IL2R (IL2, IL2R)
0, 0
1, 1
# IL4 (GATA3, STAT1, IL4)
0, 0, 0
0, 1, 0
1, 0, 1
1, 1, 0
# IL4R (IL4, SOCS, IL4R)
0, 0, 0
0, 1, 0
1, 0, 1
1, 1, 0
# IL6 (RORgt, IL6)
0, 0
1, 1
# IL6R (IL6, IL6R)
0, 0
1, 1
# IL7R (IL7, TCR, IL7R)
0, 0, 0
0, 1, 0
1, 0, 1
1, 1, 0
# IRAK (IL18R, IRAK)
0, 0
1, 1
# JAK1 (IFNgR, JAK1)
0, 0
1, 1
# JAK3 (IL6R, JAK3)
0, 0
1, 1
# NFAT (TCR, NFAT)
0, 0
1, 1
# Notch1 (Dll1, Notch1)
0, 0
1, 1
# Prf1 (Eomes, Prf1)
0, 0
1, 1
# RORgt (Foxp3, GATA3, RORgt, SMAD2, STAT3, Tbet, RORgt)
0, 0, 0, 0, 0, 0, 0
0, 0, 0, 0, 0, 1, 0
0, 0, 0, 0, 1, 0, 1
0, 0, 0, 0, 1, 1, 0
0, 0, 0, 1, 0, 0, 1
0, 0, 0, 1, 0, 1, 0
0, 0, 0, 1, 1, 0, 1
0, 0, 0, 1, 1, 1, 0
0, 0, 1, 0, 0, 0, 1
0, 0, 1, 0, 0, 1, 0
0, 0, 1, 0, 1, 0, 1
0, 0, 1, 0, 1, 1, 0
0, 0, 1, 1, 0, 0, 1
0, 0, 1, 1, 0, 1, 0
0, 0, 1, 1, 1, 0, 1
0, 0, 1, 1, 1, 1, 0
0, 1, 0, 0, 0, 0, 0
0, 1, 0, 0, 0, 1, 0
0, 1, 0, 0, 1, 0, 0
0, 1, 0, 0, 1, 1, 0
0, 1, 0, 1, 0, 0, 0
0, 1, 0, 1, 0, 1, 0
0, 1, 0, 1, 1, 0, 0
0, 1, 0, 1, 1, 1, 0
0, 1, 1, 0, 0, 0, 0
0, 1, 1, 0, 0, 1, 0
0, 1, 1, 0, 1, 0, 0
0, 1, 1, 0, 1, 1, 0
0, 1, 1, 1, 0, 0, 0
0, 1, 1, 1, 0, 1, 0
0, 1, 1, 1, 1, 0, 0
0, 1, 1, 1, 1, 1, 0
1, 0, 0, 0, 0, 0, 0
1, 0, 0, 0, 0, 1, 0
1, 0, 0, 0, 1, 0, 0
1, 0, 0, 0, 1, 1, 0
1, 0, 0, 1, 0, 0, 0
1, 0, 0, 1, 0, 1, 0
1, 0, 0, 1, 1, 0, 0
1, 0, 0, 1, 1, 1, 0
1, 0, 1, 0, 0, 0, 0
1, 0, 1, 0, 0, 1, 0
1, 0, 1, 0, 1, 0, 0
1, 0, 1, 0, 1, 1, 0
1, 0, 1, 1, 0, 0, 0
1, 0, 1, 1, 0, 1, 0
1, 0, 1, 1, 1, 0, 0
1, 0, 1, 1, 1, 1, 0
1, 1, 0, 0, 0, 0, 0
1, 1, 0, 0, 0, 1, 0
1, 1, 0, 0, 1, 0, 0
1, 1, 0, 0, 1, 1, 0
1, 1, 0, 1, 0, 0, 0
1, 1, 0, 1, 0, 1, 0
1, 1, 0, 1, 1, 0, 0
1, 1, 0, 1, 1, 1, 0
1, 1, 1, 0, 0, 0, 0
1, 1, 1, 0, 0, 1, 0
1, 1, 1, 0, 1, 0, 0
1, 1, 1, 0, 1, 1, 0
1, 1, 1, 1, 0, 0, 0
1, 1, 1, 1, 0, 1, 0
1, 1, 1, 1, 1, 0, 0
1, 1, 1, 1, 1, 1, 0
# Runx3 (CD4, CD8, Runx3, STAT5, ThPOK, Runx3)
0, 0, 0, 0, 0, 0
0, 0, 0, 0, 1, 0
0, 0, 0, 1, 0, 1
0, 0, 0, 1, 1, 0
0, 0, 1, 0, 0, 1
0, 0, 1, 0, 1, 0
0, 0, 1, 1, 0, 1
0, 0, 1, 1, 1, 0
0, 1, 0, 0, 0, 1
0, 1, 0, 0, 1, 0
0, 1, 0, 1, 0, 1
0, 1, 0, 1, 1, 0
0, 1, 1, 0, 0, 1
0, 1, 1, 0, 1, 0
0, 1, 1, 1, 0, 1
0, 1, 1, 1, 1, 0
1, 0, 0, 0, 0, 0
1, 0, 0, 0, 1, 0
1, 0, 0, 1, 0, 0
1, 0, 0, 1, 1, 0
1, 0, 1, 0, 0, 0
1, 0, 1, 0, 1, 0
1, 0, 1, 1, 0, 0
1, 0, 1, 1, 1, 0
1, 1, 0, 0, 0, 0
1, 1, 0, 0, 1, 0
1, 1, 0, 1, 0, 0
1, 1, 0, 1, 1, 0
1, 1, 1, 0, 0, 0
1, 1, 1, 0, 1, 0
1, 1, 1, 1, 0, 0
1, 1, 1, 1, 1, 0
# SMAD2 (TGFBR, SMAD2)
0, 0
1, 1
# SOCS (STAT1, Tbet, SOCS)
0, 0, 0
0, 1, 1
1, 0, 1
1, 1, 1
# STAT1 (IFNBR, IL27R, JAK1, STAT1)
0, 0, 0, 0
0, 0, 1, 1
0, 1, 0, 1
0, 1, 1, 1
1, 0, 0, 1
1, 0, 1, 1
1, 1, 0, 1
1, 1, 1, 1
# STAT3 (IL10R, IL23R, JAK3, STAT3)
0, 0, 0, 0
0, 0, 1, 1
0, 1, 0, 1
0, 1, 1, 1
1, 0, 0, 1
1, 0, 1, 1
1, 1, 0, 1
1, 1, 1, 1
# STAT4 (GATA3, IL12R, STAT4)
0, 0, 0
0, 1, 1
1, 0, 0
1, 1, 0
# STAT5 (IL2R, IL7R, SOCS, STAT5)
0, 0, 0, 0
0, 0, 1, 0
0, 1, 0, 1
0, 1, 1, 0
1, 0, 0, 1
1, 0, 1, 0
1, 1, 0, 1
1, 1, 1, 0
# STAT6 (IL4R, STAT6)
0, 0
1, 1
# Tbet (Foxp3, GATA3, RORgt, STAT1, Tbet, Tbet)
0, 0, 0, 0, 0, 0
0, 0, 0, 0, 1, 1
0, 0, 0, 1, 0, 1
0, 0, 0, 1, 1, 1
0, 0, 1, 0, 0, 0
0, 0, 1, 0, 1, 0
0, 0, 1, 1, 0, 0
0, 0, 1, 1, 1, 0
0, 1, 0, 0, 0, 0
0, 1, 0, 0, 1, 0
0, 1, 0, 1, 0, 0
0, 1, 0, 1, 1, 0
0, 1, 1, 0, 0, 0
0, 1, 1, 0, 1, 0
0, 1, 1, 1, 0, 0
0, 1, 1, 1, 1, 0
1, 0, 0, 0, 0, 0
1, 0, 0, 0, 1, 0
1, 0, 0, 1, 0, 0
1, 0, 0, 1, 1, 0
1, 0, 1, 0, 0, 0
1, 0, 1, 0, 1, 0
1, 0, 1, 1, 0, 0
1, 0, 1, 1, 1, 0
1, 1, 0, 0, 0, 0
1, 1, 0, 0, 1, 0
1, 1, 0, 1, 0, 0
1, 1, 0, 1, 1, 0
1, 1, 1, 0, 0, 0
1, 1, 1, 0, 1, 0
1, 1, 1, 1, 0, 0
1, 1, 1, 1, 1, 0
# TGFB (Foxp3, TGFB)
0, 0
1, 1
# TGFBR (TGFB, TGFBR)
0, 0
1, 1
# ThPOK (CD4, CD8, Foxp3, GATA3, RORgt, Runx3, TCR, Tbet, ThPOK, ThPOK)
0, 0, 0, 0, 0, 0, 0, 0, 0, 0
0, 0, 0, 0, 0, 0, 0, 0, 1, 1
0, 0, 0, 0, 0, 0, 0, 1, 0, 1
0, 0, 0, 0, 0, 0, 0, 1, 1, 1
0, 0, 0, 0, 0, 0, 1, 0, 0, 1
0, 0, 0, 0, 0, 0, 1, 0, 1, 1
0, 0, 0, 0, 0, 0, 1, 1, 0, 1
0, 0, 0, 0, 0, 0, 1, 1, 1, 1
0, 0, 0, 0, 0, 1, 0, 0, 0, 0
0, 0, 0, 0, 0, 1, 0, 0, 1, 0
0, 0, 0, 0, 0, 1, 0, 1, 0, 0
0, 0, 0, 0, 0, 1, 0, 1, 1, 0
0, 0, 0, 0, 0, 1, 1, 0, 0, 0
0, 0, 0, 0, 0, 1, 1, 0, 1, 0
0, 0, 0, 0, 0, 1, 1, 1, 0, 0
0, 0, 0, 0, 0, 1, 1, 1, 1, 0
0, 0, 0, 0, 1, 0, 0, 0, 0, 1
0, 0, 0, 0, 1, 0, 0, 0, 1, 1
0, 0, 0, 0, 1, 0, 0, 1, 0, 1
0, 0, 0, 0, 1, 0, 0, 1, 1, 1
0, 0, 0, 0, 1, 0, 1, 0, 0, 1
0, 0, 0, 0, 1, 0, 1, 0, 1, 1
0, 0, 0, 0, 1, 0, 1, 1, 0, 1
0, 0, 0, 0, 1, 0, 1, 1, 1, 1
0, 0, 0, 0, 1, 1, 0, 0, 0, 0
0, 0, 0, 0, 1, 1, 0, 0, 1, 0
0, 0, 0, 0, 1, 1, 0, 1, 0, 0
0, 0, 0, 0, 1, 1, 0, 1, 1, 0
0, 0, 0, 0, 1, 1, 1, 0, 0, 0
0, 0, 0, 0, 1, 1, 1, 0, 1, 0
0, 0, 0, 0, 1, 1, 1, 1, 0, 0
0, 0, 0, 0, 1, 1, 1, 1, 1, 0
0, 0, 0, 1, 0, 0, 0, 0, 0, 1
0, 0, 0, 1, 0, 0, 0, 0, 1, 1
0, 0, 0, 1, 0, 0, 0, 1, 0, 1
0, 0, 0, 1, 0, 0, 0, 1, 1, 1
0, 0, 0, 1, 0, 0, 1, 0, 0, 1
0, 0, 0, 1, 0, 0, 1, 0, 1, 1
0, 0, 0, 1, 0, 0, 1, 1, 0, 1
0, 0, 0, 1, 0, 0, 1, 1, 1, 1
0, 0, 0, 1, 0, 1, 0, 0, 0, 0
0, 0, 0, 1, 0, 1, 0, 0, 1, 0
0, 0, 0, 1, 0, 1, 0, 1, 0, 0
0, 0, 0, 1, 0, 1, 0, 1, 1, 0
0, 0, 0, 1, 0, 1, 1, 0, 0, 0
0, 0, 0, 1, 0, 1, 1, 0, 1, 0
0, 0, 0, 1, 0, 1, 1, 1, 0, 0
0, 0, 0, 1, 0, 1, 1, 1, 1, 0
0, 0, 0, 1, 1, 0, 0, 0, 0, 1
0, 0, 0, 1, 1, 0, 0, 0, 1, 1
0, 0, 0, 1, 1, 0, 0, 1, 0, 1
0, 0, 0, 1, 1, 0, 0, 1, 1, 1
0, 0, 0, 1, 1, 0, 1, 0, 0, 1
0, 0, 0, 1, 1, 0, 1, 0, 1, 1
0, 0, 0, 1, 1, 0, 1, 1, 0, 1
0, 0, 0, 1, 1, 0, 1, 1, 1, 1
0, 0, 0, 1, 1, 1, 0, 0, 0, 0
0, 0, 0, 1, 1, 1, 0, 0, 1, 0
0, 0, 0, 1, 1, 1, 0, 1, 0, 0
0, 0, 0, 1, 1, 1, 0, 1, 1, 0
0, 0, 0, 1, 1, 1, 1, 0, 0, 0
0, 0, 0, 1, 1, 1, 1, 0, 1, 0
0, 0, 0, 1, 1, 1, 1, 1, 0, 0
0, 0, 0, 1, 1, 1, 1, 1, 1, 0
0, 0, 1, 0, 0, 0, 0, 0, 0, 1
0, 0, 1, 0, 0, 0, 0, 0, 1, 1
0, 0, 1, 0, 0, 0, 0, 1, 0, 1
0, 0, 1, 0, 0, 0, 0, 1, 1, 1
0, 0, 1, 0, 0, 0, 1, 0, 0, 1
0, 0, 1, 0, 0, 0, 1, 0, 1, 1
0, 0, 1, 0, 0, 0, 1, 1, 0, 1
0, 0, 1, 0, 0, 0, 1, 1, 1, 1
0, 0, 1, 0, 0, 1, 0, 0, 0, 0
0, 0, 1, 0, 0, 1, 0, 0, 1, 0
0, 0, 1, 0, 0, 1, 0, 1, 0, 0
0, 0, 1, 0, 0, 1, 0, 1, 1, 0
0, 0, 1, 0, 0, 1, 1, 0, 0, 0
0, 0, 1, 0, 0, 1, 1, 0, 1, 0
0, 0, 1, 0, 0, 1, 1, 1, 0, 0
0, 0, 1, 0, 0, 1, 1, 1, 1, 0
0, 0, 1, 0, 1, 0, 0, 0, 0, 1
0, 0, 1, 0, 1, 0, 0, 0, 1, 1
0, 0, 1, 0, 1, 0, 0, 1, 0, 1
0, 0, 1, 0, 1, 0, 0, 1, 1, 1
0, 0, 1, 0, 1, 0, 1, 0, 0, 1
0, 0, 1, 0, 1, 0, 1, 0, 1, 1
0, 0, 1, 0, 1, 0, 1, 1, 0, 1
0, 0, 1, 0, 1, 0, 1, 1, 1, 1
0, 0, 1, 0, 1, 1, 0, 0, 0, 0
0, 0, 1, 0, 1, 1, 0, 0, 1, 0
0, 0, 1, 0, 1, 1, 0, 1, 0, 0
0, 0, 1, 0, 1, 1, 0, 1, 1, 0
0, 0, 1, 0, 1, 1, 1, 0, 0, 0
0, 0, 1, 0, 1, 1, 1, 0, 1, 0
0, 0, 1, 0, 1, 1, 1, 1, 0, 0
0, 0, 1, 0, 1, 1, 1, 1, 1, 0
0, 0, 1, 1, 0, 0, 0, 0, 0, 1
0, 0, 1, 1, 0, 0, 0, 0, 1, 1
0, 0, 1, 1, 0, 0, 0, 1, 0, 1
0, 0, 1, 1, 0, 0, 0, 1, 1, 1
0, 0, 1, 1, 0, 0, 1, 0, 0, 1
0, 0, 1, 1, 0, 0, 1, 0, 1, 1
0, 0, 1, 1, 0, 0, 1, 1, 0, 1
0, 0, 1, 1, 0, 0, 1, 1, 1, 1
0, 0, 1, 1, 0, 1, 0, 0, 0, 0
0, 0, 1, 1, 0, 1, 0, 0, 1, 0
0, 0, 1, 1, 0, 1, 0, 1, 0, 0
0, 0, 1, 1, 0, 1, 0, 1, 1, 0
0, 0, 1, 1, 0, 1, 1, 0, 0, 0
0, 0, 1, 1, 0, 1, 1, 0, 1, 0
0, 0, 1, 1, 0, 1, 1, 1, 0, 0
0, 0, 1, 1, 0, 1, 1, 1, 1, 0
0, 0, 1, 1, 1, 0, 0, 0, 0, 1
0, 0, 1, 1, 1, 0, 0, 0, 1, 1
0, 0, 1, 1, 1, 0, 0, 1, 0, 1
0, 0, 1, 1, 1, 0, 0, 1, 1, 1
0, 0, 1, 1, 1, 0, 1, 0, 0, 1
0, 0, 1, 1, 1, 0, 1, 0, 1, 1
0, 0, 1, 1, 1, 0, 1, 1, 0, 1
0, 0, 1, 1, 1, 0, 1, 1, 1, 1
0, 0, 1, 1, 1, 1, 0, 0, 0, 0
0, 0, 1, 1, 1, 1, 0, 0, 1, 0
0, 0, 1, 1, 1, 1, 0, 1, 0, 0
0, 0, 1, 1, 1, 1, 0, 1, 1, 0
0, 0, 1, 1, 1, 1, 1, 0, 0, 0
0, 0, 1, 1, 1, 1, 1, 0, 1, 0
0, 0, 1, 1, 1, 1, 1, 1, 0, 0
0, 0, 1, 1, 1, 1, 1, 1, 1, 0
0, 1, 0, 0, 0, 0, 0, 0, 0, 0
0, 1, 0, 0, 0, 0, 0, 0, 1, 0
0, 1, 0, 0, 0, 0, 0, 1, 0, 0
0, 1, 0, 0, 0, 0, 0, 1, 1, 0
0, 1, 0, 0, 0, 0, 1, 0, 0, 0
0, 1, 0, 0, 0, 0, 1, 0, 1, 0
0, 1, 0, 0, 0, 0, 1, 1, 0, 0
0, 1, 0, 0, 0, 0, 1, 1, 1, 0
0, 1, 0, 0, 0, 1, 0, 0, 0, 0
0, 1, 0, 0, 0, 1, 0, 0, 1, 0
0, 1, 0, 0, 0, 1, 0, 1, 0, 0
0, 1, 0, 0, 0, 1, 0, 1, 1, 0
0, 1, 0, 0, 0, 1, 1, 0, 0, 0
0, 1, 0, 0, 0, 1, 1, 0, 1, 0
0, 1, 0, 0, 0, 1, 1, 1, 0, 0
0, 1, 0, 0, 0, 1, 1, 1, 1, 0
0, 1, 0, 0, 1, 0, 0, 0, 0, 0
0, 1, 0, 0, 1, 0, 0, 0, 1, 0
0, 1, 0, 0, 1, 0, 0, 1, 0, 0
0, 1, 0, 0, 1, 0, 0, 1, 1, 0
0, 1, 0, 0, 1, 0, 1, 0, 0, 0
0, 1, 0, 0, 1, 0, 1, 0, 1, 0
0, 1, 0, 0, 1, 0, 1, 1, 0, 0
0, 1, 0, 0, 1, 0, 1, 1, 1, 0
0, 1, 0, 0, 1, 1, 0, 0, 0, 0
0, 1, 0, 0, 1, 1, 0, 0, 1, 0
0, 1, 0, 0, 1, 1, 0, 1, 0, 0
0, 1, 0, 0, 1, 1, 0, 1, 1, 0
0, 1, 0, 0, 1, 1, 1, 0, 0, 0
0, 1, 0, 0, 1, 1, 1, 0, 1, 0
0, 1, 0, 0, 1, 1, 1, 1, 0, 0
0, 1, 0, 0, 1, 1, 1, 1, 1, 0
0, 1, 0, 1, 0, 0, 0, 0, 0, 0
0, 1, 0, 1, 0, 0, 0, 0, 1, 0
0, 1, 0, 1, 0, 0, 0, 1, 0, 0
0, 1, 0, 1, 0, 0, 0, 1, 1, 0
0, 1, 0, 1, 0, 0, 1, 0, 0, 0
0, 1, 0, 1, 0, 0, 1, 0, 1, 0
0, 1, 0, 1, 0, 0, 1, 1, 0, 0
0, 1, 0, 1, 0, 0, 1, 1, 1, 0
0, 1, 0, 1, 0, 1, 0, 0, 0, 0
0, 1, 0, 1, 0, 1, 0, 0, 1, 0
0, 1, 0, 1, 0, 1, 0, 1, 0, 0
0, 1, 0, 1, 0, 1, 0, 1, 1, 0
0, 1, 0, 1, 0, 1, 1, 0, 0, 0
0, 1, 0, 1, 0, 1, 1, 0, 1, 0
0, 1, 0, 1, 0, 1, 1, 1, 0, 0
0, 1, 0, 1, 0, 1, 1, 1, 1, 0
0, 1, 0, 1, 1, 0, 0, 0, 0, 0
0, 1, 0, 1, 1, 0, 0, 0, 1, 0
0, 1, 0, 1, 1, 0, 0, 1, 0, 0
0, 1, 0, 1, 1, 0, 0, 1, 1, 0
0, 1, 0, 1, 1, 0, 1, 0, 0, 0
0, 1, 0, 1, 1, 0, 1, 0, 1, 0
0, 1, 0, 1, 1, 0, 1, 1, 0, 0
0, 1, 0, 1, 1, 0, 1, 1, 1, 0
0, 1, 0, 1, 1, 1, 0, 0, 0, 0
0, 1, 0, 1, 1, 1, 0, 0, 1, 0
0, 1, 0, 1, 1, 1, 0, 1, 0, 0
0, 1, 0, 1, 1, 1, 0, 1, 1, 0
0, 1, 0, 1, 1, 1, 1, 0, 0, 0
0, 1, 0, 1, 1, 1, 1, 0, 1, 0
0, 1, 0, 1, 1, 1, 1, 1, 0, 0
0, 1, 0, 1, 1, 1, 1, 1, 1, 0
0, 1, 1, 0, 0, 0, 0, 0, 0, 0
0, 1, 1, 0, 0, 0, 0, 0, 1, 0
0, 1, 1, 0, 0, 0, 0, 1, 0, 0
0, 1, 1, 0, 0, 0, 0, 1, 1, 0
0, 1, 1, 0, 0, 0, 1, 0, 0, 0
0, 1, 1, 0, 0, 0, 1, 0, 1, 0
0, 1, 1, 0, 0, 0, 1, 1, 0, 0
0, 1, 1, 0, 0, 0, 1, 1, 1, 0
0, 1, 1, 0, 0, 1, 0, 0, 0, 0
0, 1, 1, 0, 0, 1, 0, 0, 1, 0
0, 1, 1, 0, 0, 1, 0, 1, 0, 0
0, 1, 1, 0, 0, 1, 0, 1, 1, 0
0, 1, 1, 0, 0, 1, 1, 0, 0, 0
0, 1, 1, 0, 0, 1, 1, 0, 1, 0
0, 1, 1, 0, 0, 1, 1, 1, 0, 0
0, 1, 1, 0, 0, 1, 1, 1, 1, 0
0, 1, 1, 0, 1, 0, 0, 0, 0, 0
0, 1, 1, 0, 1, 0, 0, 0, 1, 0
0, 1, 1, 0, 1, 0, 0, 1, 0, 0
0, 1, 1, 0, 1, 0, 0, 1, 1, 0
0, 1, 1, 0, 1, 0, 1, 0, 0, 0
0, 1, 1, 0, 1, 0, 1, 0, 1, 0
0, 1, 1, 0, 1, 0, 1, 1, 0, 0
0, 1, 1, 0, 1, 0, 1, 1, 1, 0
0, 1, 1, 0, 1, 1, 0, 0, 0, 0
0, 1, 1, 0, 1, 1, 0, 0, 1, 0
0, 1, 1, 0, 1, 1, 0, 1, 0, 0
0, 1, 1, 0, 1, 1, 0, 1, 1, 0
0, 1, 1, 0, 1, 1, 1, 0, 0, 0
0, 1, 1, 0, 1, 1, 1, 0, 1, 0
0, 1, 1, 0, 1, 1, 1, 1, 0, 0
0, 1, 1, 0, 1, 1, 1, 1, 1, 0
0, 1, 1, 1, 0, 0, 0, 0, 0, 0
0, 1, 1, 1, 0, 0, 0, 0, 1, 0
0, 1, 1, 1, 0, 0, 0, 1, 0, 0
0, 1, 1, 1, 0, 0, 0, 1, 1, 0
0, 1, 1, 1, 0, 0, 1, 0, 0, 0
0, 1, 1, 1, 0, 0, 1, 0, 1, 0
0, 1, 1, 1, 0, 0, 1, 1, 0, 0
0, 1, 1, 1, 0, 0, 1, 1, 1, 0
0, 1, 1, 1, 0, 1, 0, 0, 0, 0
0, 1, 1, 1, 0, 1, 0, 0, 1, 0
0, 1, 1, 1, 0, 1, 0, 1, 0, 0
0, 1, 1, 1, 0, 1, 0, 1, 1, 0
0, 1, 1, 1, 0, 1, 1, 0, 0, 0
0, 1, 1, 1, 0, 1, 1, 0, 1, 0
0, 1, 1, 1, 0, 1, 1, 1, 0, 0
0, 1, 1, 1, 0, 1, 1, 1, 1, 0
0, 1, 1, 1, 1, 0, 0, 0, 0, 0
0, 1, 1, 1, 1, 0, 0, 0, 1, 0
0, 1, 1, 1, 1, 0, 0, 1, 0, 0
0, 1, 1, 1, 1, 0, 0, 1, 1, 0
0, 1, 1, 1, 1, 0, 1, 0, 0, 0
0, 1, 1, 1, 1, 0, 1, 0, 1, 0
0, 1, 1, 1, 1, 0, 1, 1, 0, 0
0, 1, 1, 1, 1, 0, 1, 1, 1, 0
0, 1, 1, 1, 1, 1, 0, 0, 0, 0
0, 1, 1, 1, 1, 1, 0, 0, 1, 0
0, 1, 1, 1, 1, 1, 0, 1, 0, 0
0, 1, 1, 1, 1, 1, 0, 1, 1, 0
0, 1, 1, 1, 1, 1, 1, 0, 0, 0
0, 1, 1, 1, 1, 1, 1, 0, 1, 0
0, 1, 1, 1, 1, 1, 1, 1, 0, 0
0, 1, 1, 1, 1, 1, 1, 1, 1, 0
1, 0, 0, 0, 0, 0, 0, 0, 0, 1
1, 0, 0, 0, 0, 0, 0, 0, 1, 1
1, 0, 0, 0, 0, 0, 0, 1, 0, 1
1, 0, 0, 0, 0, 0, 0, 1, 1, 1
1, 0, 0, 0, 0, 0, 1, 0, 0, 1
1, 0, 0, 0, 0, 0, 1, 0, 1, 1
1, 0, 0, 0, 0, 0, 1, 1, 0, 1
1, 0, 0, 0, 0, 0, 1, 1, 1, 1
1, 0, 0, 0, 0, 1, 0, 0, 0, 0
1, 0, 0, 0, 0, 1, 0, 0, 1, 0
1, 0, 0, 0, 0, 1, 0, 1, 0, 0
1, 0, 0, 0, 0, 1, 0, 1, 1, 0
1, 0, 0, 0, 0, 1, 1, 0, 0, 0
1, 0, 0, 0, 0, 1, 1, 0, 1, 0
1, 0, 0, 0, 0, 1, 1, 1, 0, 0
1, 0, 0, 0, 0, 1, 1, 1, 1, 0
1, 0, 0, 0, 1, 0, 0, 0, 0, 1
1, 0, 0, 0, 1, 0, 0, 0, 1, 1
1, 0, 0, 0, 1, 0, 0, 1, 0, 1
1, 0, 0, 0, 1, 0, 0, 1, 1, 1
1, 0, 0, 0, 1, 0, 1, 0, 0, 1
1, 0, 0, 0, 1, 0, 1, 0, 1, 1
1, 0, 0, 0, 1, 0, 1, 1, 0, 1
1, 0, 0, 0, 1, 0, 1, 1, 1, 1
1, 0, 0, 0, 1, 1, 0, 0, 0, 0
1, 0, 0, 0, 1, 1, 0, 0, 1, 0
1, 0, 0, 0, 1, 1, 0, 1, 0, 0
1, 0, 0, 0, 1, 1, 0, 1, 1, 0
1, 0, 0, 0, 1, 1, 1, 0, 0, 0
1, 0, 0, 0, 1, 1, 1, 0, 1, 0
1, 0, 0, 0, 1, 1, 1, 1, 0, 0
1, 0, 0, 0, 1, 1, 1, 1, 1, 0
1, 0, 0, 1, 0, 0, 0, 0, 0, 1
1, 0, 0, 1, 0, 0, 0, 0, 1, 1
1, 0, 0, 1, 0, 0, 0, 1, 0, 1
1, 0, 0, 1, 0, 0, 0, 1, 1, 1
1, 0, 0, 1, 0, 0, 1, 0, 0, 1
1, 0, 0, 1, 0, 0, 1, 0, 1, 1
1, 0, 0, 1, 0, 0, 1, 1, 0, 1
1, 0, 0, 1, 0, 0, 1, 1, 1, 1
1, 0, 0, 1, 0, 1, 0, 0, 0, 0
1, 0, 0, 1, 0, 1, 0, 0, 1, 0
1, 0, 0, 1, 0, 1, 0, 1, 0, 0
1, 0, 0, 1, 0, 1, 0, 1, 1, 0
1, 0, 0, 1, 0, 1, 1, 0, 0, 0
1, 0, 0, 1, 0, 1, 1, 0, 1, 0
1, 0, 0, 1, 0, 1, 1, 1, 0, 0
1, 0, 0, 1, 0, 1, 1, 1, 1, 0
1, 0, 0, 1, 1, 0, 0, 0, 0, 1
1, 0, 0, 1, 1, 0, 0, 0, 1, 1
1, 0, 0, 1, 1, 0, 0, 1, 0, 1
1, 0, 0, 1, 1, 0, 0, 1, 1, 1
1, 0, 0, 1, 1, 0, 1, 0, 0, 1
1, 0, 0, 1, 1, 0, 1, 0, 1, 1
1, 0, 0, 1, 1, 0, 1, 1, 0, 1
1, 0, 0, 1, 1, 0, 1, 1, 1, 1
1, 0, 0, 1, 1, 1, 0, 0, 0, 0
1, 0, 0, 1, 1, 1, 0, 0, 1, 0
1, 0, 0, 1, 1, 1, 0, 1, 0, 0
1, 0, 0, 1, 1, 1, 0, 1, 1, 0
1, 0, 0, 1, 1, 1, 1, 0, 0, 0
1, 0, 0, 1, 1, 1, 1, 0, 1, 0
1, 0, 0, 1, 1, 1, 1, 1, 0, 0
1, 0, 0, 1, 1, 1, 1, 1, 1, 0
1, 0, 1, 0, 0, 0, 0, 0, 0, 1
1, 0, 1, 0, 0, 0, 0, 0, 1, 1
1, 0, 1, 0, 0, 0, 0, 1, 0, 1
1, 0, 1, 0, 0, 0, 0, 1, 1, 1
1, 0, 1, 0, 0, 0, 1, 0, 0, 1
1, 0, 1, 0, 0, 0, 1, 0, 1, 1
1, 0, 1, 0, 0, 0, 1, 1, 0, 1
1, 0, 1, 0, 0, 0, 1, 1, 1, 1
1, 0, 1, 0, 0, 1, 0, 0, 0, 0
1, 0, 1, 0, 0, 1, 0, 0, 1, 0
1, 0, 1, 0, 0, 1, 0, 1, 0, 0
1, 0, 1, 0, 0, 1, 0, 1, 1, 0
1, 0, 1, 0, 0, 1, 1, 0, 0, 0
1, 0, 1, 0, 0, 1, 1, 0, 1, 0
1, 0, 1, 0, 0, 1, 1, 1, 0, 0
1, 0, 1, 0, 0, 1, 1, 1, 1, 0
1, 0, 1, 0, 1, 0, 0, 0, 0, 1
1, 0, 1, 0, 1, 0, 0, 0, 1, 1
1, 0, 1, 0, 1, 0, 0, 1, 0, 1
1, 0, 1, 0, 1, 0, 0, 1, 1, 1
1, 0, 1, 0, 1, 0, 1, 0, 0, 1
1, 0, 1, 0, 1, 0, 1, 0, 1, 1
1, 0, 1, 0, 1, 0, 1, 1, 0, 1
1, 0, 1, 0, 1, 0, 1, 1, 1, 1
1, 0, 1, 0, 1, 1, 0, 0, 0, 0
1, 0, 1, 0, 1, 1, 0, 0, 1, 0
1, 0, 1, 0, 1, 1, 0, 1, 0, 0
1, 0, 1, 0, 1, 1, 0, 1, 1, 0
1, 0, 1, 0, 1, 1, 1, 0, 0, 0
1, 0, 1, 0, 1, 1, 1, 0, 1, 0
1, 0, 1, 0, 1, 1, 1, 1, 0, 0
1, 0, 1, 0, 1, 1, 1, 1, 1, 0
1, 0, 1, 1, 0, 0, 0, 0, 0, 1
1, 0, 1, 1, 0, 0, 0, 0, 1, 1
1, 0, 1, 1, 0, 0, 0, 1, 0, 1
1, 0, 1, 1, 0, 0, 0, 1, 1, 1
1, 0, 1, 1, 0, 0, 1, 0, 0, 1
1, 0, 1, 1, 0, 0, 1, 0, 1, 1
1, 0, 1, 1, 0, 0, 1, 1, 0, 1
1, 0, 1, 1, 0, 0, 1, 1, 1, 1
1, 0, 1, 1, 0, 1, 0, 0, 0, 0
1, 0, 1, 1, 0, 1, 0, 0, 1, 0
1, 0, 1, 1, 0, 1, 0, 1, 0, 0
1, 0, 1, 1, 0, 1, 0, 1, 1, 0
1, 0, 1, 1, 0, 1, 1, 0, 0, 0
1, 0, 1, 1, 0, 1, 1, 0, 1, 0
1, 0, 1, 1, 0, 1, 1, 1, 0, 0
1, 0, 1, 1, 0, 1, 1, 1, 1, 0
1, 0, 1, 1, 1, 0, 0, 0, 0, 1
1, 0, 1, 1, 1, 0, 0, 0, 1, 1
1, 0, 1, 1, 1, 0, 0, 1, 0, 1
1, 0, 1, 1, 1, 0, 0, 1, 1, 1
1, 0, 1, 1, 1, 0, 1, 0, 0, 1
1, 0, 1, 1, 1, 0, 1, 0, 1, 1
1, 0, 1, 1, 1, 0, 1, 1, 0, 1
1, 0, 1, 1, 1, 0, 1, 1, 1, 1
1, 0, 1, 1, 1, 1, 0, 0, 0, 0
1, 0, 1, 1, 1, 1, 0, 0, 1, 0
1, 0, 1, 1, 1, 1, 0, 1, 0, 0
1, 0, 1, 1, 1, 1, 0, 1, 1, 0
1, 0, 1, 1, 1, 1, 1, 0, 0, 0
1, 0, 1, 1, 1, 1, 1, 0, 1, 0
1, 0, 1, 1, 1, 1, 1, 1, 0, 0
1, 0, 1, 1, 1, 1, 1, 1, 1, 0
1, 1, 0, 0, 0, 0, 0, 0, 0, 0
1, 1, 0, 0, 0, 0, 0, 0, 1, 0
1, 1, 0, 0, 0, 0, 0, 1, 0, 0
1, 1, 0, 0, 0, 0, 0, 1, 1, 0
1, 1, 0, 0, 0, 0, 1, 0, 0, 0
1, 1, 0, 0, 0, 0, 1, 0, 1, 0
1, 1, 0, 0, 0, 0, 1, 1, 0, 0
1, 1, 0, 0, 0, 0, 1, 1, 1, 0
1, 1, 0, 0, 0, 1, 0, 0, 0, 0
1, 1, 0, 0, 0, 1, 0, 0, 1, 0
1, 1, 0, 0, 0, 1, 0, 1, 0, 0
1, 1, 0, 0, 0, 1, 0, 1, 1, 0
1, 1, 0, 0, 0, 1, 1, 0, 0, 0
1, 1, 0, 0, 0, 1, 1, 0, 1, 0
1, 1, 0, 0, 0, 1, 1, 1, 0, 0
1, 1, 0, 0, 0, 1, 1, 1, 1, 0
1, 1, 0, 0, 1, 0, 0, 0, 0, 0
1, 1, 0, 0, 1, 0, 0, 0, 1, 0
1, 1, 0, 0, 1, 0, 0, 1, 0, 0
1, 1, 0, 0, 1, 0, 0, 1, 1, 0
1, 1, 0, 0, 1, 0, 1, 0, 0, 0
1, 1, 0, 0, 1, 0, 1, 0, 1, 0
1, 1, 0, 0, 1, 0, 1, 1, 0, 0
1, 1, 0, 0, 1, 0, 1, 1, 1, 0
1, 1, 0, 0, 1, 1, 0, 0, 0, 0
1, 1, 0, 0, 1, 1, 0, 0, 1, 0
1, 1, 0, 0, 1, 1, 0, 1, 0, 0
1, 1, 0, 0, 1, 1, 0, 1, 1, 0
1, 1, 0, 0, 1, 1, 1, 0, 0, 0
1, 1, 0, 0, 1, 1, 1, 0, 1, 0
1, 1, 0, 0, 1, 1, 1, 1, 0, 0
1, 1, 0, 0, 1, 1, 1, 1, 1, 0
1, 1, 0, 1, 0, 0, 0, 0, 0, 0
1, 1, 0, 1, 0, 0, 0, 0, 1, 0
1, 1, 0, 1, 0, 0, 0, 1, 0, 0
1, 1, 0, 1, 0, 0, 0, 1, 1, 0
1, 1, 0, 1, 0, 0, 1, 0, 0, 0
1, 1, 0, 1, 0, 0, 1, 0, 1, 0
1, 1, 0, 1, 0, 0, 1, 1, 0, 0
1, 1, 0, 1, 0, 0, 1, 1, 1, 0
1, 1, 0, 1, 0, 1, 0, 0, 0, 0
1, 1, 0, 1, 0, 1, 0, 0, 1, 0
1, 1, 0, 1, 0, 1, 0, 1, 0, 0
1, 1, 0, 1, 0, 1, 0, 1, 1, 0
1, 1, 0, 1, 0, 1, 1, 0, 0, 0
1, 1, 0, 1, 0, 1, 1, 0, 1, 0
1, 1, 0, 1, 0, 1, 1, 1, 0, 0
1, 1, 0, 1, 0, 1, 1, 1, 1, 0
1, 1, 0, 1, 1, 0, 0, 0, 0, 0
1, 1, 0, 1, 1, 0, 0, 0, 1, 0
1, 1, 0, 1, 1, 0, 0, 1, 0, 0
1, 1, 0, 1, 1, 0, 0, 1, 1, 0
1, 1, 0, 1, 1, 0, 1, 0, 0, 0
1, 1, 0, 1, 1, 0, 1, 0, 1, 0
1, 1, 0, 1, 1, 0, 1, 1, 0, 0
1, 1, 0, 1, 1, 0, 1, 1, 1, 0
1, 1, 0, 1, 1, 1, 0, 0, 0, 0
1, 1, 0, 1, 1, 1, 0, 0, 1, 0
1, 1, 0, 1, 1, 1, 0, 1, 0, 0
1, 1, 0, 1, 1, 1, 0, 1, 1, 0
1, 1, 0, 1, 1, 1, 1, 0, 0, 0
1, 1, 0, 1, 1, 1, 1, 0, 1, 0
1, 1, 0, 1, 1, 1, 1, 1, 0, 0
1, 1, 0, 1, 1, 1, 1, 1, 1, 0
1, 1, 1, 0, 0, 0, 0, 0, 0, 0
1, 1, 1, 0, 0, 0, 0, 0, 1, 0
1, 1, 1, 0, 0, 0, 0, 1, 0, 0
1, 1, 1, 0, 0, 0, 0, 1, 1, 0
1, 1, 1, 0, 0, 0, 1, 0, 0, 0
1, 1, 1, 0, 0, 0, 1, 0, 1, 0
1, 1, 1, 0, 0, 0, 1, 1, 0, 0
1, 1, 1, 0, 0, 0, 1, 1, 1, 0
1, 1, 1, 0, 0, 1, 0, 0, 0, 0
1, 1, 1, 0, 0, 1, 0, 0, 1, 0
1, 1, 1, 0, 0, 1, 0, 1, 0, 0
1, 1, 1, 0, 0, 1, 0, 1, 1, 0
1, 1, 1, 0, 0, 1, 1, 0, 0, 0
1, 1, 1, 0, 0, 1, 1, 0, 1, 0
1, 1, 1, 0, 0, 1, 1, 1, 0, 0
1, 1, 1, 0, 0, 1, 1, 1, 1, 0
1, 1, 1, 0, 1, 0, 0, 0, 0, 0
1, 1, 1, 0, 1, 0, 0, 0, 1, 0
1, 1, 1, 0, 1, 0, 0, 1, 0, 0
1, 1, 1, 0, 1, 0, 0, 1, 1, 0
1, 1, 1, 0, 1, 0, 1, 0, 0, 0
1, 1, 1, 0, 1, 0, 1, 0, 1, 0
1, 1, 1, 0, 1, 0, 1, 1, 0, 0
1, 1, 1, 0, 1, 0, 1, 1, 1, 0
1, 1, 1, 0, 1, 1, 0, 0, 0, 0
1, 1, 1, 0, 1, 1, 0, 0, 1, 0
1, 1, 1, 0, 1, 1, 0, 1, 0, 0
1, 1, 1, 0, 1, 1, 0, 1, 1, 0
1, 1, 1, 0, 1, 1, 1, 0, 0, 0
1, 1, 1, 0, 1, 1, 1, 0, 1, 0
1, 1, 1, 0, 1, 1, 1, 1, 0, 0
1, 1, 1, 0, 1, 1, 1, 1, 1, 0
1, 1, 1, 1, 0, 0, 0, 0, 0, 0
1, 1, 1, 1, 0, 0, 0, 0, 1, 0
1, 1, 1, 1, 0, 0, 0, 1, 0, 0
1, 1, 1, 1, 0, 0, 0, 1, 1, 0
1, 1, 1, 1, 0, 0, 1, 0, 0, 0
1, 1, 1, 1, 0, 0, 1, 0, 1, 0
1, 1, 1, 1, 0, 0, 1, 1, 0, 0
1, 1, 1, 1, 0, 0, 1, 1, 1, 0
1, 1, 1, 1, 0, 1, 0, 0, 0, 0
1, 1, 1, 1, 0, 1, 0, 0, 1, 0
1, 1, 1, 1, 0, 1, 0, 1, 0, 0
1, 1, 1, 1, 0, 1, 0, 1, 1, 0
1, 1, 1, 1, 0, 1, 1, 0, 0, 0
1, 1, 1, 1, 0, 1, 1, 0, 1, 0
1, 1, 1, 1, 0, 1, 1, 1, 0, 0
1, 1, 1, 1, 0, 1, 1, 1, 1, 0
1, 1, 1, 1, 1, 0, 0, 0, 0, 0
1, 1, 1, 1, 1, 0, 0, 0, 1, 0
1, 1, 1, 1, 1, 0, 0, 1, 0, 0
1, 1, 1, 1, 1, 0, 0, 1, 1, 0
1, 1, 1, 1, 1, 0, 1, 0, 0, 0
1, 1, 1, 1, 1, 0, 1, 0, 1, 0
1, 1, 1, 1, 1, 0, 1, 1, 0, 0
1, 1, 1, 1, 1, 0, 1, 1, 1, 0
1, 1, 1, 1, 1, 1, 0, 0, 0, 0
1, 1, 1, 1, 1, 1, 0, 0, 1, 0
1, 1, 1, 1, 1, 1, 0, 1, 0, 0
1, 1, 1, 1, 1, 1, 0, 1, 1, 0
1, 1, 1, 1, 1, 1, 1, 0, 0, 0
1, 1, 1, 1, 1, 1, 1, 0, 1, 0
1, 1, 1, 1, 1, 1, 1, 1, 0, 0
1, 1, 1, 1, 1, 1, 1, 1, 1, 0
