## actinreorg akt aktd ap1 bad ca ccbl cfos cjun cmyc creb dag elk1 endocyt_degrad erbb11 erbb12 erbb13 erbb14 erbb23 erbb24 erbb34 erbb44 erk12 gab1 grb2 gsk3 hsp27 ip3 jnk limk1 mek12 mekk1 mekk4 mk2 mkk3 mkk4 mkk6 mkk7 mlk3 mtor_rap mtor_ric nck nucerk12 p38 p70s6_1 p70s6_2 p90rsk p90rskerk12d pak1 pi34p2 pi3k pip3 pkc plcg pro_apoptotic ptend rab5a raccdc42 raf1 ras rasgap rheb rin1 rntre shc ship2d shp1 shp1d shp2 sos1 sos1esp8e3b1 stat1 stat3 stat5 tsc1_tsc2 vav2 nrg2a erbb1 nrg4 nrg1b nrg2b bir epr btc mkp erbb2 ar ship2 esp8r erbb4 sos1r hbegf nrg1a pp2a nrg3 egf pdk1 erbb3 csrc pp2b pi3kr mtorr pten tgfa
# actinreorg (limk1, actinreorg)
0, 0
1, 1
# akt (mtor_ric, pdk1, pi34p2, pip3, pp2a, akt)
0, 0, 0, 0, 0, 0
0, 0, 0, 0, 1, 0
0, 0, 0, 1, 0, 0
0, 0, 0, 1, 1, 0
0, 0, 1, 0, 0, 0
0, 0, 1, 0, 1, 0
0, 0, 1, 1, 0, 0
0, 0, 1, 1, 1, 0
0, 1, 0, 0, 0, 1
0, 1, 0, 0, 1, 0
0, 1, 0, 1, 0, 0
0, 1, 0, 1, 1, 0
0, 1, 1, 0, 0, 1
0, 1, 1, 0, 1, 0
0, 1, 1, 1, 0, 0
0, 1, 1, 1, 1, 0
1, 0, 0, 0, 0, 0
1, 0, 0, 0, 1, 0
1, 0, 0, 1, 0, 0
1, 0, 0, 1, 1, 0
1, 0, 1, 0, 0, 0
1, 0, 1, 0, 1, 0
1, 0, 1, 1, 0, 0
1, 0, 1, 1, 1, 0
1, 1, 0, 0, 0, 0
1, 1, 0, 0, 1, 0
1, 1, 0, 1, 0, 0
1, 1, 0, 1, 1, 0
1, 1, 1, 0, 0, 1
1, 1, 1, 0, 1, 0
1, 1, 1, 1, 0, 1
1, 1, 1, 1, 1, 0
# aktd (akt, aktd)
0, 0
1, 1
# ap1 (cfos, cjun, ap1)
0, 0, 0
0, 1, 0
1, 0, 0
1, 1, 1
# bad (akt, pak1, bad)
0, 0, 1
0, 1, 1
1, 0, 1
1, 1, 0
# ca (ip3, ca)
0, 0
1, 1
# ccbl (erbb11, ccbl)
0, 0
1, 1
# cfos (erk12, jnk, p90rsk, pp2a, cfos)
0, 0, 0, 0, 0
0, 0, 0, 1, 0
0, 0, 1, 0, 0
0, 0, 1, 1, 0
0, 1, 0, 0, 1
0, 1, 0, 1, 0
0, 1, 1, 0, 1
0, 1, 1, 1, 0
1, 0, 0, 0, 0
1, 0, 0, 1, 0
1, 0, 1, 0, 1
1, 0, 1, 1, 1
1, 1, 0, 0, 1
1, 1, 0, 1, 0
1, 1, 1, 0, 1
1, 1, 1, 1, 1
# cjun (jnk, cjun)
0, 0
1, 1
# cmyc (gsk3, nucerk12, cmyc)
0, 0, 0
0, 1, 1
1, 0, 0
1, 1, 0
# creb (mk2, p90rsk, creb)
0, 0, 0
0, 1, 1
1, 0, 1
1, 1, 1
# dag (plcg, dag)
0, 0
1, 1
# elk1 (nucerk12, pp2b, elk1)
0, 0, 0
0, 1, 0
1, 0, 1
1, 1, 0
# endocyt_degrad (ccbl, rab5a, endocyt_degrad)
0, 0, 0
0, 1, 0
1, 0, 0
1, 1, 1
# erbb11 (ar, bir, btc, egf, endocyt_degrad, epr, erbb1, hbegf, shp1d, tgfa, erbb11)
0, 0, 0, 0, 0, 0, 0, 0, 0, 0, 0
0, 0, 0, 0, 0, 0, 0, 0, 0, 1, 0
0, 0, 0, 0, 0, 0, 0, 0, 1, 0, 0
0, 0, 0, 0, 0, 0, 0, 0, 1, 1, 0
0, 0, 0, 0, 0, 0, 0, 1, 0, 0, 0
0, 0, 0, 0, 0, 0, 0, 1, 0, 1, 0
0, 0, 0, 0, 0, 0, 0, 1, 1, 0, 0
0, 0, 0, 0, 0, 0, 0, 1, 1, 1, 0
0, 0, 0, 0, 0, 0, 1, 0, 0, 0, 0
0, 0, 0, 0, 0, 0, 1, 0, 0, 1, 1
0, 0, 0, 0, 0, 0, 1, 0, 1, 0, 0
0, 0, 0, 0, 0, 0, 1, 0, 1, 1, 0
0, 0, 0, 0, 0, 0, 1, 1, 0, 0, 1
0, 0, 0, 0, 0, 0, 1, 1, 0, 1, 1
0, 0, 0, 0, 0, 0, 1, 1, 1, 0, 0
0, 0, 0, 0, 0, 0, 1, 1, 1, 1, 0
0, 0, 0, 0, 0, 1, 0, 0, 0, 0, 0
0, 0, 0, 0, 0, 1, 0, 0, 0, 1, 0
0, 0, 0, 0, 0, 1, 0, 0, 1, 0, 0
0, 0, 0, 0, 0, 1, 0, 0, 1, 1, 0
0, 0, 0, 0, 0, 1, 0, 1, 0, 0, 0
0, 0, 0, 0, 0, 1, 0, 1, 0, 1, 0
0, 0, 0, 0, 0, 1, 0, 1, 1, 0, 0
0, 0, 0, 0, 0, 1, 0, 1, 1, 1, 0
0, 0, 0, 0, 0, 1, 1, 0, 0, 0, 1
0, 0, 0, 0, 0, 1, 1, 0, 0, 1, 1
0, 0, 0, 0, 0, 1, 1, 0, 1, 0, 0
0, 0, 0, 0, 0, 1, 1, 0, 1, 1, 0
0, 0, 0, 0, 0, 1, 1, 1, 0, 0, 1
0, 0, 0, 0, 0, 1, 1, 1, 0, 1, 1
0, 0, 0, 0, 0, 1, 1, 1, 1, 0, 0
0, 0, 0, 0, 0, 1, 1, 1, 1, 1, 0
0, 0, 0, 0, 1, 0, 0, 0, 0, 0, 0
0, 0, 0, 0, 1, 0, 0, 0, 0, 1, 0
0, 0, 0, 0, 1, 0, 0, 0, 1, 0, 0
0, 0, 0, 0, 1, 0, 0, 0, 1, 1, 0
0, 0, 0, 0, 1, 0, 0, 1, 0, 0, 0
0, 0, 0, 0, 1, 0, 0, 1, 0, 1, 0
0, 0, 0, 0, 1, 0, 0, 1, 1, 0, 0
0, 0, 0, 0, 1, 0, 0, 1, 1, 1, 0
0, 0, 0, 0, 1, 0, 1, 0, 0, 0, 0
0, 0, 0, 0, 1, 0, 1, 0, 0, 1, 0
0, 0, 0, 0, 1, 0, 1, 0, 1, 0, 0
0, 0, 0, 0, 1, 0, 1, 0, 1, 1, 0
0, 0, 0, 0, 1, 0, 1, 1, 0, 0, 0
0, 0, 0, 0, 1, 0, 1, 1, 0, 1, 0
0, 0, 0, 0, 1, 0, 1, 1, 1, 0, 0
0, 0, 0, 0, 1, 0, 1, 1, 1, 1, 0
0, 0, 0, 0, 1, 1, 0, 0, 0, 0, 0
0, 0, 0, 0, 1, 1, 0, 0, 0, 1, 0
0, 0, 0, 0, 1, 1, 0, 0, 1, 0, 0
0, 0, 0, 0, 1, 1, 0, 0, 1, 1, 0
0, 0, 0, 0, 1, 1, 0, 1, 0, 0, 0
0, 0, 0, 0, 1, 1, 0, 1, 0, 1, 0
0, 0, 0, 0, 1, 1, 0, 1, 1, 0, 0
0, 0, 0, 0, 1, 1, 0, 1, 1, 1, 0
0, 0, 0, 0, 1, 1, 1, 0, 0, 0, 0
0, 0, 0, 0, 1, 1, 1, 0, 0, 1, 0
0, 0, 0, 0, 1, 1, 1, 0, 1, 0, 0
0, 0, 0, 0, 1, 1, 1, 0, 1, 1, 0
0, 0, 0, 0, 1, 1, 1, 1, 0, 0, 0
0, 0, 0, 0, 1, 1, 1, 1, 0, 1, 0
0, 0, 0, 0, 1, 1, 1, 1, 1, 0, 0
0, 0, 0, 0, 1, 1, 1, 1, 1, 1, 0
0, 0, 0, 1, 0, 0, 0, 0, 0, 0, 0
0, 0, 0, 1, 0, 0, 0, 0, 0, 1, 0
0, 0, 0, 1, 0, 0, 0, 0, 1, 0, 0
0, 0, 0, 1, 0, 0, 0, 0, 1, 1, 0
0, 0, 0, 1, 0, 0, 0, 1, 0, 0, 0
0, 0, 0, 1, 0, 0, 0, 1, 0, 1, 0
0, 0, 0, 1, 0, 0, 0, 1, 1, 0, 0
0, 0, 0, 1, 0, 0, 0, 1, 1, 1, 0
0, 0, 0, 1, 0, 0, 1, 0, 0, 0, 1
0, 0, 0, 1, 0, 0, 1, 0, 0, 1, 1
0, 0, 0, 1, 0, 0, 1, 0, 1, 0, 0
0, 0, 0, 1, 0, 0, 1, 0, 1, 1, 0
0, 0, 0, 1, 0, 0, 1, 1, 0, 0, 1
0, 0, 0, 1, 0, 0, 1, 1, 0, 1, 1
0, 0, 0, 1, 0, 0, 1, 1, 1, 0, 0
0, 0, 0, 1, 0, 0, 1, 1, 1, 1, 0
0, 0, 0, 1, 0, 1, 0, 0, 0, 0, 0
0, 0, 0, 1, 0, 1, 0, 0, 0, 1, 0
0, 0, 0, 1, 0, 1, 0, 0, 1, 0, 0
0, 0, 0, 1, 0, 1, 0, 0, 1, 1, 0
0, 0, 0, 1, 0, 1, 0, 1, 0, 0, 0
0, 0, 0, 1, 0, 1, 0, 1, 0, 1, 0
0, 0, 0, 1, 0, 1, 0, 1, 1, 0, 0
0, 0, 0, 1, 0, 1, 0, 1, 1, 1, 0
0, 0, 0, 1, 0, 1, 1, 0, 0, 0, 1
0, 0, 0, 1, 0, 1, 1, 0, 0, 1, 1
0, 0, 0, 1, 0, 1, 1, 0, 1, 0, 0
0, 0, 0, 1, 0, 1, 1, 0, 1, 1, 0
0, 0, 0, 1, 0, 1, 1, 1, 0, 0, 1
0, 0, 0, 1, 0, 1, 1, 1, 0, 1, 1
0, 0, 0, 1, 0, 1, 1, 1, 1, 0, 0
0, 0, 0, 1, 0, 1, 1, 1, 1, 1, 0
0, 0, 0, 1, 1, 0, 0, 0, 0, 0, 0
0, 0, 0, 1, 1, 0, 0, 0, 0, 1, 0
0, 0, 0, 1, 1, 0, 0, 0, 1, 0, 0
0, 0, 0, 1, 1, 0, 0, 0, 1, 1, 0
0, 0, 0, 1, 1, 0, 0, 1, 0, 0, 0
0, 0, 0, 1, 1, 0, 0, 1, 0, 1, 0
0, 0, 0, 1, 1, 0, 0, 1, 1, 0, 0
0, 0, 0, 1, 1, 0, 0, 1, 1, 1, 0
0, 0, 0, 1, 1, 0, 1, 0, 0, 0, 0
0, 0, 0, 1, 1, 0, 1, 0, 0, 1, 0
0, 0, 0, 1, 1, 0, 1, 0, 1, 0, 0
0, 0, 0, 1, 1, 0, 1, 0, 1, 1, 0
0, 0, 0, 1, 1, 0, 1, 1, 0, 0, 0
0, 0, 0, 1, 1, 0, 1, 1, 0, 1, 0
0, 0, 0, 1, 1, 0, 1, 1, 1, 0, 0
0, 0, 0, 1, 1, 0, 1, 1, 1, 1, 0
0, 0, 0, 1, 1, 1, 0, 0, 0, 0, 0
0, 0, 0, 1, 1, 1, 0, 0, 0, 1, 0
0, 0, 0, 1, 1, 1, 0, 0, 1, 0, 0
0, 0, 0, 1, 1, 1, 0, 0, 1, 1, 0
0, 0, 0, 1, 1, 1, 0, 1, 0, 0, 0
0, 0, 0, 1, 1, 1, 0, 1, 0, 1, 0
0, 0, 0, 1, 1, 1, 0, 1, 1, 0, 0
0, 0, 0, 1, 1, 1, 0, 1, 1, 1, 0
0, 0, 0, 1, 1, 1, 1, 0, 0, 0, 0
0, 0, 0, 1, 1, 1, 1, 0, 0, 1, 0
0, 0, 0, 1, 1, 1, 1, 0, 1, 0, 0
0, 0, 0, 1, 1, 1, 1, 0, 1, 1, 0
0, 0, 0, 1, 1, 1, 1, 1, 0, 0, 0
0, 0, 0, 1, 1, 1, 1, 1, 0, 1, 0
0, 0, 0, 1, 1, 1, 1, 1, 1, 0, 0
0, 0, 0, 1, 1, 1, 1, 1, 1, 1, 0
0, 0, 1, 0, 0, 0, 0, 0, 0, 0, 0
0, 0, 1, 0, 0, 0, 0, 0, 0, 1, 0
0, 0, 1, 0, 0, 0, 0, 0, 1, 0, 0
0, 0, 1, 0, 0, 0, 0, 0, 1, 1, 0
0, 0, 1, 0, 0, 0, 0, 1, 0, 0, 0
0, 0, 1, 0, 0, 0, 0, 1, 0, 1, 0
0, 0, 1, 0, 0, 0, 0, 1, 1, 0, 0
0, 0, 1, 0, 0, 0, 0, 1, 1, 1, 0
0, 0, 1, 0, 0, 0, 1, 0, 0, 0, 1
0, 0, 1, 0, 0, 0, 1, 0, 0, 1, 1
0, 0, 1, 0, 0, 0, 1, 0, 1, 0, 0
0, 0, 1, 0, 0, 0, 1, 0, 1, 1, 0
0, 0, 1, 0, 0, 0, 1, 1, 0, 0, 1
0, 0, 1, 0, 0, 0, 1, 1, 0, 1, 1
0, 0, 1, 0, 0, 0, 1, 1, 1, 0, 0
0, 0, 1, 0, 0, 0, 1, 1, 1, 1, 0
0, 0, 1, 0, 0, 1, 0, 0, 0, 0, 0
0, 0, 1, 0, 0, 1, 0, 0, 0, 1, 0
0, 0, 1, 0, 0, 1, 0, 0, 1, 0, 0
0, 0, 1, 0, 0, 1, 0, 0, 1, 1, 0
0, 0, 1, 0, 0, 1, 0, 1, 0, 0, 0
0, 0, 1, 0, 0, 1, 0, 1, 0, 1, 0
0, 0, 1, 0, 0, 1, 0, 1, 1, 0, 0
0, 0, 1, 0, 0, 1, 0, 1, 1, 1, 0
0, 0, 1, 0, 0, 1, 1, 0, 0, 0, 1
0, 0, 1, 0, 0, 1, 1, 0, 0, 1, 1
0, 0, 1, 0, 0, 1, 1, 0, 1, 0, 0
0, 0, 1, 0, 0, 1, 1, 0, 1, 1, 0
0, 0, 1, 0, 0, 1, 1, 1, 0, 0, 1
0, 0, 1, 0, 0, 1, 1, 1, 0, 1, 1
0, 0, 1, 0, 0, 1, 1, 1, 1, 0, 0
0, 0, 1, 0, 0, 1, 1, 1, 1, 1, 0
0, 0, 1, 0, 1, 0, 0, 0, 0, 0, 0
0, 0, 1, 0, 1, 0, 0, 0, 0, 1, 0
0, 0, 1, 0, 1, 0, 0, 0, 1, 0, 0
0, 0, 1, 0, 1, 0, 0, 0, 1, 1, 0
0, 0, 1, 0, 1, 0, 0, 1, 0, 0, 0
0, 0, 1, 0, 1, 0, 0, 1, 0, 1, 0
0, 0, 1, 0, 1, 0, 0, 1, 1, 0, 0
0, 0, 1, 0, 1, 0, 0, 1, 1, 1, 0
0, 0, 1, 0, 1, 0, 1, 0, 0, 0, 0
0, 0, 1, 0, 1, 0, 1, 0, 0, 1, 0
0, 0, 1, 0, 1, 0, 1, 0, 1, 0, 0
0, 0, 1, 0, 1, 0, 1, 0, 1, 1, 0
0, 0, 1, 0, 1, 0, 1, 1, 0, 0, 0
0, 0, 1, 0, 1, 0, 1, 1, 0, 1, 0
0, 0, 1, 0, 1, 0, 1, 1, 1, 0, 0
0, 0, 1, 0, 1, 0, 1, 1, 1, 1, 0
0, 0, 1, 0, 1, 1, 0, 0, 0, 0, 0
0, 0, 1, 0, 1, 1, 0, 0, 0, 1, 0
0, 0, 1, 0, 1, 1, 0, 0, 1, 0, 0
0, 0, 1, 0, 1, 1, 0, 0, 1, 1, 0
0, 0, 1, 0, 1, 1, 0, 1, 0, 0, 0
0, 0, 1, 0, 1, 1, 0, 1, 0, 1, 0
0, 0, 1, 0, 1, 1, 0, 1, 1, 0, 0
0, 0, 1, 0, 1, 1, 0, 1, 1, 1, 0
0, 0, 1, 0, 1, 1, 1, 0, 0, 0, 0
0, 0, 1, 0, 1, 1, 1, 0, 0, 1, 0
0, 0, 1, 0, 1, 1, 1, 0, 1, 0, 0
0, 0, 1, 0, 1, 1, 1, 0, 1, 1, 0
0, 0, 1, 0, 1, 1, 1, 1, 0, 0, 0
0, 0, 1, 0, 1, 1, 1, 1, 0, 1, 0
0, 0, 1, 0, 1, 1, 1, 1, 1, 0, 0
0, 0, 1, 0, 1, 1, 1, 1, 1, 1, 0
0, 0, 1, 1, 0, 0, 0, 0, 0, 0, 0
0, 0, 1, 1, 0, 0, 0, 0, 0, 1, 0
0, 0, 1, 1, 0, 0, 0, 0, 1, 0, 0
0, 0, 1, 1, 0, 0, 0, 0, 1, 1, 0
0, 0, 1, 1, 0, 0, 0, 1, 0, 0, 0
0, 0, 1, 1, 0, 0, 0, 1, 0, 1, 0
0, 0, 1, 1, 0, 0, 0, 1, 1, 0, 0
0, 0, 1, 1, 0, 0, 0, 1, 1, 1, 0
0, 0, 1, 1, 0, 0, 1, 0, 0, 0, 1
0, 0, 1, 1, 0, 0, 1, 0, 0, 1, 1
0, 0, 1, 1, 0, 0, 1, 0, 1, 0, 0
0, 0, 1, 1, 0, 0, 1, 0, 1, 1, 0
0, 0, 1, 1, 0, 0, 1, 1, 0, 0, 1
0, 0, 1, 1, 0, 0, 1, 1, 0, 1, 1
0, 0, 1, 1, 0, 0, 1, 1, 1, 0, 0
0, 0, 1, 1, 0, 0, 1, 1, 1, 1, 0
0, 0, 1, 1, 0, 1, 0, 0, 0, 0, 0
0, 0, 1, 1, 0, 1, 0, 0, 0, 1, 0
0, 0, 1, 1, 0, 1, 0, 0, 1, 0, 0
0, 0, 1, 1, 0, 1, 0, 0, 1, 1, 0
0, 0, 1, 1, 0, 1, 0, 1, 0, 0, 0
0, 0, 1, 1, 0, 1, 0, 1, 0, 1, 0
0, 0, 1, 1, 0, 1, 0, 1, 1, 0, 0
0, 0, 1, 1, 0, 1, 0, 1, 1, 1, 0
0, 0, 1, 1, 0, 1, 1, 0, 0, 0, 1
0, 0, 1, 1, 0, 1, 1, 0, 0, 1, 1
0, 0, 1, 1, 0, 1, 1, 0, 1, 0, 0
0, 0, 1, 1, 0, 1, 1, 0, 1, 1, 0
0, 0, 1, 1, 0, 1, 1, 1, 0, 0, 1
0, 0, 1, 1, 0, 1, 1, 1, 0, 1, 1
0, 0, 1, 1, 0, 1, 1, 1, 1, 0, 0
0, 0, 1, 1, 0, 1, 1, 1, 1, 1, 0
0, 0, 1, 1, 1, 0, 0, 0, 0, 0, 0
0, 0, 1, 1, 1, 0, 0, 0, 0, 1, 0
0, 0, 1, 1, 1, 0, 0, 0, 1, 0, 0
0, 0, 1, 1, 1, 0, 0, 0, 1, 1, 0
0, 0, 1, 1, 1, 0, 0, 1, 0, 0, 0
0, 0, 1, 1, 1, 0, 0, 1, 0, 1, 0
0, 0, 1, 1, 1, 0, 0, 1, 1, 0, 0
0, 0, 1, 1, 1, 0, 0, 1, 1, 1, 0
0, 0, 1, 1, 1, 0, 1, 0, 0, 0, 0
0, 0, 1, 1, 1, 0, 1, 0, 0, 1, 0
0, 0, 1, 1, 1, 0, 1, 0, 1, 0, 0
0, 0, 1, 1, 1, 0, 1, 0, 1, 1, 0
0, 0, 1, 1, 1, 0, 1, 1, 0, 0, 0
0, 0, 1, 1, 1, 0, 1, 1, 0, 1, 0
0, 0, 1, 1, 1, 0, 1, 1, 1, 0, 0
0, 0, 1, 1, 1, 0, 1, 1, 1, 1, 0
0, 0, 1, 1, 1, 1, 0, 0, 0, 0, 0
0, 0, 1, 1, 1, 1, 0, 0, 0, 1, 0
0, 0, 1, 1, 1, 1, 0, 0, 1, 0, 0
0, 0, 1, 1, 1, 1, 0, 0, 1, 1, 0
0, 0, 1, 1, 1, 1, 0, 1, 0, 0, 0
0, 0, 1, 1, 1, 1, 0, 1, 0, 1, 0
0, 0, 1, 1, 1, 1, 0, 1, 1, 0, 0
0, 0, 1, 1, 1, 1, 0, 1, 1, 1, 0
0, 0, 1, 1, 1, 1, 1, 0, 0, 0, 0
0, 0, 1, 1, 1, 1, 1, 0, 0, 1, 0
0, 0, 1, 1, 1, 1, 1, 0, 1, 0, 0
0, 0, 1, 1, 1, 1, 1, 0, 1, 1, 0
0, 0, 1, 1, 1, 1, 1, 1, 0, 0, 0
0, 0, 1, 1, 1, 1, 1, 1, 0, 1, 0
0, 0, 1, 1, 1, 1, 1, 1, 1, 0, 0
0, 0, 1, 1, 1, 1, 1, 1, 1, 1, 0
0, 1, 0, 0, 0, 0, 0, 0, 0, 0, 0
0, 1, 0, 0, 0, 0, 0, 0, 0, 1, 0
0, 1, 0, 0, 0, 0, 0, 0, 1, 0, 0
0, 1, 0, 0, 0, 0, 0, 0, 1, 1, 0
0, 1, 0, 0, 0, 0, 0, 1, 0, 0, 0
0, 1, 0, 0, 0, 0, 0, 1, 0, 1, 0
0, 1, 0, 0, 0, 0, 0, 1, 1, 0, 0
0, 1, 0, 0, 0, 0, 0, 1, 1, 1, 0
0, 1, 0, 0, 0, 0, 1, 0, 0, 0, 1
0, 1, 0, 0, 0, 0, 1, 0, 0, 1, 1
0, 1, 0, 0, 0, 0, 1, 0, 1, 0, 0
0, 1, 0, 0, 0, 0, 1, 0, 1, 1, 0
0, 1, 0, 0, 0, 0, 1, 1, 0, 0, 1
0, 1, 0, 0, 0, 0, 1, 1, 0, 1, 1
0, 1, 0, 0, 0, 0, 1, 1, 1, 0, 0
0, 1, 0, 0, 0, 0, 1, 1, 1, 1, 0
0, 1, 0, 0, 0, 1, 0, 0, 0, 0, 0
0, 1, 0, 0, 0, 1, 0, 0, 0, 1, 0
0, 1, 0, 0, 0, 1, 0, 0, 1, 0, 0
0, 1, 0, 0, 0, 1, 0, 0, 1, 1, 0
0, 1, 0, 0, 0, 1, 0, 1, 0, 0, 0
0, 1, 0, 0, 0, 1, 0, 1, 0, 1, 0
0, 1, 0, 0, 0, 1, 0, 1, 1, 0, 0
0, 1, 0, 0, 0, 1, 0, 1, 1, 1, 0
0, 1, 0, 0, 0, 1, 1, 0, 0, 0, 1
0, 1, 0, 0, 0, 1, 1, 0, 0, 1, 1
0, 1, 0, 0, 0, 1, 1, 0, 1, 0, 0
0, 1, 0, 0, 0, 1, 1, 0, 1, 1, 0
0, 1, 0, 0, 0, 1, 1, 1, 0, 0, 1
0, 1, 0, 0, 0, 1, 1, 1, 0, 1, 1
0, 1, 0, 0, 0, 1, 1, 1, 1, 0, 0
0, 1, 0, 0, 0, 1, 1, 1, 1, 1, 0
0, 1, 0, 0, 1, 0, 0, 0, 0, 0, 0
0, 1, 0, 0, 1, 0, 0, 0, 0, 1, 0
0, 1, 0, 0, 1, 0, 0, 0, 1, 0, 0
0, 1, 0, 0, 1, 0, 0, 0, 1, 1, 0
0, 1, 0, 0, 1, 0, 0, 1, 0, 0, 0
0, 1, 0, 0, 1, 0, 0, 1, 0, 1, 0
0, 1, 0, 0, 1, 0, 0, 1, 1, 0, 0
0, 1, 0, 0, 1, 0, 0, 1, 1, 1, 0
0, 1, 0, 0, 1, 0, 1, 0, 0, 0, 0
0, 1, 0, 0, 1, 0, 1, 0, 0, 1, 0
0, 1, 0, 0, 1, 0, 1, 0, 1, 0, 0
0, 1, 0, 0, 1, 0, 1, 0, 1, 1, 0
0, 1, 0, 0, 1, 0, 1, 1, 0, 0, 0
0, 1, 0, 0, 1, 0, 1, 1, 0, 1, 0
0, 1, 0, 0, 1, 0, 1, 1, 1, 0, 0
0, 1, 0, 0, 1, 0, 1, 1, 1, 1, 0
0, 1, 0, 0, 1, 1, 0, 0, 0, 0, 0
0, 1, 0, 0, 1, 1, 0, 0, 0, 1, 0
0, 1, 0, 0, 1, 1, 0, 0, 1, 0, 0
0, 1, 0, 0, 1, 1, 0, 0, 1, 1, 0
0, 1, 0, 0, 1, 1, 0, 1, 0, 0, 0
0, 1, 0, 0, 1, 1, 0, 1, 0, 1, 0
0, 1, 0, 0, 1, 1, 0, 1, 1, 0, 0
0, 1, 0, 0, 1, 1, 0, 1, 1, 1, 0
0, 1, 0, 0, 1, 1, 1, 0, 0, 0, 0
0, 1, 0, 0, 1, 1, 1, 0, 0, 1, 0
0, 1, 0, 0, 1, 1, 1, 0, 1, 0, 0
0, 1, 0, 0, 1, 1, 1, 0, 1, 1, 0
0, 1, 0, 0, 1, 1, 1, 1, 0, 0, 0
0, 1, 0, 0, 1, 1, 1, 1, 0, 1, 0
0, 1, 0, 0, 1, 1, 1, 1, 1, 0, 0
0, 1, 0, 0, 1, 1, 1, 1, 1, 1, 0
0, 1, 0, 1, 0, 0, 0, 0, 0, 0, 0
0, 1, 0, 1, 0, 0, 0, 0, 0, 1, 0
0, 1, 0, 1, 0, 0, 0, 0, 1, 0, 0
0, 1, 0, 1, 0, 0, 0, 0, 1, 1, 0
0, 1, 0, 1, 0, 0, 0, 1, 0, 0, 0
0, 1, 0, 1, 0, 0, 0, 1, 0, 1, 0
0, 1, 0, 1, 0, 0, 0, 1, 1, 0, 0
0, 1, 0, 1, 0, 0, 0, 1, 1, 1, 0
0, 1, 0, 1, 0, 0, 1, 0, 0, 0, 1
0, 1, 0, 1, 0, 0, 1, 0, 0, 1, 1
0, 1, 0, 1, 0, 0, 1, 0, 1, 0, 0
0, 1, 0, 1, 0, 0, 1, 0, 1, 1, 0
0, 1, 0, 1, 0, 0, 1, 1, 0, 0, 1
0, 1, 0, 1, 0, 0, 1, 1, 0, 1, 1
0, 1, 0, 1, 0, 0, 1, 1, 1, 0, 0
0, 1, 0, 1, 0, 0, 1, 1, 1, 1, 0
0, 1, 0, 1, 0, 1, 0, 0, 0, 0, 0
0, 1, 0, 1, 0, 1, 0, 0, 0, 1, 0
0, 1, 0, 1, 0, 1, 0, 0, 1, 0, 0
0, 1, 0, 1, 0, 1, 0, 0, 1, 1, 0
0, 1, 0, 1, 0, 1, 0, 1, 0, 0, 0
0, 1, 0, 1, 0, 1, 0, 1, 0, 1, 0
0, 1, 0, 1, 0, 1, 0, 1, 1, 0, 0
0, 1, 0, 1, 0, 1, 0, 1, 1, 1, 0
0, 1, 0, 1, 0, 1, 1, 0, 0, 0, 1
0, 1, 0, 1, 0, 1, 1, 0, 0, 1, 1
0, 1, 0, 1, 0, 1, 1, 0, 1, 0, 0
0, 1, 0, 1, 0, 1, 1, 0, 1, 1, 0
0, 1, 0, 1, 0, 1, 1, 1, 0, 0, 1
0, 1, 0, 1, 0, 1, 1, 1, 0, 1, 1
0, 1, 0, 1, 0, 1, 1, 1, 1, 0, 0
0, 1, 0, 1, 0, 1, 1, 1, 1, 1, 0
0, 1, 0, 1, 1, 0, 0, 0, 0, 0, 0
0, 1, 0, 1, 1, 0, 0, 0, 0, 1, 0
0, 1, 0, 1, 1, 0, 0, 0, 1, 0, 0
0, 1, 0, 1, 1, 0, 0, 0, 1, 1, 0
0, 1, 0, 1, 1, 0, 0, 1, 0, 0, 0
0, 1, 0, 1, 1, 0, 0, 1, 0, 1, 0
0, 1, 0, 1, 1, 0, 0, 1, 1, 0, 0
0, 1, 0, 1, 1, 0, 0, 1, 1, 1, 0
0, 1, 0, 1, 1, 0, 1, 0, 0, 0, 0
0, 1, 0, 1, 1, 0, 1, 0, 0, 1, 0
0, 1, 0, 1, 1, 0, 1, 0, 1, 0, 0
0, 1, 0, 1, 1, 0, 1, 0, 1, 1, 0
0, 1, 0, 1, 1, 0, 1, 1, 0, 0, 0
0, 1, 0, 1, 1, 0, 1, 1, 0, 1, 0
0, 1, 0, 1, 1, 0, 1, 1, 1, 0, 0
0, 1, 0, 1, 1, 0, 1, 1, 1, 1, 0
0, 1, 0, 1, 1, 1, 0, 0, 0, 0, 0
0, 1, 0, 1, 1, 1, 0, 0, 0, 1, 0
0, 1, 0, 1, 1, 1, 0, 0, 1, 0, 0
0, 1, 0, 1, 1, 1, 0, 0, 1, 1, 0
0, 1, 0, 1, 1, 1, 0, 1, 0, 0, 0
0, 1, 0, 1, 1, 1, 0, 1, 0, 1, 0
0, 1, 0, 1, 1, 1, 0, 1, 1, 0, 0
0, 1, 0, 1, 1, 1, 0, 1, 1, 1, 0
0, 1, 0, 1, 1, 1, 1, 0, 0, 0, 0
0, 1, 0, 1, 1, 1, 1, 0, 0, 1, 0
0, 1, 0, 1, 1, 1, 1, 0, 1, 0, 0
0, 1, 0, 1, 1, 1, 1, 0, 1, 1, 0
0, 1, 0, 1, 1, 1, 1, 1, 0, 0, 0
0, 1, 0, 1, 1, 1, 1, 1, 0, 1, 0
0, 1, 0, 1, 1, 1, 1, 1, 1, 0, 0
0, 1, 0, 1, 1, 1, 1, 1, 1, 1, 0
0, 1, 1, 0, 0, 0, 0, 0, 0, 0, 0
0, 1, 1, 0, 0, 0, 0, 0, 0, 1, 0
0, 1, 1, 0, 0, 0, 0, 0, 1, 0, 0
0, 1, 1, 0, 0, 0, 0, 0, 1, 1, 0
0, 1, 1, 0, 0, 0, 0, 1, 0, 0, 0
0, 1, 1, 0, 0, 0, 0, 1, 0, 1, 0
0, 1, 1, 0, 0, 0, 0, 1, 1, 0, 0
0, 1, 1, 0, 0, 0, 0, 1, 1, 1, 0
0, 1, 1, 0, 0, 0, 1, 0, 0, 0, 1
0, 1, 1, 0, 0, 0, 1, 0, 0, 1, 1
0, 1, 1, 0, 0, 0, 1, 0, 1, 0, 0
0, 1, 1, 0, 0, 0, 1, 0, 1, 1, 0
0, 1, 1, 0, 0, 0, 1, 1, 0, 0, 1
0, 1, 1, 0, 0, 0, 1, 1, 0, 1, 1
0, 1, 1, 0, 0, 0, 1, 1, 1, 0, 0
0, 1, 1, 0, 0, 0, 1, 1, 1, 1, 0
0, 1, 1, 0, 0, 1, 0, 0, 0, 0, 0
0, 1, 1, 0, 0, 1, 0, 0, 0, 1, 0
0, 1, 1, 0, 0, 1, 0, 0, 1, 0, 0
0, 1, 1, 0, 0, 1, 0, 0, 1, 1, 0
0, 1, 1, 0, 0, 1, 0, 1, 0, 0, 0
0, 1, 1, 0, 0, 1, 0, 1, 0, 1, 0
0, 1, 1, 0, 0, 1, 0, 1, 1, 0, 0
0, 1, 1, 0, 0, 1, 0, 1, 1, 1, 0
0, 1, 1, 0, 0, 1, 1, 0, 0, 0, 1
0, 1, 1, 0, 0, 1, 1, 0, 0, 1, 1
0, 1, 1, 0, 0, 1, 1, 0, 1, 0, 0
0, 1, 1, 0, 0, 1, 1, 0, 1, 1, 0
0, 1, 1, 0, 0, 1, 1, 1, 0, 0, 1
0, 1, 1, 0, 0, 1, 1, 1, 0, 1, 1
0, 1, 1, 0, 0, 1, 1, 1, 1, 0, 0
0, 1, 1, 0, 0, 1, 1, 1, 1, 1, 0
0, 1, 1, 0, 1, 0, 0, 0, 0, 0, 0
0, 1, 1, 0, 1, 0, 0, 0, 0, 1, 0
0, 1, 1, 0, 1, 0, 0, 0, 1, 0, 0
0, 1, 1, 0, 1, 0, 0, 0, 1, 1, 0
0, 1, 1, 0, 1, 0, 0, 1, 0, 0, 0
0, 1, 1, 0, 1, 0, 0, 1, 0, 1, 0
0, 1, 1, 0, 1, 0, 0, 1, 1, 0, 0
0, 1, 1, 0, 1, 0, 0, 1, 1, 1, 0
0, 1, 1, 0, 1, 0, 1, 0, 0, 0, 0
0, 1, 1, 0, 1, 0, 1, 0, 0, 1, 0
0, 1, 1, 0, 1, 0, 1, 0, 1, 0, 0
0, 1, 1, 0, 1, 0, 1, 0, 1, 1, 0
0, 1, 1, 0, 1, 0, 1, 1, 0, 0, 0
0, 1, 1, 0, 1, 0, 1, 1, 0, 1, 0
0, 1, 1, 0, 1, 0, 1, 1, 1, 0, 0
0, 1, 1, 0, 1, 0, 1, 1, 1, 1, 0
0, 1, 1, 0, 1, 1, 0, 0, 0, 0, 0
0, 1, 1, 0, 1, 1, 0, 0, 0, 1, 0
0, 1, 1, 0, 1, 1, 0, 0, 1, 0, 0
0, 1, 1, 0, 1, 1, 0, 0, 1, 1, 0
0, 1, 1, 0, 1, 1, 0, 1, 0, 0, 0
0, 1, 1, 0, 1, 1, 0, 1, 0, 1, 0
0, 1, 1, 0, 1, 1, 0, 1, 1, 0, 0
0, 1, 1, 0, 1, 1, 0, 1, 1, 1, 0
0, 1, 1, 0, 1, 1, 1, 0, 0, 0, 0
0, 1, 1, 0, 1, 1, 1, 0, 0, 1, 0
0, 1, 1, 0, 1, 1, 1, 0, 1, 0, 0
0, 1, 1, 0, 1, 1, 1, 0, 1, 1, 0
0, 1, 1, 0, 1, 1, 1, 1, 0, 0, 0
0, 1, 1, 0, 1, 1, 1, 1, 0, 1, 0
0, 1, 1, 0, 1, 1, 1, 1, 1, 0, 0
0, 1, 1, 0, 1, 1, 1, 1, 1, 1, 0
0, 1, 1, 1, 0, 0, 0, 0, 0, 0, 0
0, 1, 1, 1, 0, 0, 0, 0, 0, 1, 0
0, 1, 1, 1, 0, 0, 0, 0, 1, 0, 0
0, 1, 1, 1, 0, 0, 0, 0, 1, 1, 0
0, 1, 1, 1, 0, 0, 0, 1, 0, 0, 0
0, 1, 1, 1, 0, 0, 0, 1, 0, 1, 0
0, 1, 1, 1, 0, 0, 0, 1, 1, 0, 0
0, 1, 1, 1, 0, 0, 0, 1, 1, 1, 0
0, 1, 1, 1, 0, 0, 1, 0, 0, 0, 1
0, 1, 1, 1, 0, 0, 1, 0, 0, 1, 1
0, 1, 1, 1, 0, 0, 1, 0, 1, 0, 0
0, 1, 1, 1, 0, 0, 1, 0, 1, 1, 0
0, 1, 1, 1, 0, 0, 1, 1, 0, 0, 1
0, 1, 1, 1, 0, 0, 1, 1, 0, 1, 1
0, 1, 1, 1, 0, 0, 1, 1, 1, 0, 0
0, 1, 1, 1, 0, 0, 1, 1, 1, 1, 0
0, 1, 1, 1, 0, 1, 0, 0, 0, 0, 0
0, 1, 1, 1, 0, 1, 0, 0, 0, 1, 0
0, 1, 1, 1, 0, 1, 0, 0, 1, 0, 0
0, 1, 1, 1, 0, 1, 0, 0, 1, 1, 0
0, 1, 1, 1, 0, 1, 0, 1, 0, 0, 0
0, 1, 1, 1, 0, 1, 0, 1, 0, 1, 0
0, 1, 1, 1, 0, 1, 0, 1, 1, 0, 0
0, 1, 1, 1, 0, 1, 0, 1, 1, 1, 0
0, 1, 1, 1, 0, 1, 1, 0, 0, 0, 1
0, 1, 1, 1, 0, 1, 1, 0, 0, 1, 1
0, 1, 1, 1, 0, 1, 1, 0, 1, 0, 0
0, 1, 1, 1, 0, 1, 1, 0, 1, 1, 0
0, 1, 1, 1, 0, 1, 1, 1, 0, 0, 1
0, 1, 1, 1, 0, 1, 1, 1, 0, 1, 1
0, 1, 1, 1, 0, 1, 1, 1, 1, 0, 0
0, 1, 1, 1, 0, 1, 1, 1, 1, 1, 0
0, 1, 1, 1, 1, 0, 0, 0, 0, 0, 0
0, 1, 1, 1, 1, 0, 0, 0, 0, 1, 0
0, 1, 1, 1, 1, 0, 0, 0, 1, 0, 0
0, 1, 1, 1, 1, 0, 0, 0, 1, 1, 0
0, 1, 1, 1, 1, 0, 0, 1, 0, 0, 0
0, 1, 1, 1, 1, 0, 0, 1, 0, 1, 0
0, 1, 1, 1, 1, 0, 0, 1, 1, 0, 0
0, 1, 1, 1, 1, 0, 0, 1, 1, 1, 0
0, 1, 1, 1, 1, 0, 1, 0, 0, 0, 0
0, 1, 1, 1, 1, 0, 1, 0, 0, 1, 0
0, 1, 1, 1, 1, 0, 1, 0, 1, 0, 0
0, 1, 1, 1, 1, 0, 1, 0, 1, 1, 0
0, 1, 1, 1, 1, 0, 1, 1, 0, 0, 0
0, 1, 1, 1, 1, 0, 1, 1, 0, 1, 0
0, 1, 1, 1, 1, 0, 1, 1, 1, 0, 0
0, 1, 1, 1, 1, 0, 1, 1, 1, 1, 0
0, 1, 1, 1, 1, 1, 0, 0, 0, 0, 0
0, 1, 1, 1, 1, 1, 0, 0, 0, 1, 0
0, 1, 1, 1, 1, 1, 0, 0, 1, 0, 0
0, 1, 1, 1, 1, 1, 0, 0, 1, 1, 0
0, 1, 1, 1, 1, 1, 0, 1, 0, 0, 0
0, 1, 1, 1, 1, 1, 0, 1, 0, 1, 0
0, 1, 1, 1, 1, 1, 0, 1, 1, 0, 0
0, 1, 1, 1, 1, 1, 0, 1, 1, 1, 0
0, 1, 1, 1, 1, 1, 1, 0, 0, 0, 0
0, 1, 1, 1, 1, 1, 1, 0, 0, 1, 0
0, 1, 1, 1, 1, 1, 1, 0, 1, 0, 0
0, 1, 1, 1, 1, 1, 1, 0, 1, 1, 0
0, 1, 1, 1, 1, 1, 1, 1, 0, 0, 0
0, 1, 1, 1, 1, 1, 1, 1, 0, 1, 0
0, 1, 1, 1, 1, 1, 1, 1, 1, 0, 0
0, 1, 1, 1, 1, 1, 1, 1, 1, 1, 0
1, 0, 0, 0, 0, 0, 0, 0, 0, 0, 0
1, 0, 0, 0, 0, 0, 0, 0, 0, 1, 0
1, 0, 0, 0, 0, 0, 0, 0, 1, 0, 0
1, 0, 0, 0, 0, 0, 0, 0, 1, 1, 0
1, 0, 0, 0, 0, 0, 0, 1, 0, 0, 0
1, 0, 0, 0, 0, 0, 0, 1, 0, 1, 0
1, 0, 0, 0, 0, 0, 0, 1, 1, 0, 0
1, 0, 0, 0, 0, 0, 0, 1, 1, 1, 0
1, 0, 0, 0, 0, 0, 1, 0, 0, 0, 1
1, 0, 0, 0, 0, 0, 1, 0, 0, 1, 1
1, 0, 0, 0, 0, 0, 1, 0, 1, 0, 0
1, 0, 0, 0, 0, 0, 1, 0, 1, 1, 0
1, 0, 0, 0, 0, 0, 1, 1, 0, 0, 1
1, 0, 0, 0, 0, 0, 1, 1, 0, 1, 1
1, 0, 0, 0, 0, 0, 1, 1, 1, 0, 0
1, 0, 0, 0, 0, 0, 1, 1, 1, 1, 0
1, 0, 0, 0, 0, 1, 0, 0, 0, 0, 0
1, 0, 0, 0, 0, 1, 0, 0, 0, 1, 0
1, 0, 0, 0, 0, 1, 0, 0, 1, 0, 0
1, 0, 0, 0, 0, 1, 0, 0, 1, 1, 0
1, 0, 0, 0, 0, 1, 0, 1, 0, 0, 0
1, 0, 0, 0, 0, 1, 0, 1, 0, 1, 0
1, 0, 0, 0, 0, 1, 0, 1, 1, 0, 0
1, 0, 0, 0, 0, 1, 0, 1, 1, 1, 0
1, 0, 0, 0, 0, 1, 1, 0, 0, 0, 1
1, 0, 0, 0, 0, 1, 1, 0, 0, 1, 1
1, 0, 0, 0, 0, 1, 1, 0, 1, 0, 0
1, 0, 0, 0, 0, 1, 1, 0, 1, 1, 0
1, 0, 0, 0, 0, 1, 1, 1, 0, 0, 1
1, 0, 0, 0, 0, 1, 1, 1, 0, 1, 1
1, 0, 0, 0, 0, 1, 1, 1, 1, 0, 0
1, 0, 0, 0, 0, 1, 1, 1, 1, 1, 0
1, 0, 0, 0, 1, 0, 0, 0, 0, 0, 0
1, 0, 0, 0, 1, 0, 0, 0, 0, 1, 0
1, 0, 0, 0, 1, 0, 0, 0, 1, 0, 0
1, 0, 0, 0, 1, 0, 0, 0, 1, 1, 0
1, 0, 0, 0, 1, 0, 0, 1, 0, 0, 0
1, 0, 0, 0, 1, 0, 0, 1, 0, 1, 0
1, 0, 0, 0, 1, 0, 0, 1, 1, 0, 0
1, 0, 0, 0, 1, 0, 0, 1, 1, 1, 0
1, 0, 0, 0, 1, 0, 1, 0, 0, 0, 0
1, 0, 0, 0, 1, 0, 1, 0, 0, 1, 0
1, 0, 0, 0, 1, 0, 1, 0, 1, 0, 0
1, 0, 0, 0, 1, 0, 1, 0, 1, 1, 0
1, 0, 0, 0, 1, 0, 1, 1, 0, 0, 0
1, 0, 0, 0, 1, 0, 1, 1, 0, 1, 0
1, 0, 0, 0, 1, 0, 1, 1, 1, 0, 0
1, 0, 0, 0, 1, 0, 1, 1, 1, 1, 0
1, 0, 0, 0, 1, 1, 0, 0, 0, 0, 0
1, 0, 0, 0, 1, 1, 0, 0, 0, 1, 0
1, 0, 0, 0, 1, 1, 0, 0, 1, 0, 0
1, 0, 0, 0, 1, 1, 0, 0, 1, 1, 0
1, 0, 0, 0, 1, 1, 0, 1, 0, 0, 0
1, 0, 0, 0, 1, 1, 0, 1, 0, 1, 0
1, 0, 0, 0, 1, 1, 0, 1, 1, 0, 0
1, 0, 0, 0, 1, 1, 0, 1, 1, 1, 0
1, 0, 0, 0, 1, 1, 1, 0, 0, 0, 0
1, 0, 0, 0, 1, 1, 1, 0, 0, 1, 0
1, 0, 0, 0, 1, 1, 1, 0, 1, 0, 0
1, 0, 0, 0, 1, 1, 1, 0, 1, 1, 0
1, 0, 0, 0, 1, 1, 1, 1, 0, 0, 0
1, 0, 0, 0, 1, 1, 1, 1, 0, 1, 0
1, 0, 0, 0, 1, 1, 1, 1, 1, 0, 0
1, 0, 0, 0, 1, 1, 1, 1, 1, 1, 0
1, 0, 0, 1, 0, 0, 0, 0, 0, 0, 0
1, 0, 0, 1, 0, 0, 0, 0, 0, 1, 0
1, 0, 0, 1, 0, 0, 0, 0, 1, 0, 0
1, 0, 0, 1, 0, 0, 0, 0, 1, 1, 0
1, 0, 0, 1, 0, 0, 0, 1, 0, 0, 0
1, 0, 0, 1, 0, 0, 0, 1, 0, 1, 0
1, 0, 0, 1, 0, 0, 0, 1, 1, 0, 0
1, 0, 0, 1, 0, 0, 0, 1, 1, 1, 0
1, 0, 0, 1, 0, 0, 1, 0, 0, 0, 1
1, 0, 0, 1, 0, 0, 1, 0, 0, 1, 1
1, 0, 0, 1, 0, 0, 1, 0, 1, 0, 0
1, 0, 0, 1, 0, 0, 1, 0, 1, 1, 0
1, 0, 0, 1, 0, 0, 1, 1, 0, 0, 1
1, 0, 0, 1, 0, 0, 1, 1, 0, 1, 1
1, 0, 0, 1, 0, 0, 1, 1, 1, 0, 0
1, 0, 0, 1, 0, 0, 1, 1, 1, 1, 0
1, 0, 0, 1, 0, 1, 0, 0, 0, 0, 0
1, 0, 0, 1, 0, 1, 0, 0, 0, 1, 0
1, 0, 0, 1, 0, 1, 0, 0, 1, 0, 0
1, 0, 0, 1, 0, 1, 0, 0, 1, 1, 0
1, 0, 0, 1, 0, 1, 0, 1, 0, 0, 0
1, 0, 0, 1, 0, 1, 0, 1, 0, 1, 0
1, 0, 0, 1, 0, 1, 0, 1, 1, 0, 0
1, 0, 0, 1, 0, 1, 0, 1, 1, 1, 0
1, 0, 0, 1, 0, 1, 1, 0, 0, 0, 1
1, 0, 0, 1, 0, 1, 1, 0, 0, 1, 1
1, 0, 0, 1, 0, 1, 1, 0, 1, 0, 0
1, 0, 0, 1, 0, 1, 1, 0, 1, 1, 0
1, 0, 0, 1, 0, 1, 1, 1, 0, 0, 1
1, 0, 0, 1, 0, 1, 1, 1, 0, 1, 1
1, 0, 0, 1, 0, 1, 1, 1, 1, 0, 0
1, 0, 0, 1, 0, 1, 1, 1, 1, 1, 0
1, 0, 0, 1, 1, 0, 0, 0, 0, 0, 0
1, 0, 0, 1, 1, 0, 0, 0, 0, 1, 0
1, 0, 0, 1, 1, 0, 0, 0, 1, 0, 0
1, 0, 0, 1, 1, 0, 0, 0, 1, 1, 0
1, 0, 0, 1, 1, 0, 0, 1, 0, 0, 0
1, 0, 0, 1, 1, 0, 0, 1, 0, 1, 0
1, 0, 0, 1, 1, 0, 0, 1, 1, 0, 0
1, 0, 0, 1, 1, 0, 0, 1, 1, 1, 0
1, 0, 0, 1, 1, 0, 1, 0, 0, 0, 0
1, 0, 0, 1, 1, 0, 1, 0, 0, 1, 0
1, 0, 0, 1, 1, 0, 1, 0, 1, 0, 0
1, 0, 0, 1, 1, 0, 1, 0, 1, 1, 0
1, 0, 0, 1, 1, 0, 1, 1, 0, 0, 0
1, 0, 0, 1, 1, 0, 1, 1, 0, 1, 0
1, 0, 0, 1, 1, 0, 1, 1, 1, 0, 0
1, 0, 0, 1, 1, 0, 1, 1, 1, 1, 0
1, 0, 0, 1, 1, 1, 0, 0, 0, 0, 0
1, 0, 0, 1, 1, 1, 0, 0, 0, 1, 0
1, 0, 0, 1, 1, 1, 0, 0, 1, 0, 0
1, 0, 0, 1, 1, 1, 0, 0, 1, 1, 0
1, 0, 0, 1, 1, 1, 0, 1, 0, 0, 0
1, 0, 0, 1, 1, 1, 0, 1, 0, 1, 0
1, 0, 0, 1, 1, 1, 0, 1, 1, 0, 0
1, 0, 0, 1, 1, 1, 0, 1, 1, 1, 0
1, 0, 0, 1, 1, 1, 1, 0, 0, 0, 0
1, 0, 0, 1, 1, 1, 1, 0, 0, 1, 0
1, 0, 0, 1, 1, 1, 1, 0, 1, 0, 0
1, 0, 0, 1, 1, 1, 1, 0, 1, 1, 0
1, 0, 0, 1, 1, 1, 1, 1, 0, 0, 0
1, 0, 0, 1, 1, 1, 1, 1, 0, 1, 0
1, 0, 0, 1, 1, 1, 1, 1, 1, 0, 0
1, 0, 0, 1, 1, 1, 1, 1, 1, 1, 0
1, 0, 1, 0, 0, 0, 0, 0, 0, 0, 0
1, 0, 1, 0, 0, 0, 0, 0, 0, 1, 0
1, 0, 1, 0, 0, 0, 0, 0, 1, 0, 0
1, 0, 1, 0, 0, 0, 0, 0, 1, 1, 0
1, 0, 1, 0, 0, 0, 0, 1, 0, 0, 0
1, 0, 1, 0, 0, 0, 0, 1, 0, 1, 0
1, 0, 1, 0, 0, 0, 0, 1, 1, 0, 0
1, 0, 1, 0, 0, 0, 0, 1, 1, 1, 0
1, 0, 1, 0, 0, 0, 1, 0, 0, 0, 1
1, 0, 1, 0, 0, 0, 1, 0, 0, 1, 1
1, 0, 1, 0, 0, 0, 1, 0, 1, 0, 0
1, 0, 1, 0, 0, 0, 1, 0, 1, 1, 0
1, 0, 1, 0, 0, 0, 1, 1, 0, 0, 1
1, 0, 1, 0, 0, 0, 1, 1, 0, 1, 1
1, 0, 1, 0, 0, 0, 1, 1, 1, 0, 0
1, 0, 1, 0, 0, 0, 1, 1, 1, 1, 0
1, 0, 1, 0, 0, 1, 0, 0, 0, 0, 0
1, 0, 1, 0, 0, 1, 0, 0, 0, 1, 0
1, 0, 1, 0, 0, 1, 0, 0, 1, 0, 0
1, 0, 1, 0, 0, 1, 0, 0, 1, 1, 0
1, 0, 1, 0, 0, 1, 0, 1, 0, 0, 0
1, 0, 1, 0, 0, 1, 0, 1, 0, 1, 0
1, 0, 1, 0, 0, 1, 0, 1, 1, 0, 0
1, 0, 1, 0, 0, 1, 0, 1, 1, 1, 0
1, 0, 1, 0, 0, 1, 1, 0, 0, 0, 1
1, 0, 1, 0, 0, 1, 1, 0, 0, 1, 1
1, 0, 1, 0, 0, 1, 1, 0, 1, 0, 0
1, 0, 1, 0, 0, 1, 1, 0, 1, 1, 0
1, 0, 1, 0, 0, 1, 1, 1, 0, 0, 1
1, 0, 1, 0, 0, 1, 1, 1, 0, 1, 1
1, 0, 1, 0, 0, 1, 1, 1, 1, 0, 0
1, 0, 1, 0, 0, 1, 1, 1, 1, 1, 0
1, 0, 1, 0, 1, 0, 0, 0, 0, 0, 0
1, 0, 1, 0, 1, 0, 0, 0, 0, 1, 0
1, 0, 1, 0, 1, 0, 0, 0, 1, 0, 0
1, 0, 1, 0, 1, 0, 0, 0, 1, 1, 0
1, 0, 1, 0, 1, 0, 0, 1, 0, 0, 0
1, 0, 1, 0, 1, 0, 0, 1, 0, 1, 0
1, 0, 1, 0, 1, 0, 0, 1, 1, 0, 0
1, 0, 1, 0, 1, 0, 0, 1, 1, 1, 0
1, 0, 1, 0, 1, 0, 1, 0, 0, 0, 0
1, 0, 1, 0, 1, 0, 1, 0, 0, 1, 0
1, 0, 1, 0, 1, 0, 1, 0, 1, 0, 0
1, 0, 1, 0, 1, 0, 1, 0, 1, 1, 0
1, 0, 1, 0, 1, 0, 1, 1, 0, 0, 0
1, 0, 1, 0, 1, 0, 1, 1, 0, 1, 0
1, 0, 1, 0, 1, 0, 1, 1, 1, 0, 0
1, 0, 1, 0, 1, 0, 1, 1, 1, 1, 0
1, 0, 1, 0, 1, 1, 0, 0, 0, 0, 0
1, 0, 1, 0, 1, 1, 0, 0, 0, 1, 0
1, 0, 1, 0, 1, 1, 0, 0, 1, 0, 0
1, 0, 1, 0, 1, 1, 0, 0, 1, 1, 0
1, 0, 1, 0, 1, 1, 0, 1, 0, 0, 0
1, 0, 1, 0, 1, 1, 0, 1, 0, 1, 0
1, 0, 1, 0, 1, 1, 0, 1, 1, 0, 0
1, 0, 1, 0, 1, 1, 0, 1, 1, 1, 0
1, 0, 1, 0, 1, 1, 1, 0, 0, 0, 0
1, 0, 1, 0, 1, 1, 1, 0, 0, 1, 0
1, 0, 1, 0, 1, 1, 1, 0, 1, 0, 0
1, 0, 1, 0, 1, 1, 1, 0, 1, 1, 0
1, 0, 1, 0, 1, 1, 1, 1, 0, 0, 0
1, 0, 1, 0, 1, 1, 1, 1, 0, 1, 0
1, 0, 1, 0, 1, 1, 1, 1, 1, 0, 0
1, 0, 1, 0, 1, 1, 1, 1, 1, 1, 0
1, 0, 1, 1, 0, 0, 0, 0, 0, 0, 0
1, 0, 1, 1, 0, 0, 0, 0, 0, 1, 0
1, 0, 1, 1, 0, 0, 0, 0, 1, 0, 0
1, 0, 1, 1, 0, 0, 0, 0, 1, 1, 0
1, 0, 1, 1, 0, 0, 0, 1, 0, 0, 0
1, 0, 1, 1, 0, 0, 0, 1, 0, 1, 0
1, 0, 1, 1, 0, 0, 0, 1, 1, 0, 0
1, 0, 1, 1, 0, 0, 0, 1, 1, 1, 0
1, 0, 1, 1, 0, 0, 1, 0, 0, 0, 1
1, 0, 1, 1, 0, 0, 1, 0, 0, 1, 1
1, 0, 1, 1, 0, 0, 1, 0, 1, 0, 0
1, 0, 1, 1, 0, 0, 1, 0, 1, 1, 0
1, 0, 1, 1, 0, 0, 1, 1, 0, 0, 1
1, 0, 1, 1, 0, 0, 1, 1, 0, 1, 1
1, 0, 1, 1, 0, 0, 1, 1, 1, 0, 0
1, 0, 1, 1, 0, 0, 1, 1, 1, 1, 0
1, 0, 1, 1, 0, 1, 0, 0, 0, 0, 0
1, 0, 1, 1, 0, 1, 0, 0, 0, 1, 0
1, 0, 1, 1, 0, 1, 0, 0, 1, 0, 0
1, 0, 1, 1, 0, 1, 0, 0, 1, 1, 0
1, 0, 1, 1, 0, 1, 0, 1, 0, 0, 0
1, 0, 1, 1, 0, 1, 0, 1, 0, 1, 0
1, 0, 1, 1, 0, 1, 0, 1, 1, 0, 0
1, 0, 1, 1, 0, 1, 0, 1, 1, 1, 0
1, 0, 1, 1, 0, 1, 1, 0, 0, 0, 1
1, 0, 1, 1, 0, 1, 1, 0, 0, 1, 1
1, 0, 1, 1, 0, 1, 1, 0, 1, 0, 0
1, 0, 1, 1, 0, 1, 1, 0, 1, 1, 0
1, 0, 1, 1, 0, 1, 1, 1, 0, 0, 1
1, 0, 1, 1, 0, 1, 1, 1, 0, 1, 1
1, 0, 1, 1, 0, 1, 1, 1, 1, 0, 0
1, 0, 1, 1, 0, 1, 1, 1, 1, 1, 0
1, 0, 1, 1, 1, 0, 0, 0, 0, 0, 0
1, 0, 1, 1, 1, 0, 0, 0, 0, 1, 0
1, 0, 1, 1, 1, 0, 0, 0, 1, 0, 0
1, 0, 1, 1, 1, 0, 0, 0, 1, 1, 0
1, 0, 1, 1, 1, 0, 0, 1, 0, 0, 0
1, 0, 1, 1, 1, 0, 0, 1, 0, 1, 0
1, 0, 1, 1, 1, 0, 0, 1, 1, 0, 0
1, 0, 1, 1, 1, 0, 0, 1, 1, 1, 0
1, 0, 1, 1, 1, 0, 1, 0, 0, 0, 0
1, 0, 1, 1, 1, 0, 1, 0, 0, 1, 0
1, 0, 1, 1, 1, 0, 1, 0, 1, 0, 0
1, 0, 1, 1, 1, 0, 1, 0, 1, 1, 0
1, 0, 1, 1, 1, 0, 1, 1, 0, 0, 0
1, 0, 1, 1, 1, 0, 1, 1, 0, 1, 0
1, 0, 1, 1, 1, 0, 1, 1, 1, 0, 0
1, 0, 1, 1, 1, 0, 1, 1, 1, 1, 0
1, 0, 1, 1, 1, 1, 0, 0, 0, 0, 0
1, 0, 1, 1, 1, 1, 0, 0, 0, 1, 0
1, 0, 1, 1, 1, 1, 0, 0, 1, 0, 0
1, 0, 1, 1, 1, 1, 0, 0, 1, 1, 0
1, 0, 1, 1, 1, 1, 0, 1, 0, 0, 0
1, 0, 1, 1, 1, 1, 0, 1, 0, 1, 0
1, 0, 1, 1, 1, 1, 0, 1, 1, 0, 0
1, 0, 1, 1, 1, 1, 0, 1, 1, 1, 0
1, 0, 1, 1, 1, 1, 1, 0, 0, 0, 0
1, 0, 1, 1, 1, 1, 1, 0, 0, 1, 0
1, 0, 1, 1, 1, 1, 1, 0, 1, 0, 0
1, 0, 1, 1, 1, 1, 1, 0, 1, 1, 0
1, 0, 1, 1, 1, 1, 1, 1, 0, 0, 0
1, 0, 1, 1, 1, 1, 1, 1, 0, 1, 0
1, 0, 1, 1, 1, 1, 1, 1, 1, 0, 0
1, 0, 1, 1, 1, 1, 1, 1, 1, 1, 0
1, 1, 0, 0, 0, 0, 0, 0, 0, 0, 0
1, 1, 0, 0, 0, 0, 0, 0, 0, 1, 0
1, 1, 0, 0, 0, 0, 0, 0, 1, 0, 0
1, 1, 0, 0, 0, 0, 0, 0, 1, 1, 0
1, 1, 0, 0, 0, 0, 0, 1, 0, 0, 0
1, 1, 0, 0, 0, 0, 0, 1, 0, 1, 0
1, 1, 0, 0, 0, 0, 0, 1, 1, 0, 0
1, 1, 0, 0, 0, 0, 0, 1, 1, 1, 0
1, 1, 0, 0, 0, 0, 1, 0, 0, 0, 1
1, 1, 0, 0, 0, 0, 1, 0, 0, 1, 1
1, 1, 0, 0, 0, 0, 1, 0, 1, 0, 0
1, 1, 0, 0, 0, 0, 1, 0, 1, 1, 0
1, 1, 0, 0, 0, 0, 1, 1, 0, 0, 1
1, 1, 0, 0, 0, 0, 1, 1, 0, 1, 1
1, 1, 0, 0, 0, 0, 1, 1, 1, 0, 0
1, 1, 0, 0, 0, 0, 1, 1, 1, 1, 0
1, 1, 0, 0, 0, 1, 0, 0, 0, 0, 0
1, 1, 0, 0, 0, 1, 0, 0, 0, 1, 0
1, 1, 0, 0, 0, 1, 0, 0, 1, 0, 0
1, 1, 0, 0, 0, 1, 0, 0, 1, 1, 0
1, 1, 0, 0, 0, 1, 0, 1, 0, 0, 0
1, 1, 0, 0, 0, 1, 0, 1, 0, 1, 0
1, 1, 0, 0, 0, 1, 0, 1, 1, 0, 0
1, 1, 0, 0, 0, 1, 0, 1, 1, 1, 0
1, 1, 0, 0, 0, 1, 1, 0, 0, 0, 1
1, 1, 0, 0, 0, 1, 1, 0, 0, 1, 1
1, 1, 0, 0, 0, 1, 1, 0, 1, 0, 0
1, 1, 0, 0, 0, 1, 1, 0, 1, 1, 0
1, 1, 0, 0, 0, 1, 1, 1, 0, 0, 1
1, 1, 0, 0, 0, 1, 1, 1, 0, 1, 1
1, 1, 0, 0, 0, 1, 1, 1, 1, 0, 0
1, 1, 0, 0, 0, 1, 1, 1, 1, 1, 0
1, 1, 0, 0, 1, 0, 0, 0, 0, 0, 0
1, 1, 0, 0, 1, 0, 0, 0, 0, 1, 0
1, 1, 0, 0, 1, 0, 0, 0, 1, 0, 0
1, 1, 0, 0, 1, 0, 0, 0, 1, 1, 0
1, 1, 0, 0, 1, 0, 0, 1, 0, 0, 0
1, 1, 0, 0, 1, 0, 0, 1, 0, 1, 0
1, 1, 0, 0, 1, 0, 0, 1, 1, 0, 0
1, 1, 0, 0, 1, 0, 0, 1, 1, 1, 0
1, 1, 0, 0, 1, 0, 1, 0, 0, 0, 0
1, 1, 0, 0, 1, 0, 1, 0, 0, 1, 0
1, 1, 0, 0, 1, 0, 1, 0, 1, 0, 0
1, 1, 0, 0, 1, 0, 1, 0, 1, 1, 0
1, 1, 0, 0, 1, 0, 1, 1, 0, 0, 0
1, 1, 0, 0, 1, 0, 1, 1, 0, 1, 0
1, 1, 0, 0, 1, 0, 1, 1, 1, 0, 0
1, 1, 0, 0, 1, 0, 1, 1, 1, 1, 0
1, 1, 0, 0, 1, 1, 0, 0, 0, 0, 0
1, 1, 0, 0, 1, 1, 0, 0, 0, 1, 0
1, 1, 0, 0, 1, 1, 0, 0, 1, 0, 0
1, 1, 0, 0, 1, 1, 0, 0, 1, 1, 0
1, 1, 0, 0, 1, 1, 0, 1, 0, 0, 0
1, 1, 0, 0, 1, 1, 0, 1, 0, 1, 0
1, 1, 0, 0, 1, 1, 0, 1, 1, 0, 0
1, 1, 0, 0, 1, 1, 0, 1, 1, 1, 0
1, 1, 0, 0, 1, 1, 1, 0, 0, 0, 0
1, 1, 0, 0, 1, 1, 1, 0, 0, 1, 0
1, 1, 0, 0, 1, 1, 1, 0, 1, 0, 0
1, 1, 0, 0, 1, 1, 1, 0, 1, 1, 0
1, 1, 0, 0, 1, 1, 1, 1, 0, 0, 0
1, 1, 0, 0, 1, 1, 1, 1, 0, 1, 0
1, 1, 0, 0, 1, 1, 1, 1, 1, 0, 0
1, 1, 0, 0, 1, 1, 1, 1, 1, 1, 0
1, 1, 0, 1, 0, 0, 0, 0, 0, 0, 0
1, 1, 0, 1, 0, 0, 0, 0, 0, 1, 0
1, 1, 0, 1, 0, 0, 0, 0, 1, 0, 0
1, 1, 0, 1, 0, 0, 0, 0, 1, 1, 0
1, 1, 0, 1, 0, 0, 0, 1, 0, 0, 0
1, 1, 0, 1, 0, 0, 0, 1, 0, 1, 0
1, 1, 0, 1, 0, 0, 0, 1, 1, 0, 0
1, 1, 0, 1, 0, 0, 0, 1, 1, 1, 0
1, 1, 0, 1, 0, 0, 1, 0, 0, 0, 1
1, 1, 0, 1, 0, 0, 1, 0, 0, 1, 1
1, 1, 0, 1, 0, 0, 1, 0, 1, 0, 0
1, 1, 0, 1, 0, 0, 1, 0, 1, 1, 0
1, 1, 0, 1, 0, 0, 1, 1, 0, 0, 1
1, 1, 0, 1, 0, 0, 1, 1, 0, 1, 1
1, 1, 0, 1, 0, 0, 1, 1, 1, 0, 0
1, 1, 0, 1, 0, 0, 1, 1, 1, 1, 0
1, 1, 0, 1, 0, 1, 0, 0, 0, 0, 0
1, 1, 0, 1, 0, 1, 0, 0, 0, 1, 0
1, 1, 0, 1, 0, 1, 0, 0, 1, 0, 0
1, 1, 0, 1, 0, 1, 0, 0, 1, 1, 0
1, 1, 0, 1, 0, 1, 0, 1, 0, 0, 0
1, 1, 0, 1, 0, 1, 0, 1, 0, 1, 0
1, 1, 0, 1, 0, 1, 0, 1, 1, 0, 0
1, 1, 0, 1, 0, 1, 0, 1, 1, 1, 0
1, 1, 0, 1, 0, 1, 1, 0, 0, 0, 1
1, 1, 0, 1, 0, 1, 1, 0, 0, 1, 1
1, 1, 0, 1, 0, 1, 1, 0, 1, 0, 0
1, 1, 0, 1, 0, 1, 1, 0, 1, 1, 0
1, 1, 0, 1, 0, 1, 1, 1, 0, 0, 1
1, 1, 0, 1, 0, 1, 1, 1, 0, 1, 1
1, 1, 0, 1, 0, 1, 1, 1, 1, 0, 0
1, 1, 0, 1, 0, 1, 1, 1, 1, 1, 0
1, 1, 0, 1, 1, 0, 0, 0, 0, 0, 0
1, 1, 0, 1, 1, 0, 0, 0, 0, 1, 0
1, 1, 0, 1, 1, 0, 0, 0, 1, 0, 0
1, 1, 0, 1, 1, 0, 0, 0, 1, 1, 0
1, 1, 0, 1, 1, 0, 0, 1, 0, 0, 0
1, 1, 0, 1, 1, 0, 0, 1, 0, 1, 0
1, 1, 0, 1, 1, 0, 0, 1, 1, 0, 0
1, 1, 0, 1, 1, 0, 0, 1, 1, 1, 0
1, 1, 0, 1, 1, 0, 1, 0, 0, 0, 0
1, 1, 0, 1, 1, 0, 1, 0, 0, 1, 0
1, 1, 0, 1, 1, 0, 1, 0, 1, 0, 0
1, 1, 0, 1, 1, 0, 1, 0, 1, 1, 0
1, 1, 0, 1, 1, 0, 1, 1, 0, 0, 0
1, 1, 0, 1, 1, 0, 1, 1, 0, 1, 0
1, 1, 0, 1, 1, 0, 1, 1, 1, 0, 0
1, 1, 0, 1, 1, 0, 1, 1, 1, 1, 0
1, 1, 0, 1, 1, 1, 0, 0, 0, 0, 0
1, 1, 0, 1, 1, 1, 0, 0, 0, 1, 0
1, 1, 0, 1, 1, 1, 0, 0, 1, 0, 0
1, 1, 0, 1, 1, 1, 0, 0, 1, 1, 0
1, 1, 0, 1, 1, 1, 0, 1, 0, 0, 0
1, 1, 0, 1, 1, 1, 0, 1, 0, 1, 0
1, 1, 0, 1, 1, 1, 0, 1, 1, 0, 0
1, 1, 0, 1, 1, 1, 0, 1, 1, 1, 0
1, 1, 0, 1, 1, 1, 1, 0, 0, 0, 0
1, 1, 0, 1, 1, 1, 1, 0, 0, 1, 0
1, 1, 0, 1, 1, 1, 1, 0, 1, 0, 0
1, 1, 0, 1, 1, 1, 1, 0, 1, 1, 0
1, 1, 0, 1, 1, 1, 1, 1, 0, 0, 0
1, 1, 0, 1, 1, 1, 1, 1, 0, 1, 0
1, 1, 0, 1, 1, 1, 1, 1, 1, 0, 0
1, 1, 0, 1, 1, 1, 1, 1, 1, 1, 0
1, 1, 1, 0, 0, 0, 0, 0, 0, 0, 0
1, 1, 1, 0, 0, 0, 0, 0, 0, 1, 0
1, 1, 1, 0, 0, 0, 0, 0, 1, 0, 0
1, 1, 1, 0, 0, 0, 0, 0, 1, 1, 0
1, 1, 1, 0, 0, 0, 0, 1, 0, 0, 0
1, 1, 1, 0, 0, 0, 0, 1, 0, 1, 0
1, 1, 1, 0, 0, 0, 0, 1, 1, 0, 0
1, 1, 1, 0, 0, 0, 0, 1, 1, 1, 0
1, 1, 1, 0, 0, 0, 1, 0, 0, 0, 1
1, 1, 1, 0, 0, 0, 1, 0, 0, 1, 1
1, 1, 1, 0, 0, 0, 1, 0, 1, 0, 0
1, 1, 1, 0, 0, 0, 1, 0, 1, 1, 0
1, 1, 1, 0, 0, 0, 1, 1, 0, 0, 1
1, 1, 1, 0, 0, 0, 1, 1, 0, 1, 1
1, 1, 1, 0, 0, 0, 1, 1, 1, 0, 0
1, 1, 1, 0, 0, 0, 1, 1, 1, 1, 0
1, 1, 1, 0, 0, 1, 0, 0, 0, 0, 0
1, 1, 1, 0, 0, 1, 0, 0, 0, 1, 0
1, 1, 1, 0, 0, 1, 0, 0, 1, 0, 0
1, 1, 1, 0, 0, 1, 0, 0, 1, 1, 0
1, 1, 1, 0, 0, 1, 0, 1, 0, 0, 0
1, 1, 1, 0, 0, 1, 0, 1, 0, 1, 0
1, 1, 1, 0, 0, 1, 0, 1, 1, 0, 0
1, 1, 1, 0, 0, 1, 0, 1, 1, 1, 0
1, 1, 1, 0, 0, 1, 1, 0, 0, 0, 1
1, 1, 1, 0, 0, 1, 1, 0, 0, 1, 1
1, 1, 1, 0, 0, 1, 1, 0, 1, 0, 0
1, 1, 1, 0, 0, 1, 1, 0, 1, 1, 0
1, 1, 1, 0, 0, 1, 1, 1, 0, 0, 1
1, 1, 1, 0, 0, 1, 1, 1, 0, 1, 1
1, 1, 1, 0, 0, 1, 1, 1, 1, 0, 0
1, 1, 1, 0, 0, 1, 1, 1, 1, 1, 0
1, 1, 1, 0, 1, 0, 0, 0, 0, 0, 0
1, 1, 1, 0, 1, 0, 0, 0, 0, 1, 0
1, 1, 1, 0, 1, 0, 0, 0, 1, 0, 0
1, 1, 1, 0, 1, 0, 0, 0, 1, 1, 0
1, 1, 1, 0, 1, 0, 0, 1, 0, 0, 0
1, 1, 1, 0, 1, 0, 0, 1, 0, 1, 0
1, 1, 1, 0, 1, 0, 0, 1, 1, 0, 0
1, 1, 1, 0, 1, 0, 0, 1, 1, 1, 0
1, 1, 1, 0, 1, 0, 1, 0, 0, 0, 0
1, 1, 1, 0, 1, 0, 1, 0, 0, 1, 0
1, 1, 1, 0, 1, 0, 1, 0, 1, 0, 0
1, 1, 1, 0, 1, 0, 1, 0, 1, 1, 0
1, 1, 1, 0, 1, 0, 1, 1, 0, 0, 0
1, 1, 1, 0, 1, 0, 1, 1, 0, 1, 0
1, 1, 1, 0, 1, 0, 1, 1, 1, 0, 0
1, 1, 1, 0, 1, 0, 1, 1, 1, 1, 0
1, 1, 1, 0, 1, 1, 0, 0, 0, 0, 0
1, 1, 1, 0, 1, 1, 0, 0, 0, 1, 0
1, 1, 1, 0, 1, 1, 0, 0, 1, 0, 0
1, 1, 1, 0, 1, 1, 0, 0, 1, 1, 0
1, 1, 1, 0, 1, 1, 0, 1, 0, 0, 0
1, 1, 1, 0, 1, 1, 0, 1, 0, 1, 0
1, 1, 1, 0, 1, 1, 0, 1, 1, 0, 0
1, 1, 1, 0, 1, 1, 0, 1, 1, 1, 0
1, 1, 1, 0, 1, 1, 1, 0, 0, 0, 0
1, 1, 1, 0, 1, 1, 1, 0, 0, 1, 0
1, 1, 1, 0, 1, 1, 1, 0, 1, 0, 0
1, 1, 1, 0, 1, 1, 1, 0, 1, 1, 0
1, 1, 1, 0, 1, 1, 1, 1, 0, 0, 0
1, 1, 1, 0, 1, 1, 1, 1, 0, 1, 0
1, 1, 1, 0, 1, 1, 1, 1, 1, 0, 0
1, 1, 1, 0, 1, 1, 1, 1, 1, 1, 0
1, 1, 1, 1, 0, 0, 0, 0, 0, 0, 0
1, 1, 1, 1, 0, 0, 0, 0, 0, 1, 0
1, 1, 1, 1, 0, 0, 0, 0, 1, 0, 0
1, 1, 1, 1, 0, 0, 0, 0, 1, 1, 0
1, 1, 1, 1, 0, 0, 0, 1, 0, 0, 0
1, 1, 1, 1, 0, 0, 0, 1, 0, 1, 0
1, 1, 1, 1, 0, 0, 0, 1, 1, 0, 0
1, 1, 1, 1, 0, 0, 0, 1, 1, 1, 0
1, 1, 1, 1, 0, 0, 1, 0, 0, 0, 1
1, 1, 1, 1, 0, 0, 1, 0, 0, 1, 1
1, 1, 1, 1, 0, 0, 1, 0, 1, 0, 0
1, 1, 1, 1, 0, 0, 1, 0, 1, 1, 0
1, 1, 1, 1, 0, 0, 1, 1, 0, 0, 1
1, 1, 1, 1, 0, 0, 1, 1, 0, 1, 1
1, 1, 1, 1, 0, 0, 1, 1, 1, 0, 0
1, 1, 1, 1, 0, 0, 1, 1, 1, 1, 0
1, 1, 1, 1, 0, 1, 0, 0, 0, 0, 0
1, 1, 1, 1, 0, 1, 0, 0, 0, 1, 0
1, 1, 1, 1, 0, 1, 0, 0, 1, 0, 0
1, 1, 1, 1, 0, 1, 0, 0, 1, 1, 0
1, 1, 1, 1, 0, 1, 0, 1, 0, 0, 0
1, 1, 1, 1, 0, 1, 0, 1, 0, 1, 0
1, 1, 1, 1, 0, 1, 0, 1, 1, 0, 0
1, 1, 1, 1, 0, 1, 0, 1, 1, 1, 0
1, 1, 1, 1, 0, 1, 1, 0, 0, 0, 1
1, 1, 1, 1, 0, 1, 1, 0, 0, 1, 1
1, 1, 1, 1, 0, 1, 1, 0, 1, 0, 0
1, 1, 1, 1, 0, 1, 1, 0, 1, 1, 0
1, 1, 1, 1, 0, 1, 1, 1, 0, 0, 1
1, 1, 1, 1, 0, 1, 1, 1, 0, 1, 1
1, 1, 1, 1, 0, 1, 1, 1, 1, 0, 0
1, 1, 1, 1, 0, 1, 1, 1, 1, 1, 0
1, 1, 1, 1, 1, 0, 0, 0, 0, 0, 0
1, 1, 1, 1, 1, 0, 0, 0, 0, 1, 0
1, 1, 1, 1, 1, 0, 0, 0, 1, 0, 0
1, 1, 1, 1, 1, 0, 0, 0, 1, 1, 0
1, 1, 1, 1, 1, 0, 0, 1, 0, 0, 0
1, 1, 1, 1, 1, 0, 0, 1, 0, 1, 0
1, 1, 1, 1, 1, 0, 0, 1, 1, 0, 0
1, 1, 1, 1, 1, 0, 0, 1, 1, 1, 0
1, 1, 1, 1, 1, 0, 1, 0, 0, 0, 0
1, 1, 1, 1, 1, 0, 1, 0, 0, 1, 0
1, 1, 1, 1, 1, 0, 1, 0, 1, 0, 0
1, 1, 1, 1, 1, 0, 1, 0, 1, 1, 0
1, 1, 1, 1, 1, 0, 1, 1, 0, 0, 0
1, 1, 1, 1, 1, 0, 1, 1, 0, 1, 0
1, 1, 1, 1, 1, 0, 1, 1, 1, 0, 0
1, 1, 1, 1, 1, 0, 1, 1, 1, 1, 0
1, 1, 1, 1, 1, 1, 0, 0, 0, 0, 0
1, 1, 1, 1, 1, 1, 0, 0, 0, 1, 0
1, 1, 1, 1, 1, 1, 0, 0, 1, 0, 0
1, 1, 1, 1, 1, 1, 0, 0, 1, 1, 0
1, 1, 1, 1, 1, 1, 0, 1, 0, 0, 0
1, 1, 1, 1, 1, 1, 0, 1, 0, 1, 0
1, 1, 1, 1, 1, 1, 0, 1, 1, 0, 0
1, 1, 1, 1, 1, 1, 0, 1, 1, 1, 0
1, 1, 1, 1, 1, 1, 1, 0, 0, 0, 0
1, 1, 1, 1, 1, 1, 1, 0, 0, 1, 0
1, 1, 1, 1, 1, 1, 1, 0, 1, 0, 0
1, 1, 1, 1, 1, 1, 1, 0, 1, 1, 0
1, 1, 1, 1, 1, 1, 1, 1, 0, 0, 0
1, 1, 1, 1, 1, 1, 1, 1, 0, 1, 0
1, 1, 1, 1, 1, 1, 1, 1, 1, 0, 0
1, 1, 1, 1, 1, 1, 1, 1, 1, 1, 0
# erbb12 (bir, btc, egf, epr, erbb1, erbb2, hbegf, shp1d, tgfa, erbb12)
0, 0, 0, 0, 0, 0, 0, 0, 0, 0
0, 0, 0, 0, 0, 0, 0, 0, 1, 0
0, 0, 0, 0, 0, 0, 0, 1, 0, 0
0, 0, 0, 0, 0, 0, 0, 1, 1, 0
0, 0, 0, 0, 0, 0, 1, 0, 0, 0
0, 0, 0, 0, 0, 0, 1, 0, 1, 0
0, 0, 0, 0, 0, 0, 1, 1, 0, 0
0, 0, 0, 0, 0, 0, 1, 1, 1, 0
0, 0, 0, 0, 0, 1, 0, 0, 0, 0
0, 0, 0, 0, 0, 1, 0, 0, 1, 0
0, 0, 0, 0, 0, 1, 0, 1, 0, 0
0, 0, 0, 0, 0, 1, 0, 1, 1, 0
0, 0, 0, 0, 0, 1, 1, 0, 0, 0
0, 0, 0, 0, 0, 1, 1, 0, 1, 0
0, 0, 0, 0, 0, 1, 1, 1, 0, 0
0, 0, 0, 0, 0, 1, 1, 1, 1, 0
0, 0, 0, 0, 1, 0, 0, 0, 0, 0
0, 0, 0, 0, 1, 0, 0, 0, 1, 0
0, 0, 0, 0, 1, 0, 0, 1, 0, 0
0, 0, 0, 0, 1, 0, 0, 1, 1, 0
0, 0, 0, 0, 1, 0, 1, 0, 0, 0
0, 0, 0, 0, 1, 0, 1, 0, 1, 0
0, 0, 0, 0, 1, 0, 1, 1, 0, 0
0, 0, 0, 0, 1, 0, 1, 1, 1, 0
0, 0, 0, 0, 1, 1, 0, 0, 0, 0
0, 0, 0, 0, 1, 1, 0, 0, 1, 1
0, 0, 0, 0, 1, 1, 0, 1, 0, 0
0, 0, 0, 0, 1, 1, 0, 1, 1, 0
0, 0, 0, 0, 1, 1, 1, 0, 0, 1
0, 0, 0, 0, 1, 1, 1, 0, 1, 1
0, 0, 0, 0, 1, 1, 1, 1, 0, 0
0, 0, 0, 0, 1, 1, 1, 1, 1, 0
0, 0, 0, 1, 0, 0, 0, 0, 0, 0
0, 0, 0, 1, 0, 0, 0, 0, 1, 0
0, 0, 0, 1, 0, 0, 0, 1, 0, 0
0, 0, 0, 1, 0, 0, 0, 1, 1, 0
0, 0, 0, 1, 0, 0, 1, 0, 0, 0
0, 0, 0, 1, 0, 0, 1, 0, 1, 0
0, 0, 0, 1, 0, 0, 1, 1, 0, 0
0, 0, 0, 1, 0, 0, 1, 1, 1, 0
0, 0, 0, 1, 0, 1, 0, 0, 0, 0
0, 0, 0, 1, 0, 1, 0, 0, 1, 0
0, 0, 0, 1, 0, 1, 0, 1, 0, 0
0, 0, 0, 1, 0, 1, 0, 1, 1, 0
0, 0, 0, 1, 0, 1, 1, 0, 0, 0
0, 0, 0, 1, 0, 1, 1, 0, 1, 0
0, 0, 0, 1, 0, 1, 1, 1, 0, 0
0, 0, 0, 1, 0, 1, 1, 1, 1, 0
0, 0, 0, 1, 1, 0, 0, 0, 0, 0
0, 0, 0, 1, 1, 0, 0, 0, 1, 0
0, 0, 0, 1, 1, 0, 0, 1, 0, 0
0, 0, 0, 1, 1, 0, 0, 1, 1, 0
0, 0, 0, 1, 1, 0, 1, 0, 0, 0
0, 0, 0, 1, 1, 0, 1, 0, 1, 0
0, 0, 0, 1, 1, 0, 1, 1, 0, 0
0, 0, 0, 1, 1, 0, 1, 1, 1, 0
0, 0, 0, 1, 1, 1, 0, 0, 0, 1
0, 0, 0, 1, 1, 1, 0, 0, 1, 1
0, 0, 0, 1, 1, 1, 0, 1, 0, 0
0, 0, 0, 1, 1, 1, 0, 1, 1, 0
0, 0, 0, 1, 1, 1, 1, 0, 0, 1
0, 0, 0, 1, 1, 1, 1, 0, 1, 1
0, 0, 0, 1, 1, 1, 1, 1, 0, 0
0, 0, 0, 1, 1, 1, 1, 1, 1, 0
0, 0, 1, 0, 0, 0, 0, 0, 0, 0
0, 0, 1, 0, 0, 0, 0, 0, 1, 0
0, 0, 1, 0, 0, 0, 0, 1, 0, 0
0, 0, 1, 0, 0, 0, 0, 1, 1, 0
0, 0, 1, 0, 0, 0, 1, 0, 0, 0
0, 0, 1, 0, 0, 0, 1, 0, 1, 0
0, 0, 1, 0, 0, 0, 1, 1, 0, 0
0, 0, 1, 0, 0, 0, 1, 1, 1, 0
0, 0, 1, 0, 0, 1, 0, 0, 0, 0
0, 0, 1, 0, 0, 1, 0, 0, 1, 0
0, 0, 1, 0, 0, 1, 0, 1, 0, 0
0, 0, 1, 0, 0, 1, 0, 1, 1, 0
0, 0, 1, 0, 0, 1, 1, 0, 0, 0
0, 0, 1, 0, 0, 1, 1, 0, 1, 0
0, 0, 1, 0, 0, 1, 1, 1, 0, 0
0, 0, 1, 0, 0, 1, 1, 1, 1, 0
0, 0, 1, 0, 1, 0, 0, 0, 0, 0
0, 0, 1, 0, 1, 0, 0, 0, 1, 0
0, 0, 1, 0, 1, 0, 0, 1, 0, 0
0, 0, 1, 0, 1, 0, 0, 1, 1, 0
0, 0, 1, 0, 1, 0, 1, 0, 0, 0
0, 0, 1, 0, 1, 0, 1, 0, 1, 0
0, 0, 1, 0, 1, 0, 1, 1, 0, 0
0, 0, 1, 0, 1, 0, 1, 1, 1, 0
0, 0, 1, 0, 1, 1, 0, 0, 0, 1
0, 0, 1, 0, 1, 1, 0, 0, 1, 1
0, 0, 1, 0, 1, 1, 0, 1, 0, 0
0, 0, 1, 0, 1, 1, 0, 1, 1, 0
0, 0, 1, 0, 1, 1, 1, 0, 0, 1
0, 0, 1, 0, 1, 1, 1, 0, 1, 1
0, 0, 1, 0, 1, 1, 1, 1, 0, 0
0, 0, 1, 0, 1, 1, 1, 1, 1, 0
0, 0, 1, 1, 0, 0, 0, 0, 0, 0
0, 0, 1, 1, 0, 0, 0, 0, 1, 0
0, 0, 1, 1, 0, 0, 0, 1, 0, 0
0, 0, 1, 1, 0, 0, 0, 1, 1, 0
0, 0, 1, 1, 0, 0, 1, 0, 0, 0
0, 0, 1, 1, 0, 0, 1, 0, 1, 0
0, 0, 1, 1, 0, 0, 1, 1, 0, 0
0, 0, 1, 1, 0, 0, 1, 1, 1, 0
0, 0, 1, 1, 0, 1, 0, 0, 0, 0
0, 0, 1, 1, 0, 1, 0, 0, 1, 0
0, 0, 1, 1, 0, 1, 0, 1, 0, 0
0, 0, 1, 1, 0, 1, 0, 1, 1, 0
0, 0, 1, 1, 0, 1, 1, 0, 0, 0
0, 0, 1, 1, 0, 1, 1, 0, 1, 0
0, 0, 1, 1, 0, 1, 1, 1, 0, 0
0, 0, 1, 1, 0, 1, 1, 1, 1, 0
0, 0, 1, 1, 1, 0, 0, 0, 0, 0
0, 0, 1, 1, 1, 0, 0, 0, 1, 0
0, 0, 1, 1, 1, 0, 0, 1, 0, 0
0, 0, 1, 1, 1, 0, 0, 1, 1, 0
0, 0, 1, 1, 1, 0, 1, 0, 0, 0
0, 0, 1, 1, 1, 0, 1, 0, 1, 0
0, 0, 1, 1, 1, 0, 1, 1, 0, 0
0, 0, 1, 1, 1, 0, 1, 1, 1, 0
0, 0, 1, 1, 1, 1, 0, 0, 0, 1
0, 0, 1, 1, 1, 1, 0, 0, 1, 1
0, 0, 1, 1, 1, 1, 0, 1, 0, 0
0, 0, 1, 1, 1, 1, 0, 1, 1, 0
0, 0, 1, 1, 1, 1, 1, 0, 0, 1
0, 0, 1, 1, 1, 1, 1, 0, 1, 1
0, 0, 1, 1, 1, 1, 1, 1, 0, 0
0, 0, 1, 1, 1, 1, 1, 1, 1, 0
0, 1, 0, 0, 0, 0, 0, 0, 0, 0
0, 1, 0, 0, 0, 0, 0, 0, 1, 0
0, 1, 0, 0, 0, 0, 0, 1, 0, 0
0, 1, 0, 0, 0, 0, 0, 1, 1, 0
0, 1, 0, 0, 0, 0, 1, 0, 0, 0
0, 1, 0, 0, 0, 0, 1, 0, 1, 0
0, 1, 0, 0, 0, 0, 1, 1, 0, 0
0, 1, 0, 0, 0, 0, 1, 1, 1, 0
0, 1, 0, 0, 0, 1, 0, 0, 0, 0
0, 1, 0, 0, 0, 1, 0, 0, 1, 0
0, 1, 0, 0, 0, 1, 0, 1, 0, 0
0, 1, 0, 0, 0, 1, 0, 1, 1, 0
0, 1, 0, 0, 0, 1, 1, 0, 0, 0
0, 1, 0, 0, 0, 1, 1, 0, 1, 0
0, 1, 0, 0, 0, 1, 1, 1, 0, 0
0, 1, 0, 0, 0, 1, 1, 1, 1, 0
0, 1, 0, 0, 1, 0, 0, 0, 0, 0
0, 1, 0, 0, 1, 0, 0, 0, 1, 0
0, 1, 0, 0, 1, 0, 0, 1, 0, 0
0, 1, 0, 0, 1, 0, 0, 1, 1, 0
0, 1, 0, 0, 1, 0, 1, 0, 0, 0
0, 1, 0, 0, 1, 0, 1, 0, 1, 0
0, 1, 0, 0, 1, 0, 1, 1, 0, 0
0, 1, 0, 0, 1, 0, 1, 1, 1, 0
0, 1, 0, 0, 1, 1, 0, 0, 0, 1
0, 1, 0, 0, 1, 1, 0, 0, 1, 1
0, 1, 0, 0, 1, 1, 0, 1, 0, 0
0, 1, 0, 0, 1, 1, 0, 1, 1, 0
0, 1, 0, 0, 1, 1, 1, 0, 0, 1
0, 1, 0, 0, 1, 1, 1, 0, 1, 1
0, 1, 0, 0, 1, 1, 1, 1, 0, 0
0, 1, 0, 0, 1, 1, 1, 1, 1, 0
0, 1, 0, 1, 0, 0, 0, 0, 0, 0
0, 1, 0, 1, 0, 0, 0, 0, 1, 0
0, 1, 0, 1, 0, 0, 0, 1, 0, 0
0, 1, 0, 1, 0, 0, 0, 1, 1, 0
0, 1, 0, 1, 0, 0, 1, 0, 0, 0
0, 1, 0, 1, 0, 0, 1, 0, 1, 0
0, 1, 0, 1, 0, 0, 1, 1, 0, 0
0, 1, 0, 1, 0, 0, 1, 1, 1, 0
0, 1, 0, 1, 0, 1, 0, 0, 0, 0
0, 1, 0, 1, 0, 1, 0, 0, 1, 0
0, 1, 0, 1, 0, 1, 0, 1, 0, 0
0, 1, 0, 1, 0, 1, 0, 1, 1, 0
0, 1, 0, 1, 0, 1, 1, 0, 0, 0
0, 1, 0, 1, 0, 1, 1, 0, 1, 0
0, 1, 0, 1, 0, 1, 1, 1, 0, 0
0, 1, 0, 1, 0, 1, 1, 1, 1, 0
0, 1, 0, 1, 1, 0, 0, 0, 0, 0
0, 1, 0, 1, 1, 0, 0, 0, 1, 0
0, 1, 0, 1, 1, 0, 0, 1, 0, 0
0, 1, 0, 1, 1, 0, 0, 1, 1, 0
0, 1, 0, 1, 1, 0, 1, 0, 0, 0
0, 1, 0, 1, 1, 0, 1, 0, 1, 0
0, 1, 0, 1, 1, 0, 1, 1, 0, 0
0, 1, 0, 1, 1, 0, 1, 1, 1, 0
0, 1, 0, 1, 1, 1, 0, 0, 0, 1
0, 1, 0, 1, 1, 1, 0, 0, 1, 1
0, 1, 0, 1, 1, 1, 0, 1, 0, 0
0, 1, 0, 1, 1, 1, 0, 1, 1, 0
0, 1, 0, 1, 1, 1, 1, 0, 0, 1
0, 1, 0, 1, 1, 1, 1, 0, 1, 1
0, 1, 0, 1, 1, 1, 1, 1, 0, 0
0, 1, 0, 1, 1, 1, 1, 1, 1, 0
0, 1, 1, 0, 0, 0, 0, 0, 0, 0
0, 1, 1, 0, 0, 0, 0, 0, 1, 0
0, 1, 1, 0, 0, 0, 0, 1, 0, 0
0, 1, 1, 0, 0, 0, 0, 1, 1, 0
0, 1, 1, 0, 0, 0, 1, 0, 0, 0
0, 1, 1, 0, 0, 0, 1, 0, 1, 0
0, 1, 1, 0, 0, 0, 1, 1, 0, 0
0, 1, 1, 0, 0, 0, 1, 1, 1, 0
0, 1, 1, 0, 0, 1, 0, 0, 0, 0
0, 1, 1, 0, 0, 1, 0, 0, 1, 0
0, 1, 1, 0, 0, 1, 0, 1, 0, 0
0, 1, 1, 0, 0, 1, 0, 1, 1, 0
0, 1, 1, 0, 0, 1, 1, 0, 0, 0
0, 1, 1, 0, 0, 1, 1, 0, 1, 0
0, 1, 1, 0, 0, 1, 1, 1, 0, 0
0, 1, 1, 0, 0, 1, 1, 1, 1, 0
0, 1, 1, 0, 1, 0, 0, 0, 0, 0
0, 1, 1, 0, 1, 0, 0, 0, 1, 0
0, 1, 1, 0, 1, 0, 0, 1, 0, 0
0, 1, 1, 0, 1, 0, 0, 1, 1, 0
0, 1, 1, 0, 1, 0, 1, 0, 0, 0
0, 1, 1, 0, 1, 0, 1, 0, 1, 0
0, 1, 1, 0, 1, 0, 1, 1, 0, 0
0, 1, 1, 0, 1, 0, 1, 1, 1, 0
0, 1, 1, 0, 1, 1, 0, 0, 0, 1
0, 1, 1, 0, 1, 1, 0, 0, 1, 1
0, 1, 1, 0, 1, 1, 0, 1, 0, 0
0, 1, 1, 0, 1, 1, 0, 1, 1, 0
0, 1, 1, 0, 1, 1, 1, 0, 0, 1
0, 1, 1, 0, 1, 1, 1, 0, 1, 1
0, 1, 1, 0, 1, 1, 1, 1, 0, 0
0, 1, 1, 0, 1, 1, 1, 1, 1, 0
0, 1, 1, 1, 0, 0, 0, 0, 0, 0
0, 1, 1, 1, 0, 0, 0, 0, 1, 0
0, 1, 1, 1, 0, 0, 0, 1, 0, 0
0, 1, 1, 1, 0, 0, 0, 1, 1, 0
0, 1, 1, 1, 0, 0, 1, 0, 0, 0
0, 1, 1, 1, 0, 0, 1, 0, 1, 0
0, 1, 1, 1, 0, 0, 1, 1, 0, 0
0, 1, 1, 1, 0, 0, 1, 1, 1, 0
0, 1, 1, 1, 0, 1, 0, 0, 0, 0
0, 1, 1, 1, 0, 1, 0, 0, 1, 0
0, 1, 1, 1, 0, 1, 0, 1, 0, 0
0, 1, 1, 1, 0, 1, 0, 1, 1, 0
0, 1, 1, 1, 0, 1, 1, 0, 0, 0
0, 1, 1, 1, 0, 1, 1, 0, 1, 0
0, 1, 1, 1, 0, 1, 1, 1, 0, 0
0, 1, 1, 1, 0, 1, 1, 1, 1, 0
0, 1, 1, 1, 1, 0, 0, 0, 0, 0
0, 1, 1, 1, 1, 0, 0, 0, 1, 0
0, 1, 1, 1, 1, 0, 0, 1, 0, 0
0, 1, 1, 1, 1, 0, 0, 1, 1, 0
0, 1, 1, 1, 1, 0, 1, 0, 0, 0
0, 1, 1, 1, 1, 0, 1, 0, 1, 0
0, 1, 1, 1, 1, 0, 1, 1, 0, 0
0, 1, 1, 1, 1, 0, 1, 1, 1, 0
0, 1, 1, 1, 1, 1, 0, 0, 0, 1
0, 1, 1, 1, 1, 1, 0, 0, 1, 1
0, 1, 1, 1, 1, 1, 0, 1, 0, 0
0, 1, 1, 1, 1, 1, 0, 1, 1, 0
0, 1, 1, 1, 1, 1, 1, 0, 0, 1
0, 1, 1, 1, 1, 1, 1, 0, 1, 1
0, 1, 1, 1, 1, 1, 1, 1, 0, 0
0, 1, 1, 1, 1, 1, 1, 1, 1, 0
1, 0, 0, 0, 0, 0, 0, 0, 0, 0
1, 0, 0, 0, 0, 0, 0, 0, 1, 0
1, 0, 0, 0, 0, 0, 0, 1, 0, 0
1, 0, 0, 0, 0, 0, 0, 1, 1, 0
1, 0, 0, 0, 0, 0, 1, 0, 0, 0
1, 0, 0, 0, 0, 0, 1, 0, 1, 0
1, 0, 0, 0, 0, 0, 1, 1, 0, 0
1, 0, 0, 0, 0, 0, 1, 1, 1, 0
1, 0, 0, 0, 0, 1, 0, 0, 0, 0
1, 0, 0, 0, 0, 1, 0, 0, 1, 0
1, 0, 0, 0, 0, 1, 0, 1, 0, 0
1, 0, 0, 0, 0, 1, 0, 1, 1, 0
1, 0, 0, 0, 0, 1, 1, 0, 0, 0
1, 0, 0, 0, 0, 1, 1, 0, 1, 0
1, 0, 0, 0, 0, 1, 1, 1, 0, 0
1, 0, 0, 0, 0, 1, 1, 1, 1, 0
1, 0, 0, 0, 1, 0, 0, 0, 0, 0
1, 0, 0, 0, 1, 0, 0, 0, 1, 0
1, 0, 0, 0, 1, 0, 0, 1, 0, 0
1, 0, 0, 0, 1, 0, 0, 1, 1, 0
1, 0, 0, 0, 1, 0, 1, 0, 0, 0
1, 0, 0, 0, 1, 0, 1, 0, 1, 0
1, 0, 0, 0, 1, 0, 1, 1, 0, 0
1, 0, 0, 0, 1, 0, 1, 1, 1, 0
1, 0, 0, 0, 1, 1, 0, 0, 0, 1
1, 0, 0, 0, 1, 1, 0, 0, 1, 1
1, 0, 0, 0, 1, 1, 0, 1, 0, 0
1, 0, 0, 0, 1, 1, 0, 1, 1, 0
1, 0, 0, 0, 1, 1, 1, 0, 0, 1
1, 0, 0, 0, 1, 1, 1, 0, 1, 1
1, 0, 0, 0, 1, 1, 1, 1, 0, 0
1, 0, 0, 0, 1, 1, 1, 1, 1, 0
1, 0, 0, 1, 0, 0, 0, 0, 0, 0
1, 0, 0, 1, 0, 0, 0, 0, 1, 0
1, 0, 0, 1, 0, 0, 0, 1, 0, 0
1, 0, 0, 1, 0, 0, 0, 1, 1, 0
1, 0, 0, 1, 0, 0, 1, 0, 0, 0
1, 0, 0, 1, 0, 0, 1, 0, 1, 0
1, 0, 0, 1, 0, 0, 1, 1, 0, 0
1, 0, 0, 1, 0, 0, 1, 1, 1, 0
1, 0, 0, 1, 0, 1, 0, 0, 0, 0
1, 0, 0, 1, 0, 1, 0, 0, 1, 0
1, 0, 0, 1, 0, 1, 0, 1, 0, 0
1, 0, 0, 1, 0, 1, 0, 1, 1, 0
1, 0, 0, 1, 0, 1, 1, 0, 0, 0
1, 0, 0, 1, 0, 1, 1, 0, 1, 0
1, 0, 0, 1, 0, 1, 1, 1, 0, 0
1, 0, 0, 1, 0, 1, 1, 1, 1, 0
1, 0, 0, 1, 1, 0, 0, 0, 0, 0
1, 0, 0, 1, 1, 0, 0, 0, 1, 0
1, 0, 0, 1, 1, 0, 0, 1, 0, 0
1, 0, 0, 1, 1, 0, 0, 1, 1, 0
1, 0, 0, 1, 1, 0, 1, 0, 0, 0
1, 0, 0, 1, 1, 0, 1, 0, 1, 0
1, 0, 0, 1, 1, 0, 1, 1, 0, 0
1, 0, 0, 1, 1, 0, 1, 1, 1, 0
1, 0, 0, 1, 1, 1, 0, 0, 0, 1
1, 0, 0, 1, 1, 1, 0, 0, 1, 1
1, 0, 0, 1, 1, 1, 0, 1, 0, 0
1, 0, 0, 1, 1, 1, 0, 1, 1, 0
1, 0, 0, 1, 1, 1, 1, 0, 0, 1
1, 0, 0, 1, 1, 1, 1, 0, 1, 1
1, 0, 0, 1, 1, 1, 1, 1, 0, 0
1, 0, 0, 1, 1, 1, 1, 1, 1, 0
1, 0, 1, 0, 0, 0, 0, 0, 0, 0
1, 0, 1, 0, 0, 0, 0, 0, 1, 0
1, 0, 1, 0, 0, 0, 0, 1, 0, 0
1, 0, 1, 0, 0, 0, 0, 1, 1, 0
1, 0, 1, 0, 0, 0, 1, 0, 0, 0
1, 0, 1, 0, 0, 0, 1, 0, 1, 0
1, 0, 1, 0, 0, 0, 1, 1, 0, 0
1, 0, 1, 0, 0, 0, 1, 1, 1, 0
1, 0, 1, 0, 0, 1, 0, 0, 0, 0
1, 0, 1, 0, 0, 1, 0, 0, 1, 0
1, 0, 1, 0, 0, 1, 0, 1, 0, 0
1, 0, 1, 0, 0, 1, 0, 1, 1, 0
1, 0, 1, 0, 0, 1, 1, 0, 0, 0
1, 0, 1, 0, 0, 1, 1, 0, 1, 0
1, 0, 1, 0, 0, 1, 1, 1, 0, 0
1, 0, 1, 0, 0, 1, 1, 1, 1, 0
1, 0, 1, 0, 1, 0, 0, 0, 0, 0
1, 0, 1, 0, 1, 0, 0, 0, 1, 0
1, 0, 1, 0, 1, 0, 0, 1, 0, 0
1, 0, 1, 0, 1, 0, 0, 1, 1, 0
1, 0, 1, 0, 1, 0, 1, 0, 0, 0
1, 0, 1, 0, 1, 0, 1, 0, 1, 0
1, 0, 1, 0, 1, 0, 1, 1, 0, 0
1, 0, 1, 0, 1, 0, 1, 1, 1, 0
1, 0, 1, 0, 1, 1, 0, 0, 0, 1
1, 0, 1, 0, 1, 1, 0, 0, 1, 1
1, 0, 1, 0, 1, 1, 0, 1, 0, 0
1, 0, 1, 0, 1, 1, 0, 1, 1, 0
1, 0, 1, 0, 1, 1, 1, 0, 0, 1
1, 0, 1, 0, 1, 1, 1, 0, 1, 1
1, 0, 1, 0, 1, 1, 1, 1, 0, 0
1, 0, 1, 0, 1, 1, 1, 1, 1, 0
1, 0, 1, 1, 0, 0, 0, 0, 0, 0
1, 0, 1, 1, 0, 0, 0, 0, 1, 0
1, 0, 1, 1, 0, 0, 0, 1, 0, 0
1, 0, 1, 1, 0, 0, 0, 1, 1, 0
1, 0, 1, 1, 0, 0, 1, 0, 0, 0
1, 0, 1, 1, 0, 0, 1, 0, 1, 0
1, 0, 1, 1, 0, 0, 1, 1, 0, 0
1, 0, 1, 1, 0, 0, 1, 1, 1, 0
1, 0, 1, 1, 0, 1, 0, 0, 0, 0
1, 0, 1, 1, 0, 1, 0, 0, 1, 0
1, 0, 1, 1, 0, 1, 0, 1, 0, 0
1, 0, 1, 1, 0, 1, 0, 1, 1, 0
1, 0, 1, 1, 0, 1, 1, 0, 0, 0
1, 0, 1, 1, 0, 1, 1, 0, 1, 0
1, 0, 1, 1, 0, 1, 1, 1, 0, 0
1, 0, 1, 1, 0, 1, 1, 1, 1, 0
1, 0, 1, 1, 1, 0, 0, 0, 0, 0
1, 0, 1, 1, 1, 0, 0, 0, 1, 0
1, 0, 1, 1, 1, 0, 0, 1, 0, 0
1, 0, 1, 1, 1, 0, 0, 1, 1, 0
1, 0, 1, 1, 1, 0, 1, 0, 0, 0
1, 0, 1, 1, 1, 0, 1, 0, 1, 0
1, 0, 1, 1, 1, 0, 1, 1, 0, 0
1, 0, 1, 1, 1, 0, 1, 1, 1, 0
1, 0, 1, 1, 1, 1, 0, 0, 0, 1
1, 0, 1, 1, 1, 1, 0, 0, 1, 1
1, 0, 1, 1, 1, 1, 0, 1, 0, 0
1, 0, 1, 1, 1, 1, 0, 1, 1, 0
1, 0, 1, 1, 1, 1, 1, 0, 0, 1
1, 0, 1, 1, 1, 1, 1, 0, 1, 1
1, 0, 1, 1, 1, 1, 1, 1, 0, 0
1, 0, 1, 1, 1, 1, 1, 1, 1, 0
1, 1, 0, 0, 0, 0, 0, 0, 0, 0
1, 1, 0, 0, 0, 0, 0, 0, 1, 0
1, 1, 0, 0, 0, 0, 0, 1, 0, 0
1, 1, 0, 0, 0, 0, 0, 1, 1, 0
1, 1, 0, 0, 0, 0, 1, 0, 0, 0
1, 1, 0, 0, 0, 0, 1, 0, 1, 0
1, 1, 0, 0, 0, 0, 1, 1, 0, 0
1, 1, 0, 0, 0, 0, 1, 1, 1, 0
1, 1, 0, 0, 0, 1, 0, 0, 0, 0
1, 1, 0, 0, 0, 1, 0, 0, 1, 0
1, 1, 0, 0, 0, 1, 0, 1, 0, 0
1, 1, 0, 0, 0, 1, 0, 1, 1, 0
1, 1, 0, 0, 0, 1, 1, 0, 0, 0
1, 1, 0, 0, 0, 1, 1, 0, 1, 0
1, 1, 0, 0, 0, 1, 1, 1, 0, 0
1, 1, 0, 0, 0, 1, 1, 1, 1, 0
1, 1, 0, 0, 1, 0, 0, 0, 0, 0
1, 1, 0, 0, 1, 0, 0, 0, 1, 0
1, 1, 0, 0, 1, 0, 0, 1, 0, 0
1, 1, 0, 0, 1, 0, 0, 1, 1, 0
1, 1, 0, 0, 1, 0, 1, 0, 0, 0
1, 1, 0, 0, 1, 0, 1, 0, 1, 0
1, 1, 0, 0, 1, 0, 1, 1, 0, 0
1, 1, 0, 0, 1, 0, 1, 1, 1, 0
1, 1, 0, 0, 1, 1, 0, 0, 0, 1
1, 1, 0, 0, 1, 1, 0, 0, 1, 1
1, 1, 0, 0, 1, 1, 0, 1, 0, 0
1, 1, 0, 0, 1, 1, 0, 1, 1, 0
1, 1, 0, 0, 1, 1, 1, 0, 0, 1
1, 1, 0, 0, 1, 1, 1, 0, 1, 1
1, 1, 0, 0, 1, 1, 1, 1, 0, 0
1, 1, 0, 0, 1, 1, 1, 1, 1, 0
1, 1, 0, 1, 0, 0, 0, 0, 0, 0
1, 1, 0, 1, 0, 0, 0, 0, 1, 0
1, 1, 0, 1, 0, 0, 0, 1, 0, 0
1, 1, 0, 1, 0, 0, 0, 1, 1, 0
1, 1, 0, 1, 0, 0, 1, 0, 0, 0
1, 1, 0, 1, 0, 0, 1, 0, 1, 0
1, 1, 0, 1, 0, 0, 1, 1, 0, 0
1, 1, 0, 1, 0, 0, 1, 1, 1, 0
1, 1, 0, 1, 0, 1, 0, 0, 0, 0
1, 1, 0, 1, 0, 1, 0, 0, 1, 0
1, 1, 0, 1, 0, 1, 0, 1, 0, 0
1, 1, 0, 1, 0, 1, 0, 1, 1, 0
1, 1, 0, 1, 0, 1, 1, 0, 0, 0
1, 1, 0, 1, 0, 1, 1, 0, 1, 0
1, 1, 0, 1, 0, 1, 1, 1, 0, 0
1, 1, 0, 1, 0, 1, 1, 1, 1, 0
1, 1, 0, 1, 1, 0, 0, 0, 0, 0
1, 1, 0, 1, 1, 0, 0, 0, 1, 0
1, 1, 0, 1, 1, 0, 0, 1, 0, 0
1, 1, 0, 1, 1, 0, 0, 1, 1, 0
1, 1, 0, 1, 1, 0, 1, 0, 0, 0
1, 1, 0, 1, 1, 0, 1, 0, 1, 0
1, 1, 0, 1, 1, 0, 1, 1, 0, 0
1, 1, 0, 1, 1, 0, 1, 1, 1, 0
1, 1, 0, 1, 1, 1, 0, 0, 0, 1
1, 1, 0, 1, 1, 1, 0, 0, 1, 1
1, 1, 0, 1, 1, 1, 0, 1, 0, 0
1, 1, 0, 1, 1, 1, 0, 1, 1, 0
1, 1, 0, 1, 1, 1, 1, 0, 0, 1
1, 1, 0, 1, 1, 1, 1, 0, 1, 1
1, 1, 0, 1, 1, 1, 1, 1, 0, 0
1, 1, 0, 1, 1, 1, 1, 1, 1, 0
1, 1, 1, 0, 0, 0, 0, 0, 0, 0
1, 1, 1, 0, 0, 0, 0, 0, 1, 0
1, 1, 1, 0, 0, 0, 0, 1, 0, 0
1, 1, 1, 0, 0, 0, 0, 1, 1, 0
1, 1, 1, 0, 0, 0, 1, 0, 0, 0
1, 1, 1, 0, 0, 0, 1, 0, 1, 0
1, 1, 1, 0, 0, 0, 1, 1, 0, 0
1, 1, 1, 0, 0, 0, 1, 1, 1, 0
1, 1, 1, 0, 0, 1, 0, 0, 0, 0
1, 1, 1, 0, 0, 1, 0, 0, 1, 0
1, 1, 1, 0, 0, 1, 0, 1, 0, 0
1, 1, 1, 0, 0, 1, 0, 1, 1, 0
1, 1, 1, 0, 0, 1, 1, 0, 0, 0
1, 1, 1, 0, 0, 1, 1, 0, 1, 0
1, 1, 1, 0, 0, 1, 1, 1, 0, 0
1, 1, 1, 0, 0, 1, 1, 1, 1, 0
1, 1, 1, 0, 1, 0, 0, 0, 0, 0
1, 1, 1, 0, 1, 0, 0, 0, 1, 0
1, 1, 1, 0, 1, 0, 0, 1, 0, 0
1, 1, 1, 0, 1, 0, 0, 1, 1, 0
1, 1, 1, 0, 1, 0, 1, 0, 0, 0
1, 1, 1, 0, 1, 0, 1, 0, 1, 0
1, 1, 1, 0, 1, 0, 1, 1, 0, 0
1, 1, 1, 0, 1, 0, 1, 1, 1, 0
1, 1, 1, 0, 1, 1, 0, 0, 0, 1
1, 1, 1, 0, 1, 1, 0, 0, 1, 1
1, 1, 1, 0, 1, 1, 0, 1, 0, 0
1, 1, 1, 0, 1, 1, 0, 1, 1, 0
1, 1, 1, 0, 1, 1, 1, 0, 0, 1
1, 1, 1, 0, 1, 1, 1, 0, 1, 1
1, 1, 1, 0, 1, 1, 1, 1, 0, 0
1, 1, 1, 0, 1, 1, 1, 1, 1, 0
1, 1, 1, 1, 0, 0, 0, 0, 0, 0
1, 1, 1, 1, 0, 0, 0, 0, 1, 0
1, 1, 1, 1, 0, 0, 0, 1, 0, 0
1, 1, 1, 1, 0, 0, 0, 1, 1, 0
1, 1, 1, 1, 0, 0, 1, 0, 0, 0
1, 1, 1, 1, 0, 0, 1, 0, 1, 0
1, 1, 1, 1, 0, 0, 1, 1, 0, 0
1, 1, 1, 1, 0, 0, 1, 1, 1, 0
1, 1, 1, 1, 0, 1, 0, 0, 0, 0
1, 1, 1, 1, 0, 1, 0, 0, 1, 0
1, 1, 1, 1, 0, 1, 0, 1, 0, 0
1, 1, 1, 1, 0, 1, 0, 1, 1, 0
1, 1, 1, 1, 0, 1, 1, 0, 0, 0
1, 1, 1, 1, 0, 1, 1, 0, 1, 0
1, 1, 1, 1, 0, 1, 1, 1, 0, 0
1, 1, 1, 1, 0, 1, 1, 1, 1, 0
1, 1, 1, 1, 1, 0, 0, 0, 0, 0
1, 1, 1, 1, 1, 0, 0, 0, 1, 0
1, 1, 1, 1, 1, 0, 0, 1, 0, 0
1, 1, 1, 1, 1, 0, 0, 1, 1, 0
1, 1, 1, 1, 1, 0, 1, 0, 0, 0
1, 1, 1, 1, 1, 0, 1, 0, 1, 0
1, 1, 1, 1, 1, 0, 1, 1, 0, 0
1, 1, 1, 1, 1, 0, 1, 1, 1, 0
1, 1, 1, 1, 1, 1, 0, 0, 0, 1
1, 1, 1, 1, 1, 1, 0, 0, 1, 1
1, 1, 1, 1, 1, 1, 0, 1, 0, 0
1, 1, 1, 1, 1, 1, 0, 1, 1, 0
1, 1, 1, 1, 1, 1, 1, 0, 0, 1
1, 1, 1, 1, 1, 1, 1, 0, 1, 1
1, 1, 1, 1, 1, 1, 1, 1, 0, 0
1, 1, 1, 1, 1, 1, 1, 1, 1, 0
# erbb13 (Unable to generate the Truth Table. Too many inputs - Input limit = 10; number of inputs = 13.)
# erbb14 (Unable to generate the Truth Table. Too many inputs - Input limit = 10; number of inputs = 12.)
# erbb23 (bir, btc, epr, erbb2, erbb3, nrg1a, nrg1b, nrg2b, erbb23)
0, 0, 0, 0, 0, 0, 0, 0, 0
0, 0, 0, 0, 0, 0, 0, 1, 0
0, 0, 0, 0, 0, 0, 1, 0, 0
0, 0, 0, 0, 0, 0, 1, 1, 0
0, 0, 0, 0, 0, 1, 0, 0, 0
0, 0, 0, 0, 0, 1, 0, 1, 0
0, 0, 0, 0, 0, 1, 1, 0, 0
0, 0, 0, 0, 0, 1, 1, 1, 0
0, 0, 0, 0, 1, 0, 0, 0, 0
0, 0, 0, 0, 1, 0, 0, 1, 0
0, 0, 0, 0, 1, 0, 1, 0, 0
0, 0, 0, 0, 1, 0, 1, 1, 0
0, 0, 0, 0, 1, 1, 0, 0, 0
0, 0, 0, 0, 1, 1, 0, 1, 0
0, 0, 0, 0, 1, 1, 1, 0, 0
0, 0, 0, 0, 1, 1, 1, 1, 0
0, 0, 0, 1, 0, 0, 0, 0, 0
0, 0, 0, 1, 0, 0, 0, 1, 0
0, 0, 0, 1, 0, 0, 1, 0, 0
0, 0, 0, 1, 0, 0, 1, 1, 0
0, 0, 0, 1, 0, 1, 0, 0, 0
0, 0, 0, 1, 0, 1, 0, 1, 0
0, 0, 0, 1, 0, 1, 1, 0, 0
0, 0, 0, 1, 0, 1, 1, 1, 0
0, 0, 0, 1, 1, 0, 0, 0, 0
0, 0, 0, 1, 1, 0, 0, 1, 1
0, 0, 0, 1, 1, 0, 1, 0, 1
0, 0, 0, 1, 1, 0, 1, 1, 1
0, 0, 0, 1, 1, 1, 0, 0, 1
0, 0, 0, 1, 1, 1, 0, 1, 1
0, 0, 0, 1, 1, 1, 1, 0, 1
0, 0, 0, 1, 1, 1, 1, 1, 1
0, 0, 1, 0, 0, 0, 0, 0, 0
0, 0, 1, 0, 0, 0, 0, 1, 0
0, 0, 1, 0, 0, 0, 1, 0, 0
0, 0, 1, 0, 0, 0, 1, 1, 0
0, 0, 1, 0, 0, 1, 0, 0, 0
0, 0, 1, 0, 0, 1, 0, 1, 0
0, 0, 1, 0, 0, 1, 1, 0, 0
0, 0, 1, 0, 0, 1, 1, 1, 0
0, 0, 1, 0, 1, 0, 0, 0, 0
0, 0, 1, 0, 1, 0, 0, 1, 0
0, 0, 1, 0, 1, 0, 1, 0, 0
0, 0, 1, 0, 1, 0, 1, 1, 0
0, 0, 1, 0, 1, 1, 0, 0, 0
0, 0, 1, 0, 1, 1, 0, 1, 0
0, 0, 1, 0, 1, 1, 1, 0, 0
0, 0, 1, 0, 1, 1, 1, 1, 0
0, 0, 1, 1, 0, 0, 0, 0, 0
0, 0, 1, 1, 0, 0, 0, 1, 0
0, 0, 1, 1, 0, 0, 1, 0, 0
0, 0, 1, 1, 0, 0, 1, 1, 0
0, 0, 1, 1, 0, 1, 0, 0, 0
0, 0, 1, 1, 0, 1, 0, 1, 0
0, 0, 1, 1, 0, 1, 1, 0, 0
0, 0, 1, 1, 0, 1, 1, 1, 0
0, 0, 1, 1, 1, 0, 0, 0, 1
0, 0, 1, 1, 1, 0, 0, 1, 1
0, 0, 1, 1, 1, 0, 1, 0, 1
0, 0, 1, 1, 1, 0, 1, 1, 1
0, 0, 1, 1, 1, 1, 0, 0, 1
0, 0, 1, 1, 1, 1, 0, 1, 1
0, 0, 1, 1, 1, 1, 1, 0, 1
0, 0, 1, 1, 1, 1, 1, 1, 1
0, 1, 0, 0, 0, 0, 0, 0, 0
0, 1, 0, 0, 0, 0, 0, 1, 0
0, 1, 0, 0, 0, 0, 1, 0, 0
0, 1, 0, 0, 0, 0, 1, 1, 0
0, 1, 0, 0, 0, 1, 0, 0, 0
0, 1, 0, 0, 0, 1, 0, 1, 0
0, 1, 0, 0, 0, 1, 1, 0, 0
0, 1, 0, 0, 0, 1, 1, 1, 0
0, 1, 0, 0, 1, 0, 0, 0, 0
0, 1, 0, 0, 1, 0, 0, 1, 0
0, 1, 0, 0, 1, 0, 1, 0, 0
0, 1, 0, 0, 1, 0, 1, 1, 0
0, 1, 0, 0, 1, 1, 0, 0, 0
0, 1, 0, 0, 1, 1, 0, 1, 0
0, 1, 0, 0, 1, 1, 1, 0, 0
0, 1, 0, 0, 1, 1, 1, 1, 0
0, 1, 0, 1, 0, 0, 0, 0, 0
0, 1, 0, 1, 0, 0, 0, 1, 0
0, 1, 0, 1, 0, 0, 1, 0, 0
0, 1, 0, 1, 0, 0, 1, 1, 0
0, 1, 0, 1, 0, 1, 0, 0, 0
0, 1, 0, 1, 0, 1, 0, 1, 0
0, 1, 0, 1, 0, 1, 1, 0, 0
0, 1, 0, 1, 0, 1, 1, 1, 0
0, 1, 0, 1, 1, 0, 0, 0, 1
0, 1, 0, 1, 1, 0, 0, 1, 1
0, 1, 0, 1, 1, 0, 1, 0, 1
0, 1, 0, 1, 1, 0, 1, 1, 1
0, 1, 0, 1, 1, 1, 0, 0, 1
0, 1, 0, 1, 1, 1, 0, 1, 1
0, 1, 0, 1, 1, 1, 1, 0, 1
0, 1, 0, 1, 1, 1, 1, 1, 1
0, 1, 1, 0, 0, 0, 0, 0, 0
0, 1, 1, 0, 0, 0, 0, 1, 0
0, 1, 1, 0, 0, 0, 1, 0, 0
0, 1, 1, 0, 0, 0, 1, 1, 0
0, 1, 1, 0, 0, 1, 0, 0, 0
0, 1, 1, 0, 0, 1, 0, 1, 0
0, 1, 1, 0, 0, 1, 1, 0, 0
0, 1, 1, 0, 0, 1, 1, 1, 0
0, 1, 1, 0, 1, 0, 0, 0, 0
0, 1, 1, 0, 1, 0, 0, 1, 0
0, 1, 1, 0, 1, 0, 1, 0, 0
0, 1, 1, 0, 1, 0, 1, 1, 0
0, 1, 1, 0, 1, 1, 0, 0, 0
0, 1, 1, 0, 1, 1, 0, 1, 0
0, 1, 1, 0, 1, 1, 1, 0, 0
0, 1, 1, 0, 1, 1, 1, 1, 0
0, 1, 1, 1, 0, 0, 0, 0, 0
0, 1, 1, 1, 0, 0, 0, 1, 0
0, 1, 1, 1, 0, 0, 1, 0, 0
0, 1, 1, 1, 0, 0, 1, 1, 0
0, 1, 1, 1, 0, 1, 0, 0, 0
0, 1, 1, 1, 0, 1, 0, 1, 0
0, 1, 1, 1, 0, 1, 1, 0, 0
0, 1, 1, 1, 0, 1, 1, 1, 0
0, 1, 1, 1, 1, 0, 0, 0, 1
0, 1, 1, 1, 1, 0, 0, 1, 1
0, 1, 1, 1, 1, 0, 1, 0, 1
0, 1, 1, 1, 1, 0, 1, 1, 1
0, 1, 1, 1, 1, 1, 0, 0, 1
0, 1, 1, 1, 1, 1, 0, 1, 1
0, 1, 1, 1, 1, 1, 1, 0, 1
0, 1, 1, 1, 1, 1, 1, 1, 1
1, 0, 0, 0, 0, 0, 0, 0, 0
1, 0, 0, 0, 0, 0, 0, 1, 0
1, 0, 0, 0, 0, 0, 1, 0, 0
1, 0, 0, 0, 0, 0, 1, 1, 0
1, 0, 0, 0, 0, 1, 0, 0, 0
1, 0, 0, 0, 0, 1, 0, 1, 0
1, 0, 0, 0, 0, 1, 1, 0, 0
1, 0, 0, 0, 0, 1, 1, 1, 0
1, 0, 0, 0, 1, 0, 0, 0, 0
1, 0, 0, 0, 1, 0, 0, 1, 0
1, 0, 0, 0, 1, 0, 1, 0, 0
1, 0, 0, 0, 1, 0, 1, 1, 0
1, 0, 0, 0, 1, 1, 0, 0, 0
1, 0, 0, 0, 1, 1, 0, 1, 0
1, 0, 0, 0, 1, 1, 1, 0, 0
1, 0, 0, 0, 1, 1, 1, 1, 0
1, 0, 0, 1, 0, 0, 0, 0, 0
1, 0, 0, 1, 0, 0, 0, 1, 0
1, 0, 0, 1, 0, 0, 1, 0, 0
1, 0, 0, 1, 0, 0, 1, 1, 0
1, 0, 0, 1, 0, 1, 0, 0, 0
1, 0, 0, 1, 0, 1, 0, 1, 0
1, 0, 0, 1, 0, 1, 1, 0, 0
1, 0, 0, 1, 0, 1, 1, 1, 0
1, 0, 0, 1, 1, 0, 0, 0, 1
1, 0, 0, 1, 1, 0, 0, 1, 1
1, 0, 0, 1, 1, 0, 1, 0, 1
1, 0, 0, 1, 1, 0, 1, 1, 1
1, 0, 0, 1, 1, 1, 0, 0, 1
1, 0, 0, 1, 1, 1, 0, 1, 1
1, 0, 0, 1, 1, 1, 1, 0, 1
1, 0, 0, 1, 1, 1, 1, 1, 1
1, 0, 1, 0, 0, 0, 0, 0, 0
1, 0, 1, 0, 0, 0, 0, 1, 0
1, 0, 1, 0, 0, 0, 1, 0, 0
1, 0, 1, 0, 0, 0, 1, 1, 0
1, 0, 1, 0, 0, 1, 0, 0, 0
1, 0, 1, 0, 0, 1, 0, 1, 0
1, 0, 1, 0, 0, 1, 1, 0, 0
1, 0, 1, 0, 0, 1, 1, 1, 0
1, 0, 1, 0, 1, 0, 0, 0, 0
1, 0, 1, 0, 1, 0, 0, 1, 0
1, 0, 1, 0, 1, 0, 1, 0, 0
1, 0, 1, 0, 1, 0, 1, 1, 0
1, 0, 1, 0, 1, 1, 0, 0, 0
1, 0, 1, 0, 1, 1, 0, 1, 0
1, 0, 1, 0, 1, 1, 1, 0, 0
1, 0, 1, 0, 1, 1, 1, 1, 0
1, 0, 1, 1, 0, 0, 0, 0, 0
1, 0, 1, 1, 0, 0, 0, 1, 0
1, 0, 1, 1, 0, 0, 1, 0, 0
1, 0, 1, 1, 0, 0, 1, 1, 0
1, 0, 1, 1, 0, 1, 0, 0, 0
1, 0, 1, 1, 0, 1, 0, 1, 0
1, 0, 1, 1, 0, 1, 1, 0, 0
1, 0, 1, 1, 0, 1, 1, 1, 0
1, 0, 1, 1, 1, 0, 0, 0, 1
1, 0, 1, 1, 1, 0, 0, 1, 1
1, 0, 1, 1, 1, 0, 1, 0, 1
1, 0, 1, 1, 1, 0, 1, 1, 1
1, 0, 1, 1, 1, 1, 0, 0, 1
1, 0, 1, 1, 1, 1, 0, 1, 1
1, 0, 1, 1, 1, 1, 1, 0, 1
1, 0, 1, 1, 1, 1, 1, 1, 1
1, 1, 0, 0, 0, 0, 0, 0, 0
1, 1, 0, 0, 0, 0, 0, 1, 0
1, 1, 0, 0, 0, 0, 1, 0, 0
1, 1, 0, 0, 0, 0, 1, 1, 0
1, 1, 0, 0, 0, 1, 0, 0, 0
1, 1, 0, 0, 0, 1, 0, 1, 0
1, 1, 0, 0, 0, 1, 1, 0, 0
1, 1, 0, 0, 0, 1, 1, 1, 0
1, 1, 0, 0, 1, 0, 0, 0, 0
1, 1, 0, 0, 1, 0, 0, 1, 0
1, 1, 0, 0, 1, 0, 1, 0, 0
1, 1, 0, 0, 1, 0, 1, 1, 0
1, 1, 0, 0, 1, 1, 0, 0, 0
1, 1, 0, 0, 1, 1, 0, 1, 0
1, 1, 0, 0, 1, 1, 1, 0, 0
1, 1, 0, 0, 1, 1, 1, 1, 0
1, 1, 0, 1, 0, 0, 0, 0, 0
1, 1, 0, 1, 0, 0, 0, 1, 0
1, 1, 0, 1, 0, 0, 1, 0, 0
1, 1, 0, 1, 0, 0, 1, 1, 0
1, 1, 0, 1, 0, 1, 0, 0, 0
1, 1, 0, 1, 0, 1, 0, 1, 0
1, 1, 0, 1, 0, 1, 1, 0, 0
1, 1, 0, 1, 0, 1, 1, 1, 0
1, 1, 0, 1, 1, 0, 0, 0, 1
1, 1, 0, 1, 1, 0, 0, 1, 1
1, 1, 0, 1, 1, 0, 1, 0, 1
1, 1, 0, 1, 1, 0, 1, 1, 1
1, 1, 0, 1, 1, 1, 0, 0, 1
1, 1, 0, 1, 1, 1, 0, 1, 1
1, 1, 0, 1, 1, 1, 1, 0, 1
1, 1, 0, 1, 1, 1, 1, 1, 1
1, 1, 1, 0, 0, 0, 0, 0, 0
1, 1, 1, 0, 0, 0, 0, 1, 0
1, 1, 1, 0, 0, 0, 1, 0, 0
1, 1, 1, 0, 0, 0, 1, 1, 0
1, 1, 1, 0, 0, 1, 0, 0, 0
1, 1, 1, 0, 0, 1, 0, 1, 0
1, 1, 1, 0, 0, 1, 1, 0, 0
1, 1, 1, 0, 0, 1, 1, 1, 0
1, 1, 1, 0, 1, 0, 0, 0, 0
1, 1, 1, 0, 1, 0, 0, 1, 0
1, 1, 1, 0, 1, 0, 1, 0, 0
1, 1, 1, 0, 1, 0, 1, 1, 0
1, 1, 1, 0, 1, 1, 0, 0, 0
1, 1, 1, 0, 1, 1, 0, 1, 0
1, 1, 1, 0, 1, 1, 1, 0, 0
1, 1, 1, 0, 1, 1, 1, 1, 0
1, 1, 1, 1, 0, 0, 0, 0, 0
1, 1, 1, 1, 0, 0, 0, 1, 0
1, 1, 1, 1, 0, 0, 1, 0, 0
1, 1, 1, 1, 0, 0, 1, 1, 0
1, 1, 1, 1, 0, 1, 0, 0, 0
1, 1, 1, 1, 0, 1, 0, 1, 0
1, 1, 1, 1, 0, 1, 1, 0, 0
1, 1, 1, 1, 0, 1, 1, 1, 0
1, 1, 1, 1, 1, 0, 0, 0, 1
1, 1, 1, 1, 1, 0, 0, 1, 1
1, 1, 1, 1, 1, 0, 1, 0, 1
1, 1, 1, 1, 1, 0, 1, 1, 1
1, 1, 1, 1, 1, 1, 0, 0, 1
1, 1, 1, 1, 1, 1, 0, 1, 1
1, 1, 1, 1, 1, 1, 1, 0, 1
1, 1, 1, 1, 1, 1, 1, 1, 1
# erbb24 (Unable to generate the Truth Table. Too many inputs - Input limit = 10; number of inputs = 15.)
# erbb34 (erbb2, erbb3, erbb4, nrg1a, nrg1b, nrg2a, nrg2b, erbb34)
0, 0, 0, 0, 0, 0, 0, 0
0, 0, 0, 0, 0, 0, 1, 0
0, 0, 0, 0, 0, 1, 0, 0
0, 0, 0, 0, 0, 1, 1, 0
0, 0, 0, 0, 1, 0, 0, 0
0, 0, 0, 0, 1, 0, 1, 0
0, 0, 0, 0, 1, 1, 0, 0
0, 0, 0, 0, 1, 1, 1, 0
0, 0, 0, 1, 0, 0, 0, 0
0, 0, 0, 1, 0, 0, 1, 0
0, 0, 0, 1, 0, 1, 0, 0
0, 0, 0, 1, 0, 1, 1, 0
0, 0, 0, 1, 1, 0, 0, 0
0, 0, 0, 1, 1, 0, 1, 0
0, 0, 0, 1, 1, 1, 0, 0
0, 0, 0, 1, 1, 1, 1, 0
0, 0, 1, 0, 0, 0, 0, 0
0, 0, 1, 0, 0, 0, 1, 0
0, 0, 1, 0, 0, 1, 0, 0
0, 0, 1, 0, 0, 1, 1, 0
0, 0, 1, 0, 1, 0, 0, 0
0, 0, 1, 0, 1, 0, 1, 0
0, 0, 1, 0, 1, 1, 0, 0
0, 0, 1, 0, 1, 1, 1, 0
0, 0, 1, 1, 0, 0, 0, 0
0, 0, 1, 1, 0, 0, 1, 0
0, 0, 1, 1, 0, 1, 0, 0
0, 0, 1, 1, 0, 1, 1, 0
0, 0, 1, 1, 1, 0, 0, 0
0, 0, 1, 1, 1, 0, 1, 0
0, 0, 1, 1, 1, 1, 0, 0
0, 0, 1, 1, 1, 1, 1, 0
0, 1, 0, 0, 0, 0, 0, 0
0, 1, 0, 0, 0, 0, 1, 0
0, 1, 0, 0, 0, 1, 0, 0
0, 1, 0, 0, 0, 1, 1, 0
0, 1, 0, 0, 1, 0, 0, 0
0, 1, 0, 0, 1, 0, 1, 0
0, 1, 0, 0, 1, 1, 0, 0
0, 1, 0, 0, 1, 1, 1, 0
0, 1, 0, 1, 0, 0, 0, 0
0, 1, 0, 1, 0, 0, 1, 0
0, 1, 0, 1, 0, 1, 0, 0
0, 1, 0, 1, 0, 1, 1, 0
0, 1, 0, 1, 1, 0, 0, 0
0, 1, 0, 1, 1, 0, 1, 0
0, 1, 0, 1, 1, 1, 0, 0
0, 1, 0, 1, 1, 1, 1, 0
0, 1, 1, 0, 0, 0, 0, 0
0, 1, 1, 0, 0, 0, 1, 1
0, 1, 1, 0, 0, 1, 0, 1
0, 1, 1, 0, 0, 1, 1, 1
0, 1, 1, 0, 1, 0, 0, 1
0, 1, 1, 0, 1, 0, 1, 1
0, 1, 1, 0, 1, 1, 0, 1
0, 1, 1, 0, 1, 1, 1, 1
0, 1, 1, 1, 0, 0, 0, 1
0, 1, 1, 1, 0, 0, 1, 1
0, 1, 1, 1, 0, 1, 0, 1
0, 1, 1, 1, 0, 1, 1, 1
0, 1, 1, 1, 1, 0, 0, 1
0, 1, 1, 1, 1, 0, 1, 1
0, 1, 1, 1, 1, 1, 0, 1
0, 1, 1, 1, 1, 1, 1, 1
1, 0, 0, 0, 0, 0, 0, 0
1, 0, 0, 0, 0, 0, 1, 0
1, 0, 0, 0, 0, 1, 0, 0
1, 0, 0, 0, 0, 1, 1, 0
1, 0, 0, 0, 1, 0, 0, 0
1, 0, 0, 0, 1, 0, 1, 0
1, 0, 0, 0, 1, 1, 0, 0
1, 0, 0, 0, 1, 1, 1, 0
1, 0, 0, 1, 0, 0, 0, 0
1, 0, 0, 1, 0, 0, 1, 0
1, 0, 0, 1, 0, 1, 0, 0
1, 0, 0, 1, 0, 1, 1, 0
1, 0, 0, 1, 1, 0, 0, 0
1, 0, 0, 1, 1, 0, 1, 0
1, 0, 0, 1, 1, 1, 0, 0
1, 0, 0, 1, 1, 1, 1, 0
1, 0, 1, 0, 0, 0, 0, 0
1, 0, 1, 0, 0, 0, 1, 0
1, 0, 1, 0, 0, 1, 0, 0
1, 0, 1, 0, 0, 1, 1, 0
1, 0, 1, 0, 1, 0, 0, 0
1, 0, 1, 0, 1, 0, 1, 0
1, 0, 1, 0, 1, 1, 0, 0
1, 0, 1, 0, 1, 1, 1, 0
1, 0, 1, 1, 0, 0, 0, 0
1, 0, 1, 1, 0, 0, 1, 0
1, 0, 1, 1, 0, 1, 0, 0
1, 0, 1, 1, 0, 1, 1, 0
1, 0, 1, 1, 1, 0, 0, 0
1, 0, 1, 1, 1, 0, 1, 0
1, 0, 1, 1, 1, 1, 0, 0
1, 0, 1, 1, 1, 1, 1, 0
1, 1, 0, 0, 0, 0, 0, 0
1, 1, 0, 0, 0, 0, 1, 0
1, 1, 0, 0, 0, 1, 0, 0
1, 1, 0, 0, 0, 1, 1, 0
1, 1, 0, 0, 1, 0, 0, 0
1, 1, 0, 0, 1, 0, 1, 0
1, 1, 0, 0, 1, 1, 0, 0
1, 1, 0, 0, 1, 1, 1, 0
1, 1, 0, 1, 0, 0, 0, 0
1, 1, 0, 1, 0, 0, 1, 0
1, 1, 0, 1, 0, 1, 0, 0
1, 1, 0, 1, 0, 1, 1, 0
1, 1, 0, 1, 1, 0, 0, 0
1, 1, 0, 1, 1, 0, 1, 0
1, 1, 0, 1, 1, 1, 0, 0
1, 1, 0, 1, 1, 1, 1, 0
1, 1, 1, 0, 0, 0, 0, 0
1, 1, 1, 0, 0, 0, 1, 0
1, 1, 1, 0, 0, 1, 0, 0
1, 1, 1, 0, 0, 1, 1, 0
1, 1, 1, 0, 1, 0, 0, 0
1, 1, 1, 0, 1, 0, 1, 0
1, 1, 1, 0, 1, 1, 0, 0
1, 1, 1, 0, 1, 1, 1, 0
1, 1, 1, 1, 0, 0, 0, 0
1, 1, 1, 1, 0, 0, 1, 0
1, 1, 1, 1, 0, 1, 0, 0
1, 1, 1, 1, 0, 1, 1, 0
1, 1, 1, 1, 1, 0, 0, 0
1, 1, 1, 1, 1, 0, 1, 0
1, 1, 1, 1, 1, 1, 0, 0
1, 1, 1, 1, 1, 1, 1, 0
# erbb44 (bir, btc, erbb4, nrg1a, nrg1b, nrg2b, nrg3, nrg4, erbb44)
0, 0, 0, 0, 0, 0, 0, 0, 0
0, 0, 0, 0, 0, 0, 0, 1, 0
0, 0, 0, 0, 0, 0, 1, 0, 0
0, 0, 0, 0, 0, 0, 1, 1, 0
0, 0, 0, 0, 0, 1, 0, 0, 0
0, 0, 0, 0, 0, 1, 0, 1, 0
0, 0, 0, 0, 0, 1, 1, 0, 0
0, 0, 0, 0, 0, 1, 1, 1, 0
0, 0, 0, 0, 1, 0, 0, 0, 0
0, 0, 0, 0, 1, 0, 0, 1, 0
0, 0, 0, 0, 1, 0, 1, 0, 0
0, 0, 0, 0, 1, 0, 1, 1, 0
0, 0, 0, 0, 1, 1, 0, 0, 0
0, 0, 0, 0, 1, 1, 0, 1, 0
0, 0, 0, 0, 1, 1, 1, 0, 0
0, 0, 0, 0, 1, 1, 1, 1, 0
0, 0, 0, 1, 0, 0, 0, 0, 0
0, 0, 0, 1, 0, 0, 0, 1, 0
0, 0, 0, 1, 0, 0, 1, 0, 0
0, 0, 0, 1, 0, 0, 1, 1, 0
0, 0, 0, 1, 0, 1, 0, 0, 0
0, 0, 0, 1, 0, 1, 0, 1, 0
0, 0, 0, 1, 0, 1, 1, 0, 0
0, 0, 0, 1, 0, 1, 1, 1, 0
0, 0, 0, 1, 1, 0, 0, 0, 0
0, 0, 0, 1, 1, 0, 0, 1, 0
0, 0, 0, 1, 1, 0, 1, 0, 0
0, 0, 0, 1, 1, 0, 1, 1, 0
0, 0, 0, 1, 1, 1, 0, 0, 0
0, 0, 0, 1, 1, 1, 0, 1, 0
0, 0, 0, 1, 1, 1, 1, 0, 0
0, 0, 0, 1, 1, 1, 1, 1, 0
0, 0, 1, 0, 0, 0, 0, 0, 0
0, 0, 1, 0, 0, 0, 0, 1, 1
0, 0, 1, 0, 0, 0, 1, 0, 1
0, 0, 1, 0, 0, 0, 1, 1, 1
0, 0, 1, 0, 0, 1, 0, 0, 1
0, 0, 1, 0, 0, 1, 0, 1, 1
0, 0, 1, 0, 0, 1, 1, 0, 1
0, 0, 1, 0, 0, 1, 1, 1, 1
0, 0, 1, 0, 1, 0, 0, 0, 1
0, 0, 1, 0, 1, 0, 0, 1, 1
0, 0, 1, 0, 1, 0, 1, 0, 1
0, 0, 1, 0, 1, 0, 1, 1, 1
0, 0, 1, 0, 1, 1, 0, 0, 1
0, 0, 1, 0, 1, 1, 0, 1, 1
0, 0, 1, 0, 1, 1, 1, 0, 1
0, 0, 1, 0, 1, 1, 1, 1, 1
0, 0, 1, 1, 0, 0, 0, 0, 1
0, 0, 1, 1, 0, 0, 0, 1, 1
0, 0, 1, 1, 0, 0, 1, 0, 1
0, 0, 1, 1, 0, 0, 1, 1, 1
0, 0, 1, 1, 0, 1, 0, 0, 1
0, 0, 1, 1, 0, 1, 0, 1, 1
0, 0, 1, 1, 0, 1, 1, 0, 1
0, 0, 1, 1, 0, 1, 1, 1, 1
0, 0, 1, 1, 1, 0, 0, 0, 1
0, 0, 1, 1, 1, 0, 0, 1, 1
0, 0, 1, 1, 1, 0, 1, 0, 1
0, 0, 1, 1, 1, 0, 1, 1, 1
0, 0, 1, 1, 1, 1, 0, 0, 1
0, 0, 1, 1, 1, 1, 0, 1, 1
0, 0, 1, 1, 1, 1, 1, 0, 1
0, 0, 1, 1, 1, 1, 1, 1, 1
0, 1, 0, 0, 0, 0, 0, 0, 0
0, 1, 0, 0, 0, 0, 0, 1, 0
0, 1, 0, 0, 0, 0, 1, 0, 0
0, 1, 0, 0, 0, 0, 1, 1, 0
0, 1, 0, 0, 0, 1, 0, 0, 0
0, 1, 0, 0, 0, 1, 0, 1, 0
0, 1, 0, 0, 0, 1, 1, 0, 0
0, 1, 0, 0, 0, 1, 1, 1, 0
0, 1, 0, 0, 1, 0, 0, 0, 0
0, 1, 0, 0, 1, 0, 0, 1, 0
0, 1, 0, 0, 1, 0, 1, 0, 0
0, 1, 0, 0, 1, 0, 1, 1, 0
0, 1, 0, 0, 1, 1, 0, 0, 0
0, 1, 0, 0, 1, 1, 0, 1, 0
0, 1, 0, 0, 1, 1, 1, 0, 0
0, 1, 0, 0, 1, 1, 1, 1, 0
0, 1, 0, 1, 0, 0, 0, 0, 0
0, 1, 0, 1, 0, 0, 0, 1, 0
0, 1, 0, 1, 0, 0, 1, 0, 0
0, 1, 0, 1, 0, 0, 1, 1, 0
0, 1, 0, 1, 0, 1, 0, 0, 0
0, 1, 0, 1, 0, 1, 0, 1, 0
0, 1, 0, 1, 0, 1, 1, 0, 0
0, 1, 0, 1, 0, 1, 1, 1, 0
0, 1, 0, 1, 1, 0, 0, 0, 0
0, 1, 0, 1, 1, 0, 0, 1, 0
0, 1, 0, 1, 1, 0, 1, 0, 0
0, 1, 0, 1, 1, 0, 1, 1, 0
0, 1, 0, 1, 1, 1, 0, 0, 0
0, 1, 0, 1, 1, 1, 0, 1, 0
0, 1, 0, 1, 1, 1, 1, 0, 0
0, 1, 0, 1, 1, 1, 1, 1, 0
0, 1, 1, 0, 0, 0, 0, 0, 1
0, 1, 1, 0, 0, 0, 0, 1, 1
0, 1, 1, 0, 0, 0, 1, 0, 1
0, 1, 1, 0, 0, 0, 1, 1, 1
0, 1, 1, 0, 0, 1, 0, 0, 1
0, 1, 1, 0, 0, 1, 0, 1, 1
0, 1, 1, 0, 0, 1, 1, 0, 1
0, 1, 1, 0, 0, 1, 1, 1, 1
0, 1, 1, 0, 1, 0, 0, 0, 1
0, 1, 1, 0, 1, 0, 0, 1, 1
0, 1, 1, 0, 1, 0, 1, 0, 1
0, 1, 1, 0, 1, 0, 1, 1, 1
0, 1, 1, 0, 1, 1, 0, 0, 1
0, 1, 1, 0, 1, 1, 0, 1, 1
0, 1, 1, 0, 1, 1, 1, 0, 1
0, 1, 1, 0, 1, 1, 1, 1, 1
0, 1, 1, 1, 0, 0, 0, 0, 1
0, 1, 1, 1, 0, 0, 0, 1, 1
0, 1, 1, 1, 0, 0, 1, 0, 1
0, 1, 1, 1, 0, 0, 1, 1, 1
0, 1, 1, 1, 0, 1, 0, 0, 1
0, 1, 1, 1, 0, 1, 0, 1, 1
0, 1, 1, 1, 0, 1, 1, 0, 1
0, 1, 1, 1, 0, 1, 1, 1, 1
0, 1, 1, 1, 1, 0, 0, 0, 1
0, 1, 1, 1, 1, 0, 0, 1, 1
0, 1, 1, 1, 1, 0, 1, 0, 1
0, 1, 1, 1, 1, 0, 1, 1, 1
0, 1, 1, 1, 1, 1, 0, 0, 1
0, 1, 1, 1, 1, 1, 0, 1, 1
0, 1, 1, 1, 1, 1, 1, 0, 1
0, 1, 1, 1, 1, 1, 1, 1, 1
1, 0, 0, 0, 0, 0, 0, 0, 0
1, 0, 0, 0, 0, 0, 0, 1, 0
1, 0, 0, 0, 0, 0, 1, 0, 0
1, 0, 0, 0, 0, 0, 1, 1, 0
1, 0, 0, 0, 0, 1, 0, 0, 0
1, 0, 0, 0, 0, 1, 0, 1, 0
1, 0, 0, 0, 0, 1, 1, 0, 0
1, 0, 0, 0, 0, 1, 1, 1, 0
1, 0, 0, 0, 1, 0, 0, 0, 0
1, 0, 0, 0, 1, 0, 0, 1, 0
1, 0, 0, 0, 1, 0, 1, 0, 0
1, 0, 0, 0, 1, 0, 1, 1, 0
1, 0, 0, 0, 1, 1, 0, 0, 0
1, 0, 0, 0, 1, 1, 0, 1, 0
1, 0, 0, 0, 1, 1, 1, 0, 0
1, 0, 0, 0, 1, 1, 1, 1, 0
1, 0, 0, 1, 0, 0, 0, 0, 0
1, 0, 0, 1, 0, 0, 0, 1, 0
1, 0, 0, 1, 0, 0, 1, 0, 0
1, 0, 0, 1, 0, 0, 1, 1, 0
1, 0, 0, 1, 0, 1, 0, 0, 0
1, 0, 0, 1, 0, 1, 0, 1, 0
1, 0, 0, 1, 0, 1, 1, 0, 0
1, 0, 0, 1, 0, 1, 1, 1, 0
1, 0, 0, 1, 1, 0, 0, 0, 0
1, 0, 0, 1, 1, 0, 0, 1, 0
1, 0, 0, 1, 1, 0, 1, 0, 0
1, 0, 0, 1, 1, 0, 1, 1, 0
1, 0, 0, 1, 1, 1, 0, 0, 0
1, 0, 0, 1, 1, 1, 0, 1, 0
1, 0, 0, 1, 1, 1, 1, 0, 0
1, 0, 0, 1, 1, 1, 1, 1, 0
1, 0, 1, 0, 0, 0, 0, 0, 1
1, 0, 1, 0, 0, 0, 0, 1, 1
1, 0, 1, 0, 0, 0, 1, 0, 1
1, 0, 1, 0, 0, 0, 1, 1, 1
1, 0, 1, 0, 0, 1, 0, 0, 1
1, 0, 1, 0, 0, 1, 0, 1, 1
1, 0, 1, 0, 0, 1, 1, 0, 1
1, 0, 1, 0, 0, 1, 1, 1, 1
1, 0, 1, 0, 1, 0, 0, 0, 1
1, 0, 1, 0, 1, 0, 0, 1, 1
1, 0, 1, 0, 1, 0, 1, 0, 1
1, 0, 1, 0, 1, 0, 1, 1, 1
1, 0, 1, 0, 1, 1, 0, 0, 1
1, 0, 1, 0, 1, 1, 0, 1, 1
1, 0, 1, 0, 1, 1, 1, 0, 1
1, 0, 1, 0, 1, 1, 1, 1, 1
1, 0, 1, 1, 0, 0, 0, 0, 1
1, 0, 1, 1, 0, 0, 0, 1, 1
1, 0, 1, 1, 0, 0, 1, 0, 1
1, 0, 1, 1, 0, 0, 1, 1, 1
1, 0, 1, 1, 0, 1, 0, 0, 1
1, 0, 1, 1, 0, 1, 0, 1, 1
1, 0, 1, 1, 0, 1, 1, 0, 1
1, 0, 1, 1, 0, 1, 1, 1, 1
1, 0, 1, 1, 1, 0, 0, 0, 1
1, 0, 1, 1, 1, 0, 0, 1, 1
1, 0, 1, 1, 1, 0, 1, 0, 1
1, 0, 1, 1, 1, 0, 1, 1, 1
1, 0, 1, 1, 1, 1, 0, 0, 1
1, 0, 1, 1, 1, 1, 0, 1, 1
1, 0, 1, 1, 1, 1, 1, 0, 1
1, 0, 1, 1, 1, 1, 1, 1, 1
1, 1, 0, 0, 0, 0, 0, 0, 0
1, 1, 0, 0, 0, 0, 0, 1, 0
1, 1, 0, 0, 0, 0, 1, 0, 0
1, 1, 0, 0, 0, 0, 1, 1, 0
1, 1, 0, 0, 0, 1, 0, 0, 0
1, 1, 0, 0, 0, 1, 0, 1, 0
1, 1, 0, 0, 0, 1, 1, 0, 0
1, 1, 0, 0, 0, 1, 1, 1, 0
1, 1, 0, 0, 1, 0, 0, 0, 0
1, 1, 0, 0, 1, 0, 0, 1, 0
1, 1, 0, 0, 1, 0, 1, 0, 0
1, 1, 0, 0, 1, 0, 1, 1, 0
1, 1, 0, 0, 1, 1, 0, 0, 0
1, 1, 0, 0, 1, 1, 0, 1, 0
1, 1, 0, 0, 1, 1, 1, 0, 0
1, 1, 0, 0, 1, 1, 1, 1, 0
1, 1, 0, 1, 0, 0, 0, 0, 0
1, 1, 0, 1, 0, 0, 0, 1, 0
1, 1, 0, 1, 0, 0, 1, 0, 0
1, 1, 0, 1, 0, 0, 1, 1, 0
1, 1, 0, 1, 0, 1, 0, 0, 0
1, 1, 0, 1, 0, 1, 0, 1, 0
1, 1, 0, 1, 0, 1, 1, 0, 0
1, 1, 0, 1, 0, 1, 1, 1, 0
1, 1, 0, 1, 1, 0, 0, 0, 0
1, 1, 0, 1, 1, 0, 0, 1, 0
1, 1, 0, 1, 1, 0, 1, 0, 0
1, 1, 0, 1, 1, 0, 1, 1, 0
1, 1, 0, 1, 1, 1, 0, 0, 0
1, 1, 0, 1, 1, 1, 0, 1, 0
1, 1, 0, 1, 1, 1, 1, 0, 0
1, 1, 0, 1, 1, 1, 1, 1, 0
1, 1, 1, 0, 0, 0, 0, 0, 1
1, 1, 1, 0, 0, 0, 0, 1, 1
1, 1, 1, 0, 0, 0, 1, 0, 1
1, 1, 1, 0, 0, 0, 1, 1, 1
1, 1, 1, 0, 0, 1, 0, 0, 1
1, 1, 1, 0, 0, 1, 0, 1, 1
1, 1, 1, 0, 0, 1, 1, 0, 1
1, 1, 1, 0, 0, 1, 1, 1, 1
1, 1, 1, 0, 1, 0, 0, 0, 1
1, 1, 1, 0, 1, 0, 0, 1, 1
1, 1, 1, 0, 1, 0, 1, 0, 1
1, 1, 1, 0, 1, 0, 1, 1, 1
1, 1, 1, 0, 1, 1, 0, 0, 1
1, 1, 1, 0, 1, 1, 0, 1, 1
1, 1, 1, 0, 1, 1, 1, 0, 1
1, 1, 1, 0, 1, 1, 1, 1, 1
1, 1, 1, 1, 0, 0, 0, 0, 1
1, 1, 1, 1, 0, 0, 0, 1, 1
1, 1, 1, 1, 0, 0, 1, 0, 1
1, 1, 1, 1, 0, 0, 1, 1, 1
1, 1, 1, 1, 0, 1, 0, 0, 1
1, 1, 1, 1, 0, 1, 0, 1, 1
1, 1, 1, 1, 0, 1, 1, 0, 1
1, 1, 1, 1, 0, 1, 1, 1, 1
1, 1, 1, 1, 1, 0, 0, 0, 1
1, 1, 1, 1, 1, 0, 0, 1, 1
1, 1, 1, 1, 1, 0, 1, 0, 1
1, 1, 1, 1, 1, 0, 1, 1, 1
1, 1, 1, 1, 1, 1, 0, 0, 1
1, 1, 1, 1, 1, 1, 0, 1, 1
1, 1, 1, 1, 1, 1, 1, 0, 1
1, 1, 1, 1, 1, 1, 1, 1, 1
# erk12 (mek12, erk12)
0, 0
1, 1
# gab1 (erbb11, grb2, pip3, gab1)
0, 0, 0, 0
0, 0, 1, 1
0, 1, 0, 1
0, 1, 1, 1
1, 0, 0, 1
1, 0, 1, 1
1, 1, 0, 1
1, 1, 1, 1
# grb2 (erbb11, erbb12, erbb13, erbb14, erbb23, erbb24, erbb34, erbb44, shc, grb2)
0, 0, 0, 0, 0, 0, 0, 0, 0, 0
0, 0, 0, 0, 0, 0, 0, 0, 1, 1
0, 0, 0, 0, 0, 0, 0, 1, 0, 1
0, 0, 0, 0, 0, 0, 0, 1, 1, 1
0, 0, 0, 0, 0, 0, 1, 0, 0, 1
0, 0, 0, 0, 0, 0, 1, 0, 1, 1
0, 0, 0, 0, 0, 0, 1, 1, 0, 1
0, 0, 0, 0, 0, 0, 1, 1, 1, 1
0, 0, 0, 0, 0, 1, 0, 0, 0, 1
0, 0, 0, 0, 0, 1, 0, 0, 1, 1
0, 0, 0, 0, 0, 1, 0, 1, 0, 1
0, 0, 0, 0, 0, 1, 0, 1, 1, 1
0, 0, 0, 0, 0, 1, 1, 0, 0, 1
0, 0, 0, 0, 0, 1, 1, 0, 1, 1
0, 0, 0, 0, 0, 1, 1, 1, 0, 1
0, 0, 0, 0, 0, 1, 1, 1, 1, 1
0, 0, 0, 0, 1, 0, 0, 0, 0, 1
0, 0, 0, 0, 1, 0, 0, 0, 1, 1
0, 0, 0, 0, 1, 0, 0, 1, 0, 1
0, 0, 0, 0, 1, 0, 0, 1, 1, 1
0, 0, 0, 0, 1, 0, 1, 0, 0, 1
0, 0, 0, 0, 1, 0, 1, 0, 1, 1
0, 0, 0, 0, 1, 0, 1, 1, 0, 1
0, 0, 0, 0, 1, 0, 1, 1, 1, 1
0, 0, 0, 0, 1, 1, 0, 0, 0, 1
0, 0, 0, 0, 1, 1, 0, 0, 1, 1
0, 0, 0, 0, 1, 1, 0, 1, 0, 1
0, 0, 0, 0, 1, 1, 0, 1, 1, 1
0, 0, 0, 0, 1, 1, 1, 0, 0, 1
0, 0, 0, 0, 1, 1, 1, 0, 1, 1
0, 0, 0, 0, 1, 1, 1, 1, 0, 1
0, 0, 0, 0, 1, 1, 1, 1, 1, 1
0, 0, 0, 1, 0, 0, 0, 0, 0, 1
0, 0, 0, 1, 0, 0, 0, 0, 1, 1
0, 0, 0, 1, 0, 0, 0, 1, 0, 1
0, 0, 0, 1, 0, 0, 0, 1, 1, 1
0, 0, 0, 1, 0, 0, 1, 0, 0, 1
0, 0, 0, 1, 0, 0, 1, 0, 1, 1
0, 0, 0, 1, 0, 0, 1, 1, 0, 1
0, 0, 0, 1, 0, 0, 1, 1, 1, 1
0, 0, 0, 1, 0, 1, 0, 0, 0, 1
0, 0, 0, 1, 0, 1, 0, 0, 1, 1
0, 0, 0, 1, 0, 1, 0, 1, 0, 1
0, 0, 0, 1, 0, 1, 0, 1, 1, 1
0, 0, 0, 1, 0, 1, 1, 0, 0, 1
0, 0, 0, 1, 0, 1, 1, 0, 1, 1
0, 0, 0, 1, 0, 1, 1, 1, 0, 1
0, 0, 0, 1, 0, 1, 1, 1, 1, 1
0, 0, 0, 1, 1, 0, 0, 0, 0, 1
0, 0, 0, 1, 1, 0, 0, 0, 1, 1
0, 0, 0, 1, 1, 0, 0, 1, 0, 1
0, 0, 0, 1, 1, 0, 0, 1, 1, 1
0, 0, 0, 1, 1, 0, 1, 0, 0, 1
0, 0, 0, 1, 1, 0, 1, 0, 1, 1
0, 0, 0, 1, 1, 0, 1, 1, 0, 1
0, 0, 0, 1, 1, 0, 1, 1, 1, 1
0, 0, 0, 1, 1, 1, 0, 0, 0, 1
0, 0, 0, 1, 1, 1, 0, 0, 1, 1
0, 0, 0, 1, 1, 1, 0, 1, 0, 1
0, 0, 0, 1, 1, 1, 0, 1, 1, 1
0, 0, 0, 1, 1, 1, 1, 0, 0, 1
0, 0, 0, 1, 1, 1, 1, 0, 1, 1
0, 0, 0, 1, 1, 1, 1, 1, 0, 1
0, 0, 0, 1, 1, 1, 1, 1, 1, 1
0, 0, 1, 0, 0, 0, 0, 0, 0, 1
0, 0, 1, 0, 0, 0, 0, 0, 1, 1
0, 0, 1, 0, 0, 0, 0, 1, 0, 1
0, 0, 1, 0, 0, 0, 0, 1, 1, 1
0, 0, 1, 0, 0, 0, 1, 0, 0, 1
0, 0, 1, 0, 0, 0, 1, 0, 1, 1
0, 0, 1, 0, 0, 0, 1, 1, 0, 1
0, 0, 1, 0, 0, 0, 1, 1, 1, 1
0, 0, 1, 0, 0, 1, 0, 0, 0, 1
0, 0, 1, 0, 0, 1, 0, 0, 1, 1
0, 0, 1, 0, 0, 1, 0, 1, 0, 1
0, 0, 1, 0, 0, 1, 0, 1, 1, 1
0, 0, 1, 0, 0, 1, 1, 0, 0, 1
0, 0, 1, 0, 0, 1, 1, 0, 1, 1
0, 0, 1, 0, 0, 1, 1, 1, 0, 1
0, 0, 1, 0, 0, 1, 1, 1, 1, 1
0, 0, 1, 0, 1, 0, 0, 0, 0, 1
0, 0, 1, 0, 1, 0, 0, 0, 1, 1
0, 0, 1, 0, 1, 0, 0, 1, 0, 1
0, 0, 1, 0, 1, 0, 0, 1, 1, 1
0, 0, 1, 0, 1, 0, 1, 0, 0, 1
0, 0, 1, 0, 1, 0, 1, 0, 1, 1
0, 0, 1, 0, 1, 0, 1, 1, 0, 1
0, 0, 1, 0, 1, 0, 1, 1, 1, 1
0, 0, 1, 0, 1, 1, 0, 0, 0, 1
0, 0, 1, 0, 1, 1, 0, 0, 1, 1
0, 0, 1, 0, 1, 1, 0, 1, 0, 1
0, 0, 1, 0, 1, 1, 0, 1, 1, 1
0, 0, 1, 0, 1, 1, 1, 0, 0, 1
0, 0, 1, 0, 1, 1, 1, 0, 1, 1
0, 0, 1, 0, 1, 1, 1, 1, 0, 1
0, 0, 1, 0, 1, 1, 1, 1, 1, 1
0, 0, 1, 1, 0, 0, 0, 0, 0, 1
0, 0, 1, 1, 0, 0, 0, 0, 1, 1
0, 0, 1, 1, 0, 0, 0, 1, 0, 1
0, 0, 1, 1, 0, 0, 0, 1, 1, 1
0, 0, 1, 1, 0, 0, 1, 0, 0, 1
0, 0, 1, 1, 0, 0, 1, 0, 1, 1
0, 0, 1, 1, 0, 0, 1, 1, 0, 1
0, 0, 1, 1, 0, 0, 1, 1, 1, 1
0, 0, 1, 1, 0, 1, 0, 0, 0, 1
0, 0, 1, 1, 0, 1, 0, 0, 1, 1
0, 0, 1, 1, 0, 1, 0, 1, 0, 1
0, 0, 1, 1, 0, 1, 0, 1, 1, 1
0, 0, 1, 1, 0, 1, 1, 0, 0, 1
0, 0, 1, 1, 0, 1, 1, 0, 1, 1
0, 0, 1, 1, 0, 1, 1, 1, 0, 1
0, 0, 1, 1, 0, 1, 1, 1, 1, 1
0, 0, 1, 1, 1, 0, 0, 0, 0, 1
0, 0, 1, 1, 1, 0, 0, 0, 1, 1
0, 0, 1, 1, 1, 0, 0, 1, 0, 1
0, 0, 1, 1, 1, 0, 0, 1, 1, 1
0, 0, 1, 1, 1, 0, 1, 0, 0, 1
0, 0, 1, 1, 1, 0, 1, 0, 1, 1
0, 0, 1, 1, 1, 0, 1, 1, 0, 1
0, 0, 1, 1, 1, 0, 1, 1, 1, 1
0, 0, 1, 1, 1, 1, 0, 0, 0, 1
0, 0, 1, 1, 1, 1, 0, 0, 1, 1
0, 0, 1, 1, 1, 1, 0, 1, 0, 1
0, 0, 1, 1, 1, 1, 0, 1, 1, 1
0, 0, 1, 1, 1, 1, 1, 0, 0, 1
0, 0, 1, 1, 1, 1, 1, 0, 1, 1
0, 0, 1, 1, 1, 1, 1, 1, 0, 1
0, 0, 1, 1, 1, 1, 1, 1, 1, 1
0, 1, 0, 0, 0, 0, 0, 0, 0, 1
0, 1, 0, 0, 0, 0, 0, 0, 1, 1
0, 1, 0, 0, 0, 0, 0, 1, 0, 1
0, 1, 0, 0, 0, 0, 0, 1, 1, 1
0, 1, 0, 0, 0, 0, 1, 0, 0, 1
0, 1, 0, 0, 0, 0, 1, 0, 1, 1
0, 1, 0, 0, 0, 0, 1, 1, 0, 1
0, 1, 0, 0, 0, 0, 1, 1, 1, 1
0, 1, 0, 0, 0, 1, 0, 0, 0, 1
0, 1, 0, 0, 0, 1, 0, 0, 1, 1
0, 1, 0, 0, 0, 1, 0, 1, 0, 1
0, 1, 0, 0, 0, 1, 0, 1, 1, 1
0, 1, 0, 0, 0, 1, 1, 0, 0, 1
0, 1, 0, 0, 0, 1, 1, 0, 1, 1
0, 1, 0, 0, 0, 1, 1, 1, 0, 1
0, 1, 0, 0, 0, 1, 1, 1, 1, 1
0, 1, 0, 0, 1, 0, 0, 0, 0, 1
0, 1, 0, 0, 1, 0, 0, 0, 1, 1
0, 1, 0, 0, 1, 0, 0, 1, 0, 1
0, 1, 0, 0, 1, 0, 0, 1, 1, 1
0, 1, 0, 0, 1, 0, 1, 0, 0, 1
0, 1, 0, 0, 1, 0, 1, 0, 1, 1
0, 1, 0, 0, 1, 0, 1, 1, 0, 1
0, 1, 0, 0, 1, 0, 1, 1, 1, 1
0, 1, 0, 0, 1, 1, 0, 0, 0, 1
0, 1, 0, 0, 1, 1, 0, 0, 1, 1
0, 1, 0, 0, 1, 1, 0, 1, 0, 1
0, 1, 0, 0, 1, 1, 0, 1, 1, 1
0, 1, 0, 0, 1, 1, 1, 0, 0, 1
0, 1, 0, 0, 1, 1, 1, 0, 1, 1
0, 1, 0, 0, 1, 1, 1, 1, 0, 1
0, 1, 0, 0, 1, 1, 1, 1, 1, 1
0, 1, 0, 1, 0, 0, 0, 0, 0, 1
0, 1, 0, 1, 0, 0, 0, 0, 1, 1
0, 1, 0, 1, 0, 0, 0, 1, 0, 1
0, 1, 0, 1, 0, 0, 0, 1, 1, 1
0, 1, 0, 1, 0, 0, 1, 0, 0, 1
0, 1, 0, 1, 0, 0, 1, 0, 1, 1
0, 1, 0, 1, 0, 0, 1, 1, 0, 1
0, 1, 0, 1, 0, 0, 1, 1, 1, 1
0, 1, 0, 1, 0, 1, 0, 0, 0, 1
0, 1, 0, 1, 0, 1, 0, 0, 1, 1
0, 1, 0, 1, 0, 1, 0, 1, 0, 1
0, 1, 0, 1, 0, 1, 0, 1, 1, 1
0, 1, 0, 1, 0, 1, 1, 0, 0, 1
0, 1, 0, 1, 0, 1, 1, 0, 1, 1
0, 1, 0, 1, 0, 1, 1, 1, 0, 1
0, 1, 0, 1, 0, 1, 1, 1, 1, 1
0, 1, 0, 1, 1, 0, 0, 0, 0, 1
0, 1, 0, 1, 1, 0, 0, 0, 1, 1
0, 1, 0, 1, 1, 0, 0, 1, 0, 1
0, 1, 0, 1, 1, 0, 0, 1, 1, 1
0, 1, 0, 1, 1, 0, 1, 0, 0, 1
0, 1, 0, 1, 1, 0, 1, 0, 1, 1
0, 1, 0, 1, 1, 0, 1, 1, 0, 1
0, 1, 0, 1, 1, 0, 1, 1, 1, 1
0, 1, 0, 1, 1, 1, 0, 0, 0, 1
0, 1, 0, 1, 1, 1, 0, 0, 1, 1
0, 1, 0, 1, 1, 1, 0, 1, 0, 1
0, 1, 0, 1, 1, 1, 0, 1, 1, 1
0, 1, 0, 1, 1, 1, 1, 0, 0, 1
0, 1, 0, 1, 1, 1, 1, 0, 1, 1
0, 1, 0, 1, 1, 1, 1, 1, 0, 1
0, 1, 0, 1, 1, 1, 1, 1, 1, 1
0, 1, 1, 0, 0, 0, 0, 0, 0, 1
0, 1, 1, 0, 0, 0, 0, 0, 1, 1
0, 1, 1, 0, 0, 0, 0, 1, 0, 1
0, 1, 1, 0, 0, 0, 0, 1, 1, 1
0, 1, 1, 0, 0, 0, 1, 0, 0, 1
0, 1, 1, 0, 0, 0, 1, 0, 1, 1
0, 1, 1, 0, 0, 0, 1, 1, 0, 1
0, 1, 1, 0, 0, 0, 1, 1, 1, 1
0, 1, 1, 0, 0, 1, 0, 0, 0, 1
0, 1, 1, 0, 0, 1, 0, 0, 1, 1
0, 1, 1, 0, 0, 1, 0, 1, 0, 1
0, 1, 1, 0, 0, 1, 0, 1, 1, 1
0, 1, 1, 0, 0, 1, 1, 0, 0, 1
0, 1, 1, 0, 0, 1, 1, 0, 1, 1
0, 1, 1, 0, 0, 1, 1, 1, 0, 1
0, 1, 1, 0, 0, 1, 1, 1, 1, 1
0, 1, 1, 0, 1, 0, 0, 0, 0, 1
0, 1, 1, 0, 1, 0, 0, 0, 1, 1
0, 1, 1, 0, 1, 0, 0, 1, 0, 1
0, 1, 1, 0, 1, 0, 0, 1, 1, 1
0, 1, 1, 0, 1, 0, 1, 0, 0, 1
0, 1, 1, 0, 1, 0, 1, 0, 1, 1
0, 1, 1, 0, 1, 0, 1, 1, 0, 1
0, 1, 1, 0, 1, 0, 1, 1, 1, 1
0, 1, 1, 0, 1, 1, 0, 0, 0, 1
0, 1, 1, 0, 1, 1, 0, 0, 1, 1
0, 1, 1, 0, 1, 1, 0, 1, 0, 1
0, 1, 1, 0, 1, 1, 0, 1, 1, 1
0, 1, 1, 0, 1, 1, 1, 0, 0, 1
0, 1, 1, 0, 1, 1, 1, 0, 1, 1
0, 1, 1, 0, 1, 1, 1, 1, 0, 1
0, 1, 1, 0, 1, 1, 1, 1, 1, 1
0, 1, 1, 1, 0, 0, 0, 0, 0, 1
0, 1, 1, 1, 0, 0, 0, 0, 1, 1
0, 1, 1, 1, 0, 0, 0, 1, 0, 1
0, 1, 1, 1, 0, 0, 0, 1, 1, 1
0, 1, 1, 1, 0, 0, 1, 0, 0, 1
0, 1, 1, 1, 0, 0, 1, 0, 1, 1
0, 1, 1, 1, 0, 0, 1, 1, 0, 1
0, 1, 1, 1, 0, 0, 1, 1, 1, 1
0, 1, 1, 1, 0, 1, 0, 0, 0, 1
0, 1, 1, 1, 0, 1, 0, 0, 1, 1
0, 1, 1, 1, 0, 1, 0, 1, 0, 1
0, 1, 1, 1, 0, 1, 0, 1, 1, 1
0, 1, 1, 1, 0, 1, 1, 0, 0, 1
0, 1, 1, 1, 0, 1, 1, 0, 1, 1
0, 1, 1, 1, 0, 1, 1, 1, 0, 1
0, 1, 1, 1, 0, 1, 1, 1, 1, 1
0, 1, 1, 1, 1, 0, 0, 0, 0, 1
0, 1, 1, 1, 1, 0, 0, 0, 1, 1
0, 1, 1, 1, 1, 0, 0, 1, 0, 1
0, 1, 1, 1, 1, 0, 0, 1, 1, 1
0, 1, 1, 1, 1, 0, 1, 0, 0, 1
0, 1, 1, 1, 1, 0, 1, 0, 1, 1
0, 1, 1, 1, 1, 0, 1, 1, 0, 1
0, 1, 1, 1, 1, 0, 1, 1, 1, 1
0, 1, 1, 1, 1, 1, 0, 0, 0, 1
0, 1, 1, 1, 1, 1, 0, 0, 1, 1
0, 1, 1, 1, 1, 1, 0, 1, 0, 1
0, 1, 1, 1, 1, 1, 0, 1, 1, 1
0, 1, 1, 1, 1, 1, 1, 0, 0, 1
0, 1, 1, 1, 1, 1, 1, 0, 1, 1
0, 1, 1, 1, 1, 1, 1, 1, 0, 1
0, 1, 1, 1, 1, 1, 1, 1, 1, 1
1, 0, 0, 0, 0, 0, 0, 0, 0, 1
1, 0, 0, 0, 0, 0, 0, 0, 1, 1
1, 0, 0, 0, 0, 0, 0, 1, 0, 1
1, 0, 0, 0, 0, 0, 0, 1, 1, 1
1, 0, 0, 0, 0, 0, 1, 0, 0, 1
1, 0, 0, 0, 0, 0, 1, 0, 1, 1
1, 0, 0, 0, 0, 0, 1, 1, 0, 1
1, 0, 0, 0, 0, 0, 1, 1, 1, 1
1, 0, 0, 0, 0, 1, 0, 0, 0, 1
1, 0, 0, 0, 0, 1, 0, 0, 1, 1
1, 0, 0, 0, 0, 1, 0, 1, 0, 1
1, 0, 0, 0, 0, 1, 0, 1, 1, 1
1, 0, 0, 0, 0, 1, 1, 0, 0, 1
1, 0, 0, 0, 0, 1, 1, 0, 1, 1
1, 0, 0, 0, 0, 1, 1, 1, 0, 1
1, 0, 0, 0, 0, 1, 1, 1, 1, 1
1, 0, 0, 0, 1, 0, 0, 0, 0, 1
1, 0, 0, 0, 1, 0, 0, 0, 1, 1
1, 0, 0, 0, 1, 0, 0, 1, 0, 1
1, 0, 0, 0, 1, 0, 0, 1, 1, 1
1, 0, 0, 0, 1, 0, 1, 0, 0, 1
1, 0, 0, 0, 1, 0, 1, 0, 1, 1
1, 0, 0, 0, 1, 0, 1, 1, 0, 1
1, 0, 0, 0, 1, 0, 1, 1, 1, 1
1, 0, 0, 0, 1, 1, 0, 0, 0, 1
1, 0, 0, 0, 1, 1, 0, 0, 1, 1
1, 0, 0, 0, 1, 1, 0, 1, 0, 1
1, 0, 0, 0, 1, 1, 0, 1, 1, 1
1, 0, 0, 0, 1, 1, 1, 0, 0, 1
1, 0, 0, 0, 1, 1, 1, 0, 1, 1
1, 0, 0, 0, 1, 1, 1, 1, 0, 1
1, 0, 0, 0, 1, 1, 1, 1, 1, 1
1, 0, 0, 1, 0, 0, 0, 0, 0, 1
1, 0, 0, 1, 0, 0, 0, 0, 1, 1
1, 0, 0, 1, 0, 0, 0, 1, 0, 1
1, 0, 0, 1, 0, 0, 0, 1, 1, 1
1, 0, 0, 1, 0, 0, 1, 0, 0, 1
1, 0, 0, 1, 0, 0, 1, 0, 1, 1
1, 0, 0, 1, 0, 0, 1, 1, 0, 1
1, 0, 0, 1, 0, 0, 1, 1, 1, 1
1, 0, 0, 1, 0, 1, 0, 0, 0, 1
1, 0, 0, 1, 0, 1, 0, 0, 1, 1
1, 0, 0, 1, 0, 1, 0, 1, 0, 1
1, 0, 0, 1, 0, 1, 0, 1, 1, 1
1, 0, 0, 1, 0, 1, 1, 0, 0, 1
1, 0, 0, 1, 0, 1, 1, 0, 1, 1
1, 0, 0, 1, 0, 1, 1, 1, 0, 1
1, 0, 0, 1, 0, 1, 1, 1, 1, 1
1, 0, 0, 1, 1, 0, 0, 0, 0, 1
1, 0, 0, 1, 1, 0, 0, 0, 1, 1
1, 0, 0, 1, 1, 0, 0, 1, 0, 1
1, 0, 0, 1, 1, 0, 0, 1, 1, 1
1, 0, 0, 1, 1, 0, 1, 0, 0, 1
1, 0, 0, 1, 1, 0, 1, 0, 1, 1
1, 0, 0, 1, 1, 0, 1, 1, 0, 1
1, 0, 0, 1, 1, 0, 1, 1, 1, 1
1, 0, 0, 1, 1, 1, 0, 0, 0, 1
1, 0, 0, 1, 1, 1, 0, 0, 1, 1
1, 0, 0, 1, 1, 1, 0, 1, 0, 1
1, 0, 0, 1, 1, 1, 0, 1, 1, 1
1, 0, 0, 1, 1, 1, 1, 0, 0, 1
1, 0, 0, 1, 1, 1, 1, 0, 1, 1
1, 0, 0, 1, 1, 1, 1, 1, 0, 1
1, 0, 0, 1, 1, 1, 1, 1, 1, 1
1, 0, 1, 0, 0, 0, 0, 0, 0, 1
1, 0, 1, 0, 0, 0, 0, 0, 1, 1
1, 0, 1, 0, 0, 0, 0, 1, 0, 1
1, 0, 1, 0, 0, 0, 0, 1, 1, 1
1, 0, 1, 0, 0, 0, 1, 0, 0, 1
1, 0, 1, 0, 0, 0, 1, 0, 1, 1
1, 0, 1, 0, 0, 0, 1, 1, 0, 1
1, 0, 1, 0, 0, 0, 1, 1, 1, 1
1, 0, 1, 0, 0, 1, 0, 0, 0, 1
1, 0, 1, 0, 0, 1, 0, 0, 1, 1
1, 0, 1, 0, 0, 1, 0, 1, 0, 1
1, 0, 1, 0, 0, 1, 0, 1, 1, 1
1, 0, 1, 0, 0, 1, 1, 0, 0, 1
1, 0, 1, 0, 0, 1, 1, 0, 1, 1
1, 0, 1, 0, 0, 1, 1, 1, 0, 1
1, 0, 1, 0, 0, 1, 1, 1, 1, 1
1, 0, 1, 0, 1, 0, 0, 0, 0, 1
1, 0, 1, 0, 1, 0, 0, 0, 1, 1
1, 0, 1, 0, 1, 0, 0, 1, 0, 1
1, 0, 1, 0, 1, 0, 0, 1, 1, 1
1, 0, 1, 0, 1, 0, 1, 0, 0, 1
1, 0, 1, 0, 1, 0, 1, 0, 1, 1
1, 0, 1, 0, 1, 0, 1, 1, 0, 1
1, 0, 1, 0, 1, 0, 1, 1, 1, 1
1, 0, 1, 0, 1, 1, 0, 0, 0, 1
1, 0, 1, 0, 1, 1, 0, 0, 1, 1
1, 0, 1, 0, 1, 1, 0, 1, 0, 1
1, 0, 1, 0, 1, 1, 0, 1, 1, 1
1, 0, 1, 0, 1, 1, 1, 0, 0, 1
1, 0, 1, 0, 1, 1, 1, 0, 1, 1
1, 0, 1, 0, 1, 1, 1, 1, 0, 1
1, 0, 1, 0, 1, 1, 1, 1, 1, 1
1, 0, 1, 1, 0, 0, 0, 0, 0, 1
1, 0, 1, 1, 0, 0, 0, 0, 1, 1
1, 0, 1, 1, 0, 0, 0, 1, 0, 1
1, 0, 1, 1, 0, 0, 0, 1, 1, 1
1, 0, 1, 1, 0, 0, 1, 0, 0, 1
1, 0, 1, 1, 0, 0, 1, 0, 1, 1
1, 0, 1, 1, 0, 0, 1, 1, 0, 1
1, 0, 1, 1, 0, 0, 1, 1, 1, 1
1, 0, 1, 1, 0, 1, 0, 0, 0, 1
1, 0, 1, 1, 0, 1, 0, 0, 1, 1
1, 0, 1, 1, 0, 1, 0, 1, 0, 1
1, 0, 1, 1, 0, 1, 0, 1, 1, 1
1, 0, 1, 1, 0, 1, 1, 0, 0, 1
1, 0, 1, 1, 0, 1, 1, 0, 1, 1
1, 0, 1, 1, 0, 1, 1, 1, 0, 1
1, 0, 1, 1, 0, 1, 1, 1, 1, 1
1, 0, 1, 1, 1, 0, 0, 0, 0, 1
1, 0, 1, 1, 1, 0, 0, 0, 1, 1
1, 0, 1, 1, 1, 0, 0, 1, 0, 1
1, 0, 1, 1, 1, 0, 0, 1, 1, 1
1, 0, 1, 1, 1, 0, 1, 0, 0, 1
1, 0, 1, 1, 1, 0, 1, 0, 1, 1
1, 0, 1, 1, 1, 0, 1, 1, 0, 1
1, 0, 1, 1, 1, 0, 1, 1, 1, 1
1, 0, 1, 1, 1, 1, 0, 0, 0, 1
1, 0, 1, 1, 1, 1, 0, 0, 1, 1
1, 0, 1, 1, 1, 1, 0, 1, 0, 1
1, 0, 1, 1, 1, 1, 0, 1, 1, 1
1, 0, 1, 1, 1, 1, 1, 0, 0, 1
1, 0, 1, 1, 1, 1, 1, 0, 1, 1
1, 0, 1, 1, 1, 1, 1, 1, 0, 1
1, 0, 1, 1, 1, 1, 1, 1, 1, 1
1, 1, 0, 0, 0, 0, 0, 0, 0, 1
1, 1, 0, 0, 0, 0, 0, 0, 1, 1
1, 1, 0, 0, 0, 0, 0, 1, 0, 1
1, 1, 0, 0, 0, 0, 0, 1, 1, 1
1, 1, 0, 0, 0, 0, 1, 0, 0, 1
1, 1, 0, 0, 0, 0, 1, 0, 1, 1
1, 1, 0, 0, 0, 0, 1, 1, 0, 1
1, 1, 0, 0, 0, 0, 1, 1, 1, 1
1, 1, 0, 0, 0, 1, 0, 0, 0, 1
1, 1, 0, 0, 0, 1, 0, 0, 1, 1
1, 1, 0, 0, 0, 1, 0, 1, 0, 1
1, 1, 0, 0, 0, 1, 0, 1, 1, 1
1, 1, 0, 0, 0, 1, 1, 0, 0, 1
1, 1, 0, 0, 0, 1, 1, 0, 1, 1
1, 1, 0, 0, 0, 1, 1, 1, 0, 1
1, 1, 0, 0, 0, 1, 1, 1, 1, 1
1, 1, 0, 0, 1, 0, 0, 0, 0, 1
1, 1, 0, 0, 1, 0, 0, 0, 1, 1
1, 1, 0, 0, 1, 0, 0, 1, 0, 1
1, 1, 0, 0, 1, 0, 0, 1, 1, 1
1, 1, 0, 0, 1, 0, 1, 0, 0, 1
1, 1, 0, 0, 1, 0, 1, 0, 1, 1
1, 1, 0, 0, 1, 0, 1, 1, 0, 1
1, 1, 0, 0, 1, 0, 1, 1, 1, 1
1, 1, 0, 0, 1, 1, 0, 0, 0, 1
1, 1, 0, 0, 1, 1, 0, 0, 1, 1
1, 1, 0, 0, 1, 1, 0, 1, 0, 1
1, 1, 0, 0, 1, 1, 0, 1, 1, 1
1, 1, 0, 0, 1, 1, 1, 0, 0, 1
1, 1, 0, 0, 1, 1, 1, 0, 1, 1
1, 1, 0, 0, 1, 1, 1, 1, 0, 1
1, 1, 0, 0, 1, 1, 1, 1, 1, 1
1, 1, 0, 1, 0, 0, 0, 0, 0, 1
1, 1, 0, 1, 0, 0, 0, 0, 1, 1
1, 1, 0, 1, 0, 0, 0, 1, 0, 1
1, 1, 0, 1, 0, 0, 0, 1, 1, 1
1, 1, 0, 1, 0, 0, 1, 0, 0, 1
1, 1, 0, 1, 0, 0, 1, 0, 1, 1
1, 1, 0, 1, 0, 0, 1, 1, 0, 1
1, 1, 0, 1, 0, 0, 1, 1, 1, 1
1, 1, 0, 1, 0, 1, 0, 0, 0, 1
1, 1, 0, 1, 0, 1, 0, 0, 1, 1
1, 1, 0, 1, 0, 1, 0, 1, 0, 1
1, 1, 0, 1, 0, 1, 0, 1, 1, 1
1, 1, 0, 1, 0, 1, 1, 0, 0, 1
1, 1, 0, 1, 0, 1, 1, 0, 1, 1
1, 1, 0, 1, 0, 1, 1, 1, 0, 1
1, 1, 0, 1, 0, 1, 1, 1, 1, 1
1, 1, 0, 1, 1, 0, 0, 0, 0, 1
1, 1, 0, 1, 1, 0, 0, 0, 1, 1
1, 1, 0, 1, 1, 0, 0, 1, 0, 1
1, 1, 0, 1, 1, 0, 0, 1, 1, 1
1, 1, 0, 1, 1, 0, 1, 0, 0, 1
1, 1, 0, 1, 1, 0, 1, 0, 1, 1
1, 1, 0, 1, 1, 0, 1, 1, 0, 1
1, 1, 0, 1, 1, 0, 1, 1, 1, 1
1, 1, 0, 1, 1, 1, 0, 0, 0, 1
1, 1, 0, 1, 1, 1, 0, 0, 1, 1
1, 1, 0, 1, 1, 1, 0, 1, 0, 1
1, 1, 0, 1, 1, 1, 0, 1, 1, 1
1, 1, 0, 1, 1, 1, 1, 0, 0, 1
1, 1, 0, 1, 1, 1, 1, 0, 1, 1
1, 1, 0, 1, 1, 1, 1, 1, 0, 1
1, 1, 0, 1, 1, 1, 1, 1, 1, 1
1, 1, 1, 0, 0, 0, 0, 0, 0, 1
1, 1, 1, 0, 0, 0, 0, 0, 1, 1
1, 1, 1, 0, 0, 0, 0, 1, 0, 1
1, 1, 1, 0, 0, 0, 0, 1, 1, 1
1, 1, 1, 0, 0, 0, 1, 0, 0, 1
1, 1, 1, 0, 0, 0, 1, 0, 1, 1
1, 1, 1, 0, 0, 0, 1, 1, 0, 1
1, 1, 1, 0, 0, 0, 1, 1, 1, 1
1, 1, 1, 0, 0, 1, 0, 0, 0, 1
1, 1, 1, 0, 0, 1, 0, 0, 1, 1
1, 1, 1, 0, 0, 1, 0, 1, 0, 1
1, 1, 1, 0, 0, 1, 0, 1, 1, 1
1, 1, 1, 0, 0, 1, 1, 0, 0, 1
1, 1, 1, 0, 0, 1, 1, 0, 1, 1
1, 1, 1, 0, 0, 1, 1, 1, 0, 1
1, 1, 1, 0, 0, 1, 1, 1, 1, 1
1, 1, 1, 0, 1, 0, 0, 0, 0, 1
1, 1, 1, 0, 1, 0, 0, 0, 1, 1
1, 1, 1, 0, 1, 0, 0, 1, 0, 1
1, 1, 1, 0, 1, 0, 0, 1, 1, 1
1, 1, 1, 0, 1, 0, 1, 0, 0, 1
1, 1, 1, 0, 1, 0, 1, 0, 1, 1
1, 1, 1, 0, 1, 0, 1, 1, 0, 1
1, 1, 1, 0, 1, 0, 1, 1, 1, 1
1, 1, 1, 0, 1, 1, 0, 0, 0, 1
1, 1, 1, 0, 1, 1, 0, 0, 1, 1
1, 1, 1, 0, 1, 1, 0, 1, 0, 1
1, 1, 1, 0, 1, 1, 0, 1, 1, 1
1, 1, 1, 0, 1, 1, 1, 0, 0, 1
1, 1, 1, 0, 1, 1, 1, 0, 1, 1
1, 1, 1, 0, 1, 1, 1, 1, 0, 1
1, 1, 1, 0, 1, 1, 1, 1, 1, 1
1, 1, 1, 1, 0, 0, 0, 0, 0, 1
1, 1, 1, 1, 0, 0, 0, 0, 1, 1
1, 1, 1, 1, 0, 0, 0, 1, 0, 1
1, 1, 1, 1, 0, 0, 0, 1, 1, 1
1, 1, 1, 1, 0, 0, 1, 0, 0, 1
1, 1, 1, 1, 0, 0, 1, 0, 1, 1
1, 1, 1, 1, 0, 0, 1, 1, 0, 1
1, 1, 1, 1, 0, 0, 1, 1, 1, 1
1, 1, 1, 1, 0, 1, 0, 0, 0, 1
1, 1, 1, 1, 0, 1, 0, 0, 1, 1
1, 1, 1, 1, 0, 1, 0, 1, 0, 1
1, 1, 1, 1, 0, 1, 0, 1, 1, 1
1, 1, 1, 1, 0, 1, 1, 0, 0, 1
1, 1, 1, 1, 0, 1, 1, 0, 1, 1
1, 1, 1, 1, 0, 1, 1, 1, 0, 1
1, 1, 1, 1, 0, 1, 1, 1, 1, 1
1, 1, 1, 1, 1, 0, 0, 0, 0, 1
1, 1, 1, 1, 1, 0, 0, 0, 1, 1
1, 1, 1, 1, 1, 0, 0, 1, 0, 1
1, 1, 1, 1, 1, 0, 0, 1, 1, 1
1, 1, 1, 1, 1, 0, 1, 0, 0, 1
1, 1, 1, 1, 1, 0, 1, 0, 1, 1
1, 1, 1, 1, 1, 0, 1, 1, 0, 1
1, 1, 1, 1, 1, 0, 1, 1, 1, 1
1, 1, 1, 1, 1, 1, 0, 0, 0, 1
1, 1, 1, 1, 1, 1, 0, 0, 1, 1
1, 1, 1, 1, 1, 1, 0, 1, 0, 1
1, 1, 1, 1, 1, 1, 0, 1, 1, 1
1, 1, 1, 1, 1, 1, 1, 0, 0, 1
1, 1, 1, 1, 1, 1, 1, 0, 1, 1
1, 1, 1, 1, 1, 1, 1, 1, 0, 1
1, 1, 1, 1, 1, 1, 1, 1, 1, 1
# gsk3 (akt, p90rsk, gsk3)
0, 0, 1
0, 1, 1
1, 0, 1
1, 1, 0
# hsp27 (mk2, hsp27)
0, 0
1, 1
# ip3 (plcg, ip3)
0, 0
1, 1
# jnk (mkk4, mkk7, jnk)
0, 0, 0
0, 1, 0
1, 0, 0
1, 1, 1
# limk1 (pak1, limk1)
0, 0
1, 1
# mek12 (mekk1, raf1, mek12)
0, 0, 0
0, 1, 1
1, 0, 1
1, 1, 1
# mekk1 (raccdc42, mekk1)
0, 0
1, 1
# mekk4 (raccdc42, mekk4)
0, 0
1, 1
# mk2 (p38, mk2)
0, 0
1, 1
# mkk3 (mlk3, mkk3)
0, 0
1, 1
# mkk4 (mekk1, mekk4, mlk3, mkk4)
0, 0, 0, 0
0, 0, 1, 1
0, 1, 0, 1
0, 1, 1, 1
1, 0, 0, 1
1, 0, 1, 1
1, 1, 0, 1
1, 1, 1, 1
# mkk6 (mlk3, mkk6)
0, 0
1, 1
# mkk7 (mekk1, mkk7)
0, 0
1, 1
# mlk3 (raccdc42, mlk3)
0, 0
1, 1
# mtor_rap (mtorr, rheb, mtor_rap)
0, 0, 0
0, 1, 0
1, 0, 0
1, 1, 1
# mtor_ric (mtorr, mtor_ric)
0, 0
1, 1
# nck (erbb11, erbb14, erbb44, nck)
0, 0, 0, 0
0, 0, 1, 1
0, 1, 0, 1
0, 1, 1, 1
1, 0, 0, 1
1, 0, 1, 1
1, 1, 0, 1
1, 1, 1, 1
# nucerk12 (erk12, mkp, nucerk12)
0, 0, 0
0, 1, 0
1, 0, 1
1, 1, 0
# p38 (mkk3, mkk4, mkk6, p38)
0, 0, 0, 0
0, 0, 1, 1
0, 1, 0, 1
0, 1, 1, 1
1, 0, 0, 1
1, 0, 1, 1
1, 1, 0, 1
1, 1, 1, 1
# p70s6_1 (erk12, jnk, p70s6_1)
0, 0, 0
0, 1, 1
1, 0, 1
1, 1, 1
# p70s6_2 (mtor_rap, p70s6_1, pdk1, p70s6_2)
0, 0, 0, 0
0, 0, 1, 0
0, 1, 0, 0
0, 1, 1, 0
1, 0, 0, 0
1, 0, 1, 0
1, 1, 0, 0
1, 1, 1, 1
# p90rsk (erk12, pdk1, p90rsk)
0, 0, 0
0, 1, 0
1, 0, 0
1, 1, 1
# p90rskerk12d (erk12, p90rsk, p90rskerk12d)
0, 0, 0
0, 1, 0
1, 0, 0
1, 1, 1
# pak1 (grb2, nck, raccdc42, pak1)
0, 0, 0, 0
0, 0, 1, 0
0, 1, 0, 0
0, 1, 1, 1
1, 0, 0, 0
1, 0, 1, 1
1, 1, 0, 0
1, 1, 1, 1
# pi34p2 (pi3k, ptend, ship2d, pi34p2)
0, 0, 0, 0
0, 0, 1, 0
0, 1, 0, 0
0, 1, 1, 0
1, 0, 0, 0
1, 0, 1, 1
1, 1, 0, 0
1, 1, 1, 0
# pi3k (erbb13, erbb23, erbb34, gab1, pi3kr, ras, pi3k)
0, 0, 0, 0, 0, 0, 0
0, 0, 0, 0, 0, 1, 0
0, 0, 0, 0, 1, 0, 0
0, 0, 0, 0, 1, 1, 1
0, 0, 0, 1, 0, 0, 0
0, 0, 0, 1, 0, 1, 0
0, 0, 0, 1, 1, 0, 1
0, 0, 0, 1, 1, 1, 1
0, 0, 1, 0, 0, 0, 0
0, 0, 1, 0, 0, 1, 0
0, 0, 1, 0, 1, 0, 1
0, 0, 1, 0, 1, 1, 1
0, 0, 1, 1, 0, 0, 0
0, 0, 1, 1, 0, 1, 0
0, 0, 1, 1, 1, 0, 1
0, 0, 1, 1, 1, 1, 1
0, 1, 0, 0, 0, 0, 0
0, 1, 0, 0, 0, 1, 0
0, 1, 0, 0, 1, 0, 1
0, 1, 0, 0, 1, 1, 1
0, 1, 0, 1, 0, 0, 0
0, 1, 0, 1, 0, 1, 0
0, 1, 0, 1, 1, 0, 1
0, 1, 0, 1, 1, 1, 1
0, 1, 1, 0, 0, 0, 0
0, 1, 1, 0, 0, 1, 0
0, 1, 1, 0, 1, 0, 1
0, 1, 1, 0, 1, 1, 1
0, 1, 1, 1, 0, 0, 0
0, 1, 1, 1, 0, 1, 0
0, 1, 1, 1, 1, 0, 1
0, 1, 1, 1, 1, 1, 1
1, 0, 0, 0, 0, 0, 0
1, 0, 0, 0, 0, 1, 0
1, 0, 0, 0, 1, 0, 1
1, 0, 0, 0, 1, 1, 1
1, 0, 0, 1, 0, 0, 0
1, 0, 0, 1, 0, 1, 0
1, 0, 0, 1, 1, 0, 1
1, 0, 0, 1, 1, 1, 1
1, 0, 1, 0, 0, 0, 0
1, 0, 1, 0, 0, 1, 0
1, 0, 1, 0, 1, 0, 1
1, 0, 1, 0, 1, 1, 1
1, 0, 1, 1, 0, 0, 0
1, 0, 1, 1, 0, 1, 0
1, 0, 1, 1, 1, 0, 1
1, 0, 1, 1, 1, 1, 1
1, 1, 0, 0, 0, 0, 0
1, 1, 0, 0, 0, 1, 0
1, 1, 0, 0, 1, 0, 1
1, 1, 0, 0, 1, 1, 1
1, 1, 0, 1, 0, 0, 0
1, 1, 0, 1, 0, 1, 0
1, 1, 0, 1, 1, 0, 1
1, 1, 0, 1, 1, 1, 1
1, 1, 1, 0, 0, 0, 0
1, 1, 1, 0, 0, 1, 0
1, 1, 1, 0, 1, 0, 1
1, 1, 1, 0, 1, 1, 1
1, 1, 1, 1, 0, 0, 0
1, 1, 1, 1, 0, 1, 0
1, 1, 1, 1, 1, 0, 1
1, 1, 1, 1, 1, 1, 1
# pip3 (pi3k, ptend, ship2d, pip3)
0, 0, 0, 0
0, 0, 1, 0
0, 1, 0, 0
0, 1, 1, 0
1, 0, 0, 1
1, 0, 1, 1
1, 1, 0, 1
1, 1, 1, 0
# pkc (ca, dag, pdk1, pkc)
0, 0, 0, 0
0, 0, 1, 0
0, 1, 0, 0
0, 1, 1, 0
1, 0, 0, 0
1, 0, 1, 0
1, 1, 0, 0
1, 1, 1, 1
# plcg (erbb11, plcg)
0, 0
1, 1
# pro_apoptotic (bad, pro_apoptotic)
0, 0
1, 1
# ptend (pten, ptend)
0, 0
1, 1
# rab5a (rin1, rntre, rab5a)
0, 0, 0
0, 1, 0
1, 0, 1
1, 1, 0
# raccdc42 (sos1esp8e3b1, vav2, raccdc42)
0, 0, 0
0, 1, 1
1, 0, 1
1, 1, 1
# raf1 (aktd, csrc, pak1, ras, raf1)
0, 0, 0, 0, 0
0, 0, 0, 1, 0
0, 0, 1, 0, 0
0, 0, 1, 1, 1
0, 1, 0, 0, 0
0, 1, 0, 1, 1
0, 1, 1, 0, 0
0, 1, 1, 1, 1
1, 0, 0, 0, 0
1, 0, 0, 1, 0
1, 0, 1, 0, 0
1, 0, 1, 1, 0
1, 1, 0, 0, 0
1, 1, 0, 1, 0
1, 1, 1, 0, 0
1, 1, 1, 1, 0
# ras (rasgap, sos1, ras)
0, 0, 0
0, 1, 1
1, 0, 0
1, 1, 0
# rasgap (gab1, shp2, rasgap)
0, 0, 0
0, 1, 0
1, 0, 1
1, 1, 0
# rheb (tsc1_tsc2, rheb)
0, 1
1, 0
# rin1 (ras, rin1)
0, 0
1, 1
# rntre (erbb11, esp8r, rntre)
0, 0, 0
0, 1, 0
1, 0, 0
1, 1, 1
# shc (erbb11, erbb12, erbb13, erbb14, erbb23, erbb24, erbb34, erbb44, shc)
0, 0, 0, 0, 0, 0, 0, 0, 0
0, 0, 0, 0, 0, 0, 0, 1, 1
0, 0, 0, 0, 0, 0, 1, 0, 1
0, 0, 0, 0, 0, 0, 1, 1, 1
0, 0, 0, 0, 0, 1, 0, 0, 1
0, 0, 0, 0, 0, 1, 0, 1, 1
0, 0, 0, 0, 0, 1, 1, 0, 1
0, 0, 0, 0, 0, 1, 1, 1, 1
0, 0, 0, 0, 1, 0, 0, 0, 1
0, 0, 0, 0, 1, 0, 0, 1, 1
0, 0, 0, 0, 1, 0, 1, 0, 1
0, 0, 0, 0, 1, 0, 1, 1, 1
0, 0, 0, 0, 1, 1, 0, 0, 1
0, 0, 0, 0, 1, 1, 0, 1, 1
0, 0, 0, 0, 1, 1, 1, 0, 1
0, 0, 0, 0, 1, 1, 1, 1, 1
0, 0, 0, 1, 0, 0, 0, 0, 1
0, 0, 0, 1, 0, 0, 0, 1, 1
0, 0, 0, 1, 0, 0, 1, 0, 1
0, 0, 0, 1, 0, 0, 1, 1, 1
0, 0, 0, 1, 0, 1, 0, 0, 1
0, 0, 0, 1, 0, 1, 0, 1, 1
0, 0, 0, 1, 0, 1, 1, 0, 1
0, 0, 0, 1, 0, 1, 1, 1, 1
0, 0, 0, 1, 1, 0, 0, 0, 1
0, 0, 0, 1, 1, 0, 0, 1, 1
0, 0, 0, 1, 1, 0, 1, 0, 1
0, 0, 0, 1, 1, 0, 1, 1, 1
0, 0, 0, 1, 1, 1, 0, 0, 1
0, 0, 0, 1, 1, 1, 0, 1, 1
0, 0, 0, 1, 1, 1, 1, 0, 1
0, 0, 0, 1, 1, 1, 1, 1, 1
0, 0, 1, 0, 0, 0, 0, 0, 1
0, 0, 1, 0, 0, 0, 0, 1, 1
0, 0, 1, 0, 0, 0, 1, 0, 1
0, 0, 1, 0, 0, 0, 1, 1, 1
0, 0, 1, 0, 0, 1, 0, 0, 1
0, 0, 1, 0, 0, 1, 0, 1, 1
0, 0, 1, 0, 0, 1, 1, 0, 1
0, 0, 1, 0, 0, 1, 1, 1, 1
0, 0, 1, 0, 1, 0, 0, 0, 1
0, 0, 1, 0, 1, 0, 0, 1, 1
0, 0, 1, 0, 1, 0, 1, 0, 1
0, 0, 1, 0, 1, 0, 1, 1, 1
0, 0, 1, 0, 1, 1, 0, 0, 1
0, 0, 1, 0, 1, 1, 0, 1, 1
0, 0, 1, 0, 1, 1, 1, 0, 1
0, 0, 1, 0, 1, 1, 1, 1, 1
0, 0, 1, 1, 0, 0, 0, 0, 1
0, 0, 1, 1, 0, 0, 0, 1, 1
0, 0, 1, 1, 0, 0, 1, 0, 1
0, 0, 1, 1, 0, 0, 1, 1, 1
0, 0, 1, 1, 0, 1, 0, 0, 1
0, 0, 1, 1, 0, 1, 0, 1, 1
0, 0, 1, 1, 0, 1, 1, 0, 1
0, 0, 1, 1, 0, 1, 1, 1, 1
0, 0, 1, 1, 1, 0, 0, 0, 1
0, 0, 1, 1, 1, 0, 0, 1, 1
0, 0, 1, 1, 1, 0, 1, 0, 1
0, 0, 1, 1, 1, 0, 1, 1, 1
0, 0, 1, 1, 1, 1, 0, 0, 1
0, 0, 1, 1, 1, 1, 0, 1, 1
0, 0, 1, 1, 1, 1, 1, 0, 1
0, 0, 1, 1, 1, 1, 1, 1, 1
0, 1, 0, 0, 0, 0, 0, 0, 1
0, 1, 0, 0, 0, 0, 0, 1, 1
0, 1, 0, 0, 0, 0, 1, 0, 1
0, 1, 0, 0, 0, 0, 1, 1, 1
0, 1, 0, 0, 0, 1, 0, 0, 1
0, 1, 0, 0, 0, 1, 0, 1, 1
0, 1, 0, 0, 0, 1, 1, 0, 1
0, 1, 0, 0, 0, 1, 1, 1, 1
0, 1, 0, 0, 1, 0, 0, 0, 1
0, 1, 0, 0, 1, 0, 0, 1, 1
0, 1, 0, 0, 1, 0, 1, 0, 1
0, 1, 0, 0, 1, 0, 1, 1, 1
0, 1, 0, 0, 1, 1, 0, 0, 1
0, 1, 0, 0, 1, 1, 0, 1, 1
0, 1, 0, 0, 1, 1, 1, 0, 1
0, 1, 0, 0, 1, 1, 1, 1, 1
0, 1, 0, 1, 0, 0, 0, 0, 1
0, 1, 0, 1, 0, 0, 0, 1, 1
0, 1, 0, 1, 0, 0, 1, 0, 1
0, 1, 0, 1, 0, 0, 1, 1, 1
0, 1, 0, 1, 0, 1, 0, 0, 1
0, 1, 0, 1, 0, 1, 0, 1, 1
0, 1, 0, 1, 0, 1, 1, 0, 1
0, 1, 0, 1, 0, 1, 1, 1, 1
0, 1, 0, 1, 1, 0, 0, 0, 1
0, 1, 0, 1, 1, 0, 0, 1, 1
0, 1, 0, 1, 1, 0, 1, 0, 1
0, 1, 0, 1, 1, 0, 1, 1, 1
0, 1, 0, 1, 1, 1, 0, 0, 1
0, 1, 0, 1, 1, 1, 0, 1, 1
0, 1, 0, 1, 1, 1, 1, 0, 1
0, 1, 0, 1, 1, 1, 1, 1, 1
0, 1, 1, 0, 0, 0, 0, 0, 1
0, 1, 1, 0, 0, 0, 0, 1, 1
0, 1, 1, 0, 0, 0, 1, 0, 1
0, 1, 1, 0, 0, 0, 1, 1, 1
0, 1, 1, 0, 0, 1, 0, 0, 1
0, 1, 1, 0, 0, 1, 0, 1, 1
0, 1, 1, 0, 0, 1, 1, 0, 1
0, 1, 1, 0, 0, 1, 1, 1, 1
0, 1, 1, 0, 1, 0, 0, 0, 1
0, 1, 1, 0, 1, 0, 0, 1, 1
0, 1, 1, 0, 1, 0, 1, 0, 1
0, 1, 1, 0, 1, 0, 1, 1, 1
0, 1, 1, 0, 1, 1, 0, 0, 1
0, 1, 1, 0, 1, 1, 0, 1, 1
0, 1, 1, 0, 1, 1, 1, 0, 1
0, 1, 1, 0, 1, 1, 1, 1, 1
0, 1, 1, 1, 0, 0, 0, 0, 1
0, 1, 1, 1, 0, 0, 0, 1, 1
0, 1, 1, 1, 0, 0, 1, 0, 1
0, 1, 1, 1, 0, 0, 1, 1, 1
0, 1, 1, 1, 0, 1, 0, 0, 1
0, 1, 1, 1, 0, 1, 0, 1, 1
0, 1, 1, 1, 0, 1, 1, 0, 1
0, 1, 1, 1, 0, 1, 1, 1, 1
0, 1, 1, 1, 1, 0, 0, 0, 1
0, 1, 1, 1, 1, 0, 0, 1, 1
0, 1, 1, 1, 1, 0, 1, 0, 1
0, 1, 1, 1, 1, 0, 1, 1, 1
0, 1, 1, 1, 1, 1, 0, 0, 1
0, 1, 1, 1, 1, 1, 0, 1, 1
0, 1, 1, 1, 1, 1, 1, 0, 1
0, 1, 1, 1, 1, 1, 1, 1, 1
1, 0, 0, 0, 0, 0, 0, 0, 1
1, 0, 0, 0, 0, 0, 0, 1, 1
1, 0, 0, 0, 0, 0, 1, 0, 1
1, 0, 0, 0, 0, 0, 1, 1, 1
1, 0, 0, 0, 0, 1, 0, 0, 1
1, 0, 0, 0, 0, 1, 0, 1, 1
1, 0, 0, 0, 0, 1, 1, 0, 1
1, 0, 0, 0, 0, 1, 1, 1, 1
1, 0, 0, 0, 1, 0, 0, 0, 1
1, 0, 0, 0, 1, 0, 0, 1, 1
1, 0, 0, 0, 1, 0, 1, 0, 1
1, 0, 0, 0, 1, 0, 1, 1, 1
1, 0, 0, 0, 1, 1, 0, 0, 1
1, 0, 0, 0, 1, 1, 0, 1, 1
1, 0, 0, 0, 1, 1, 1, 0, 1
1, 0, 0, 0, 1, 1, 1, 1, 1
1, 0, 0, 1, 0, 0, 0, 0, 1
1, 0, 0, 1, 0, 0, 0, 1, 1
1, 0, 0, 1, 0, 0, 1, 0, 1
1, 0, 0, 1, 0, 0, 1, 1, 1
1, 0, 0, 1, 0, 1, 0, 0, 1
1, 0, 0, 1, 0, 1, 0, 1, 1
1, 0, 0, 1, 0, 1, 1, 0, 1
1, 0, 0, 1, 0, 1, 1, 1, 1
1, 0, 0, 1, 1, 0, 0, 0, 1
1, 0, 0, 1, 1, 0, 0, 1, 1
1, 0, 0, 1, 1, 0, 1, 0, 1
1, 0, 0, 1, 1, 0, 1, 1, 1
1, 0, 0, 1, 1, 1, 0, 0, 1
1, 0, 0, 1, 1, 1, 0, 1, 1
1, 0, 0, 1, 1, 1, 1, 0, 1
1, 0, 0, 1, 1, 1, 1, 1, 1
1, 0, 1, 0, 0, 0, 0, 0, 1
1, 0, 1, 0, 0, 0, 0, 1, 1
1, 0, 1, 0, 0, 0, 1, 0, 1
1, 0, 1, 0, 0, 0, 1, 1, 1
1, 0, 1, 0, 0, 1, 0, 0, 1
1, 0, 1, 0, 0, 1, 0, 1, 1
1, 0, 1, 0, 0, 1, 1, 0, 1
1, 0, 1, 0, 0, 1, 1, 1, 1
1, 0, 1, 0, 1, 0, 0, 0, 1
1, 0, 1, 0, 1, 0, 0, 1, 1
1, 0, 1, 0, 1, 0, 1, 0, 1
1, 0, 1, 0, 1, 0, 1, 1, 1
1, 0, 1, 0, 1, 1, 0, 0, 1
1, 0, 1, 0, 1, 1, 0, 1, 1
1, 0, 1, 0, 1, 1, 1, 0, 1
1, 0, 1, 0, 1, 1, 1, 1, 1
1, 0, 1, 1, 0, 0, 0, 0, 1
1, 0, 1, 1, 0, 0, 0, 1, 1
1, 0, 1, 1, 0, 0, 1, 0, 1
1, 0, 1, 1, 0, 0, 1, 1, 1
1, 0, 1, 1, 0, 1, 0, 0, 1
1, 0, 1, 1, 0, 1, 0, 1, 1
1, 0, 1, 1, 0, 1, 1, 0, 1
1, 0, 1, 1, 0, 1, 1, 1, 1
1, 0, 1, 1, 1, 0, 0, 0, 1
1, 0, 1, 1, 1, 0, 0, 1, 1
1, 0, 1, 1, 1, 0, 1, 0, 1
1, 0, 1, 1, 1, 0, 1, 1, 1
1, 0, 1, 1, 1, 1, 0, 0, 1
1, 0, 1, 1, 1, 1, 0, 1, 1
1, 0, 1, 1, 1, 1, 1, 0, 1
1, 0, 1, 1, 1, 1, 1, 1, 1
1, 1, 0, 0, 0, 0, 0, 0, 1
1, 1, 0, 0, 0, 0, 0, 1, 1
1, 1, 0, 0, 0, 0, 1, 0, 1
1, 1, 0, 0, 0, 0, 1, 1, 1
1, 1, 0, 0, 0, 1, 0, 0, 1
1, 1, 0, 0, 0, 1, 0, 1, 1
1, 1, 0, 0, 0, 1, 1, 0, 1
1, 1, 0, 0, 0, 1, 1, 1, 1
1, 1, 0, 0, 1, 0, 0, 0, 1
1, 1, 0, 0, 1, 0, 0, 1, 1
1, 1, 0, 0, 1, 0, 1, 0, 1
1, 1, 0, 0, 1, 0, 1, 1, 1
1, 1, 0, 0, 1, 1, 0, 0, 1
1, 1, 0, 0, 1, 1, 0, 1, 1
1, 1, 0, 0, 1, 1, 1, 0, 1
1, 1, 0, 0, 1, 1, 1, 1, 1
1, 1, 0, 1, 0, 0, 0, 0, 1
1, 1, 0, 1, 0, 0, 0, 1, 1
1, 1, 0, 1, 0, 0, 1, 0, 1
1, 1, 0, 1, 0, 0, 1, 1, 1
1, 1, 0, 1, 0, 1, 0, 0, 1
1, 1, 0, 1, 0, 1, 0, 1, 1
1, 1, 0, 1, 0, 1, 1, 0, 1
1, 1, 0, 1, 0, 1, 1, 1, 1
1, 1, 0, 1, 1, 0, 0, 0, 1
1, 1, 0, 1, 1, 0, 0, 1, 1
1, 1, 0, 1, 1, 0, 1, 0, 1
1, 1, 0, 1, 1, 0, 1, 1, 1
1, 1, 0, 1, 1, 1, 0, 0, 1
1, 1, 0, 1, 1, 1, 0, 1, 1
1, 1, 0, 1, 1, 1, 1, 0, 1
1, 1, 0, 1, 1, 1, 1, 1, 1
1, 1, 1, 0, 0, 0, 0, 0, 1
1, 1, 1, 0, 0, 0, 0, 1, 1
1, 1, 1, 0, 0, 0, 1, 0, 1
1, 1, 1, 0, 0, 0, 1, 1, 1
1, 1, 1, 0, 0, 1, 0, 0, 1
1, 1, 1, 0, 0, 1, 0, 1, 1
1, 1, 1, 0, 0, 1, 1, 0, 1
1, 1, 1, 0, 0, 1, 1, 1, 1
1, 1, 1, 0, 1, 0, 0, 0, 1
1, 1, 1, 0, 1, 0, 0, 1, 1
1, 1, 1, 0, 1, 0, 1, 0, 1
1, 1, 1, 0, 1, 0, 1, 1, 1
1, 1, 1, 0, 1, 1, 0, 0, 1
1, 1, 1, 0, 1, 1, 0, 1, 1
1, 1, 1, 0, 1, 1, 1, 0, 1
1, 1, 1, 0, 1, 1, 1, 1, 1
1, 1, 1, 1, 0, 0, 0, 0, 1
1, 1, 1, 1, 0, 0, 0, 1, 1
1, 1, 1, 1, 0, 0, 1, 0, 1
1, 1, 1, 1, 0, 0, 1, 1, 1
1, 1, 1, 1, 0, 1, 0, 0, 1
1, 1, 1, 1, 0, 1, 0, 1, 1
1, 1, 1, 1, 0, 1, 1, 0, 1
1, 1, 1, 1, 0, 1, 1, 1, 1
1, 1, 1, 1, 1, 0, 0, 0, 1
1, 1, 1, 1, 1, 0, 0, 1, 1
1, 1, 1, 1, 1, 0, 1, 0, 1
1, 1, 1, 1, 1, 0, 1, 1, 1
1, 1, 1, 1, 1, 1, 0, 0, 1
1, 1, 1, 1, 1, 1, 0, 1, 1
1, 1, 1, 1, 1, 1, 1, 0, 1
1, 1, 1, 1, 1, 1, 1, 1, 1
# ship2d (ship2, ship2d)
0, 0
1, 1
# shp1 (erbb11, shp1)
0, 0
1, 1
# shp1d (shp1, shp1d)
0, 0
1, 1
# shp2 (gab1, shp2)
0, 0
1, 1
# sos1 (grb2, p90rskerk12d, sos1r, sos1)
0, 0, 0, 0
0, 0, 1, 0
0, 1, 0, 0
0, 1, 1, 0
1, 0, 0, 0
1, 0, 1, 1
1, 1, 0, 0
1, 1, 1, 0
# sos1esp8e3b1 (esp8r, pi3kr, pip3, sos1r, sos1esp8e3b1)
0, 0, 0, 0, 0
0, 0, 0, 1, 0
0, 0, 1, 0, 0
0, 0, 1, 1, 0
0, 1, 0, 0, 0
0, 1, 0, 1, 0
0, 1, 1, 0, 0
0, 1, 1, 1, 0
1, 0, 0, 0, 0
1, 0, 0, 1, 0
1, 0, 1, 0, 0
1, 0, 1, 1, 0
1, 1, 0, 0, 0
1, 1, 0, 1, 0
1, 1, 1, 0, 0
1, 1, 1, 1, 1
# stat1 (csrc, erbb11, stat1)
0, 0, 0
0, 1, 0
1, 0, 0
1, 1, 1
# stat3 (csrc, erbb11, stat3)
0, 0, 0
0, 1, 0
1, 0, 0
1, 1, 1
# stat5 (csrc, erbb11, erbb24, stat5)
0, 0, 0, 0
0, 0, 1, 0
0, 1, 0, 0
0, 1, 1, 0
1, 0, 0, 0
1, 0, 1, 1
1, 1, 0, 1
1, 1, 1, 1
# tsc1_tsc2 (akt, tsc1_tsc2)
0, 1
1, 0
# vav2 (erbb11, pi34p2, pip3, vav2)
0, 0, 0, 0
0, 0, 1, 0
0, 1, 0, 0
0, 1, 1, 0
1, 0, 0, 0
1, 0, 1, 1
1, 1, 0, 1
1, 1, 1, 1
