## ADD ATM ATR BRCA1 CHK1 CHK2 CHKREC DNAPK DSB FAcore FAN1 FANCD1N FANCD2I FANCJBRCA1 FANCM H2AX HRR ICL KU MRN MUS81 NHEJ p53 PCNATLS RAD51 ssDNARPA USP1 XPF
# ADD (ADD, FAN1, MUS81, PCNATLS, XPF, ADD)
0, 0, 0, 0, 0, 0
0, 0, 0, 0, 1, 0
0, 0, 0, 1, 0, 0
0, 0, 0, 1, 1, 0
0, 0, 1, 0, 0, 0
0, 0, 1, 0, 1, 1
0, 0, 1, 1, 0, 0
0, 0, 1, 1, 1, 0
0, 1, 0, 0, 0, 0
0, 1, 0, 0, 1, 0
0, 1, 0, 1, 0, 0
0, 1, 0, 1, 1, 0
0, 1, 1, 0, 0, 1
0, 1, 1, 0, 1, 1
0, 1, 1, 1, 0, 0
0, 1, 1, 1, 1, 0
1, 0, 0, 0, 0, 1
1, 0, 0, 0, 1, 1
1, 0, 0, 1, 0, 0
1, 0, 0, 1, 1, 0
1, 0, 1, 0, 0, 1
1, 0, 1, 0, 1, 1
1, 0, 1, 1, 0, 0
1, 0, 1, 1, 1, 0
1, 1, 0, 0, 0, 1
1, 1, 0, 0, 1, 1
1, 1, 0, 1, 0, 0
1, 1, 0, 1, 1, 0
1, 1, 1, 0, 0, 1
1, 1, 1, 0, 1, 1
1, 1, 1, 1, 0, 0
1, 1, 1, 1, 1, 0
# ATM (ATR, CHKREC, DSB, ATM)
0, 0, 0, 0
0, 0, 1, 1
0, 1, 0, 0
0, 1, 1, 0
1, 0, 0, 1
1, 0, 1, 1
1, 1, 0, 0
1, 1, 1, 0
# ATR (ATM, CHKREC, FANCM, ssDNARPA, ATR)
0, 0, 0, 0, 0
0, 0, 0, 1, 1
0, 0, 1, 0, 1
0, 0, 1, 1, 1
0, 1, 0, 0, 0
0, 1, 0, 1, 0
0, 1, 1, 0, 0
0, 1, 1, 1, 0
1, 0, 0, 0, 1
1, 0, 0, 1, 1
1, 0, 1, 0, 1
1, 0, 1, 1, 1
1, 1, 0, 0, 0
1, 1, 0, 1, 0
1, 1, 1, 0, 0
1, 1, 1, 1, 0
# BRCA1 (ATM, ATR, CHK2, CHKREC, DSB, BRCA1)
0, 0, 0, 0, 0, 0
0, 0, 0, 0, 1, 0
0, 0, 0, 1, 0, 0
0, 0, 0, 1, 1, 0
0, 0, 1, 0, 0, 0
0, 0, 1, 0, 1, 1
0, 0, 1, 1, 0, 0
0, 0, 1, 1, 1, 0
0, 1, 0, 0, 0, 0
0, 1, 0, 0, 1, 1
0, 1, 0, 1, 0, 0
0, 1, 0, 1, 1, 0
0, 1, 1, 0, 0, 0
0, 1, 1, 0, 1, 1
0, 1, 1, 1, 0, 0
0, 1, 1, 1, 1, 0
1, 0, 0, 0, 0, 0
1, 0, 0, 0, 1, 1
1, 0, 0, 1, 0, 0
1, 0, 0, 1, 1, 0
1, 0, 1, 0, 0, 0
1, 0, 1, 0, 1, 1
1, 0, 1, 1, 0, 0
1, 0, 1, 1, 1, 0
1, 1, 0, 0, 0, 0
1, 1, 0, 0, 1, 1
1, 1, 0, 1, 0, 0
1, 1, 0, 1, 1, 0
1, 1, 1, 0, 0, 0
1, 1, 1, 0, 1, 1
1, 1, 1, 1, 0, 0
1, 1, 1, 1, 1, 0
# CHK1 (ATM, ATR, CHKREC, DNAPK, CHK1)
0, 0, 0, 0, 0
0, 0, 0, 1, 1
0, 0, 1, 0, 0
0, 0, 1, 1, 0
0, 1, 0, 0, 1
0, 1, 0, 1, 1
0, 1, 1, 0, 0
0, 1, 1, 1, 0
1, 0, 0, 0, 1
1, 0, 0, 1, 1
1, 0, 1, 0, 0
1, 0, 1, 1, 0
1, 1, 0, 0, 1
1, 1, 0, 1, 1
1, 1, 1, 0, 0
1, 1, 1, 1, 0
# CHK2 (ATM, ATR, CHKREC, DNAPK, CHK2)
0, 0, 0, 0, 0
0, 0, 0, 1, 1
0, 0, 1, 0, 0
0, 0, 1, 1, 0
0, 1, 0, 0, 1
0, 1, 0, 1, 1
0, 1, 1, 0, 0
0, 1, 1, 1, 0
1, 0, 0, 0, 1
1, 0, 0, 1, 1
1, 0, 1, 0, 0
1, 0, 1, 1, 0
1, 1, 0, 0, 1
1, 1, 0, 1, 1
1, 1, 1, 0, 0
1, 1, 1, 1, 0
# CHKREC (ADD, CHKREC, DSB, HRR, ICL, NHEJ, PCNATLS, CHKREC)
0, 0, 0, 0, 0, 0, 0, 1
0, 0, 0, 0, 0, 0, 1, 1
0, 0, 0, 0, 0, 1, 0, 1
0, 0, 0, 0, 0, 1, 1, 1
0, 0, 0, 0, 1, 0, 0, 0
0, 0, 0, 0, 1, 0, 1, 1
0, 0, 0, 0, 1, 1, 0, 1
0, 0, 0, 0, 1, 1, 1, 1
0, 0, 0, 1, 0, 0, 0, 1
0, 0, 0, 1, 0, 0, 1, 1
0, 0, 0, 1, 0, 1, 0, 1
0, 0, 0, 1, 0, 1, 1, 1
0, 0, 0, 1, 1, 0, 0, 1
0, 0, 0, 1, 1, 0, 1, 1
0, 0, 0, 1, 1, 1, 0, 1
0, 0, 0, 1, 1, 1, 1, 1
0, 0, 1, 0, 0, 0, 0, 0
0, 0, 1, 0, 0, 0, 1, 0
0, 0, 1, 0, 0, 1, 0, 0
0, 0, 1, 0, 0, 1, 1, 0
0, 0, 1, 0, 1, 0, 0, 0
0, 0, 1, 0, 1, 0, 1, 0
0, 0, 1, 0, 1, 1, 0, 0
0, 0, 1, 0, 1, 1, 1, 0
0, 0, 1, 1, 0, 0, 0, 0
0, 0, 1, 1, 0, 0, 1, 0
0, 0, 1, 1, 0, 1, 0, 0
0, 0, 1, 1, 0, 1, 1, 0
0, 0, 1, 1, 1, 0, 0, 0
0, 0, 1, 1, 1, 0, 1, 0
0, 0, 1, 1, 1, 1, 0, 0
0, 0, 1, 1, 1, 1, 1, 0
0, 1, 0, 0, 0, 0, 0, 0
0, 1, 0, 0, 0, 0, 1, 1
0, 1, 0, 0, 0, 1, 0, 1
0, 1, 0, 0, 0, 1, 1, 1
0, 1, 0, 0, 1, 0, 0, 0
0, 1, 0, 0, 1, 0, 1, 1
0, 1, 0, 0, 1, 1, 0, 1
0, 1, 0, 0, 1, 1, 1, 1
0, 1, 0, 1, 0, 0, 0, 1
0, 1, 0, 1, 0, 0, 1, 1
0, 1, 0, 1, 0, 1, 0, 1
0, 1, 0, 1, 0, 1, 1, 1
0, 1, 0, 1, 1, 0, 0, 1
0, 1, 0, 1, 1, 0, 1, 1
0, 1, 0, 1, 1, 1, 0, 1
0, 1, 0, 1, 1, 1, 1, 1
0, 1, 1, 0, 0, 0, 0, 0
0, 1, 1, 0, 0, 0, 1, 0
0, 1, 1, 0, 0, 1, 0, 0
0, 1, 1, 0, 0, 1, 1, 0
0, 1, 1, 0, 1, 0, 0, 0
0, 1, 1, 0, 1, 0, 1, 0
0, 1, 1, 0, 1, 1, 0, 0
0, 1, 1, 0, 1, 1, 1, 0
0, 1, 1, 1, 0, 0, 0, 0
0, 1, 1, 1, 0, 0, 1, 0
0, 1, 1, 1, 0, 1, 0, 0
0, 1, 1, 1, 0, 1, 1, 0
0, 1, 1, 1, 1, 0, 0, 0
0, 1, 1, 1, 1, 0, 1, 0
0, 1, 1, 1, 1, 1, 0, 0
0, 1, 1, 1, 1, 1, 1, 0
1, 0, 0, 0, 0, 0, 0, 0
1, 0, 0, 0, 0, 0, 1, 1
1, 0, 0, 0, 0, 1, 0, 1
1, 0, 0, 0, 0, 1, 1, 1
1, 0, 0, 0, 1, 0, 0, 0
1, 0, 0, 0, 1, 0, 1, 1
1, 0, 0, 0, 1, 1, 0, 1
1, 0, 0, 0, 1, 1, 1, 1
1, 0, 0, 1, 0, 0, 0, 1
1, 0, 0, 1, 0, 0, 1, 1
1, 0, 0, 1, 0, 1, 0, 1
1, 0, 0, 1, 0, 1, 1, 1
1, 0, 0, 1, 1, 0, 0, 1
1, 0, 0, 1, 1, 0, 1, 1
1, 0, 0, 1, 1, 1, 0, 1
1, 0, 0, 1, 1, 1, 1, 1
1, 0, 1, 0, 0, 0, 0, 0
1, 0, 1, 0, 0, 0, 1, 0
1, 0, 1, 0, 0, 1, 0, 0
1, 0, 1, 0, 0, 1, 1, 0
1, 0, 1, 0, 1, 0, 0, 0
1, 0, 1, 0, 1, 0, 1, 0
1, 0, 1, 0, 1, 1, 0, 0
1, 0, 1, 0, 1, 1, 1, 0
1, 0, 1, 1, 0, 0, 0, 0
1, 0, 1, 1, 0, 0, 1, 0
1, 0, 1, 1, 0, 1, 0, 0
1, 0, 1, 1, 0, 1, 1, 0
1, 0, 1, 1, 1, 0, 0, 0
1, 0, 1, 1, 1, 0, 1, 0
1, 0, 1, 1, 1, 1, 0, 0
1, 0, 1, 1, 1, 1, 1, 0
1, 1, 0, 0, 0, 0, 0, 0
1, 1, 0, 0, 0, 0, 1, 1
1, 1, 0, 0, 0, 1, 0, 1
1, 1, 0, 0, 0, 1, 1, 1
1, 1, 0, 0, 1, 0, 0, 0
1, 1, 0, 0, 1, 0, 1, 1
1, 1, 0, 0, 1, 1, 0, 1
1, 1, 0, 0, 1, 1, 1, 1
1, 1, 0, 1, 0, 0, 0, 1
1, 1, 0, 1, 0, 0, 1, 1
1, 1, 0, 1, 0, 1, 0, 1
1, 1, 0, 1, 0, 1, 1, 1
1, 1, 0, 1, 1, 0, 0, 1
1, 1, 0, 1, 1, 0, 1, 1
1, 1, 0, 1, 1, 1, 0, 1
1, 1, 0, 1, 1, 1, 1, 1
1, 1, 1, 0, 0, 0, 0, 0
1, 1, 1, 0, 0, 0, 1, 0
1, 1, 1, 0, 0, 1, 0, 0
1, 1, 1, 0, 0, 1, 1, 0
1, 1, 1, 0, 1, 0, 0, 0
1, 1, 1, 0, 1, 0, 1, 0
1, 1, 1, 0, 1, 1, 0, 0
1, 1, 1, 0, 1, 1, 1, 0
1, 1, 1, 1, 0, 0, 0, 0
1, 1, 1, 1, 0, 0, 1, 0
1, 1, 1, 1, 0, 1, 0, 0
1, 1, 1, 1, 0, 1, 1, 0
1, 1, 1, 1, 1, 0, 0, 0
1, 1, 1, 1, 1, 0, 1, 0
1, 1, 1, 1, 1, 1, 0, 0
1, 1, 1, 1, 1, 1, 1, 0
# DNAPK (CHKREC, DSB, KU, DNAPK)
0, 0, 0, 0
0, 0, 1, 0
0, 1, 0, 0
0, 1, 1, 1
1, 0, 0, 0
1, 0, 1, 0
1, 1, 0, 0
1, 1, 1, 0
# DSB (DSB, FAN1, HRR, NHEJ, XPF, DSB)
0, 0, 0, 0, 0, 0
0, 0, 0, 0, 1, 1
0, 0, 0, 1, 0, 0
0, 0, 0, 1, 1, 0
0, 0, 1, 0, 0, 0
0, 0, 1, 0, 1, 0
0, 0, 1, 1, 0, 0
0, 0, 1, 1, 1, 0
0, 1, 0, 0, 0, 1
0, 1, 0, 0, 1, 1
0, 1, 0, 1, 0, 0
0, 1, 0, 1, 1, 0
0, 1, 1, 0, 0, 0
0, 1, 1, 0, 1, 0
0, 1, 1, 1, 0, 0
0, 1, 1, 1, 1, 0
1, 0, 0, 0, 0, 1
1, 0, 0, 0, 1, 1
1, 0, 0, 1, 0, 0
1, 0, 0, 1, 1, 0
1, 0, 1, 0, 0, 0
1, 0, 1, 0, 1, 0
1, 0, 1, 1, 0, 0
1, 0, 1, 1, 1, 0
1, 1, 0, 0, 0, 1
1, 1, 0, 0, 1, 1
1, 1, 0, 1, 0, 0
1, 1, 0, 1, 1, 0
1, 1, 1, 0, 0, 0
1, 1, 1, 0, 1, 0
1, 1, 1, 1, 0, 0
1, 1, 1, 1, 1, 0
# FAcore (ATM, ATR, CHKREC, FANCM, FAcore)
0, 0, 0, 0, 0
0, 0, 0, 1, 0
0, 0, 1, 0, 0
0, 0, 1, 1, 0
0, 1, 0, 0, 0
0, 1, 0, 1, 1
0, 1, 1, 0, 0
0, 1, 1, 1, 0
1, 0, 0, 0, 0
1, 0, 0, 1, 1
1, 0, 1, 0, 0
1, 0, 1, 1, 0
1, 1, 0, 0, 0
1, 1, 0, 1, 1
1, 1, 1, 0, 0
1, 1, 1, 1, 0
# FAN1 (FANCD2I, MUS81, FAN1)
0, 0, 0
0, 1, 0
1, 0, 0
1, 1, 1
# FANCD1N (BRCA1, CHKREC, FANCD2I, ssDNARPA, FANCD1N)
0, 0, 0, 0, 0
0, 0, 0, 1, 0
0, 0, 1, 0, 0
0, 0, 1, 1, 1
0, 1, 0, 0, 0
0, 1, 0, 1, 0
0, 1, 1, 0, 0
0, 1, 1, 1, 0
1, 0, 0, 0, 0
1, 0, 0, 1, 1
1, 0, 1, 0, 0
1, 0, 1, 1, 1
1, 1, 0, 0, 0
1, 1, 0, 1, 1
1, 1, 1, 0, 0
1, 1, 1, 1, 1
# FANCD2I (ATM, ATR, DSB, FAcore, H2AX, USP1, FANCD2I)
0, 0, 0, 0, 0, 0, 0
0, 0, 0, 0, 0, 1, 0
0, 0, 0, 0, 1, 0, 0
0, 0, 0, 0, 1, 1, 0
0, 0, 0, 1, 0, 0, 0
0, 0, 0, 1, 0, 1, 0
0, 0, 0, 1, 1, 0, 0
0, 0, 0, 1, 1, 1, 0
0, 0, 1, 0, 0, 0, 0
0, 0, 1, 0, 0, 1, 0
0, 0, 1, 0, 1, 0, 0
0, 0, 1, 0, 1, 1, 0
0, 0, 1, 1, 0, 0, 0
0, 0, 1, 1, 0, 1, 0
0, 0, 1, 1, 1, 0, 1
0, 0, 1, 1, 1, 1, 0
0, 1, 0, 0, 0, 0, 0
0, 1, 0, 0, 0, 1, 0
0, 1, 0, 0, 1, 0, 0
0, 1, 0, 0, 1, 1, 0
0, 1, 0, 1, 0, 0, 1
0, 1, 0, 1, 0, 1, 0
0, 1, 0, 1, 1, 0, 1
0, 1, 0, 1, 1, 1, 0
0, 1, 1, 0, 0, 0, 0
0, 1, 1, 0, 0, 1, 0
0, 1, 1, 0, 1, 0, 0
0, 1, 1, 0, 1, 1, 0
0, 1, 1, 1, 0, 0, 1
0, 1, 1, 1, 0, 1, 0
0, 1, 1, 1, 1, 0, 1
0, 1, 1, 1, 1, 1, 0
1, 0, 0, 0, 0, 0, 0
1, 0, 0, 0, 0, 1, 0
1, 0, 0, 0, 1, 0, 0
1, 0, 0, 0, 1, 1, 0
1, 0, 0, 1, 0, 0, 1
1, 0, 0, 1, 0, 1, 0
1, 0, 0, 1, 1, 0, 1
1, 0, 0, 1, 1, 1, 0
1, 0, 1, 0, 0, 0, 0
1, 0, 1, 0, 0, 1, 0
1, 0, 1, 0, 1, 0, 0
1, 0, 1, 0, 1, 1, 0
1, 0, 1, 1, 0, 0, 1
1, 0, 1, 1, 0, 1, 0
1, 0, 1, 1, 1, 0, 1
1, 0, 1, 1, 1, 1, 0
1, 1, 0, 0, 0, 0, 0
1, 1, 0, 0, 0, 1, 0
1, 1, 0, 0, 1, 0, 0
1, 1, 0, 0, 1, 1, 0
1, 1, 0, 1, 0, 0, 1
1, 1, 0, 1, 0, 1, 0
1, 1, 0, 1, 1, 0, 1
1, 1, 0, 1, 1, 1, 0
1, 1, 1, 0, 0, 0, 0
1, 1, 1, 0, 0, 1, 0
1, 1, 1, 0, 1, 0, 0
1, 1, 1, 0, 1, 1, 0
1, 1, 1, 1, 0, 0, 1
1, 1, 1, 1, 0, 1, 0
1, 1, 1, 1, 1, 0, 1
1, 1, 1, 1, 1, 1, 0
# FANCJBRCA1 (ATM, ATR, ICL, ssDNARPA, FANCJBRCA1)
0, 0, 0, 0, 0
0, 0, 0, 1, 0
0, 0, 1, 0, 0
0, 0, 1, 1, 0
0, 1, 0, 0, 0
0, 1, 0, 1, 1
0, 1, 1, 0, 1
0, 1, 1, 1, 1
1, 0, 0, 0, 0
1, 0, 0, 1, 1
1, 0, 1, 0, 1
1, 0, 1, 1, 1
1, 1, 0, 0, 0
1, 1, 0, 1, 1
1, 1, 1, 0, 1
1, 1, 1, 1, 1
# FANCM (CHKREC, ICL, FANCM)
0, 0, 0
0, 1, 1
1, 0, 0
1, 1, 0
# H2AX (ATM, ATR, CHKREC, DNAPK, DSB, H2AX)
0, 0, 0, 0, 0, 0
0, 0, 0, 0, 1, 0
0, 0, 0, 1, 0, 0
0, 0, 0, 1, 1, 1
0, 0, 1, 0, 0, 0
0, 0, 1, 0, 1, 0
0, 0, 1, 1, 0, 0
0, 0, 1, 1, 1, 0
0, 1, 0, 0, 0, 0
0, 1, 0, 0, 1, 1
0, 1, 0, 1, 0, 0
0, 1, 0, 1, 1, 1
0, 1, 1, 0, 0, 0
0, 1, 1, 0, 1, 0
0, 1, 1, 1, 0, 0
0, 1, 1, 1, 1, 0
1, 0, 0, 0, 0, 0
1, 0, 0, 0, 1, 1
1, 0, 0, 1, 0, 0
1, 0, 0, 1, 1, 1
1, 0, 1, 0, 0, 0
1, 0, 1, 0, 1, 0
1, 0, 1, 1, 0, 0
1, 0, 1, 1, 1, 0
1, 1, 0, 0, 0, 0
1, 1, 0, 0, 1, 1
1, 1, 0, 1, 0, 0
1, 1, 0, 1, 1, 1
1, 1, 1, 0, 0, 0
1, 1, 1, 0, 1, 0
1, 1, 1, 1, 0, 0
1, 1, 1, 1, 1, 0
# HRR (BRCA1, CHKREC, DSB, FANCD1N, RAD51, HRR)
0, 0, 0, 0, 0, 0
0, 0, 0, 0, 1, 0
0, 0, 0, 1, 0, 0
0, 0, 0, 1, 1, 0
0, 0, 1, 0, 0, 0
0, 0, 1, 0, 1, 0
0, 0, 1, 1, 0, 0
0, 0, 1, 1, 1, 0
0, 1, 0, 0, 0, 0
0, 1, 0, 0, 1, 0
0, 1, 0, 1, 0, 0
0, 1, 0, 1, 1, 0
0, 1, 1, 0, 0, 0
0, 1, 1, 0, 1, 0
0, 1, 1, 1, 0, 0
0, 1, 1, 1, 1, 0
1, 0, 0, 0, 0, 0
1, 0, 0, 0, 1, 0
1, 0, 0, 1, 0, 0
1, 0, 0, 1, 1, 0
1, 0, 1, 0, 0, 0
1, 0, 1, 0, 1, 0
1, 0, 1, 1, 0, 0
1, 0, 1, 1, 1, 1
1, 1, 0, 0, 0, 0
1, 1, 0, 0, 1, 0
1, 1, 0, 1, 0, 0
1, 1, 0, 1, 1, 0
1, 1, 1, 0, 0, 0
1, 1, 1, 0, 1, 0
1, 1, 1, 1, 0, 0
1, 1, 1, 1, 1, 0
# ICL (DSB, ICL, ICL)
0, 0, 0
0, 1, 1
1, 0, 0
1, 1, 0
# KU (CHKREC, DSB, FANCD2I, MRN, KU)
0, 0, 0, 0, 0
0, 0, 0, 1, 0
0, 0, 1, 0, 0
0, 0, 1, 1, 0
0, 1, 0, 0, 1
0, 1, 0, 1, 0
0, 1, 1, 0, 0
0, 1, 1, 1, 0
1, 0, 0, 0, 0
1, 0, 0, 1, 0
1, 0, 1, 0, 0
1, 0, 1, 1, 0
1, 1, 0, 0, 0
1, 1, 0, 1, 0
1, 1, 1, 0, 0
1, 1, 1, 1, 0
# MRN (ATM, CHKREC, DSB, FANCD2I, KU, RAD51, MRN)
0, 0, 0, 0, 0, 0, 0
0, 0, 0, 0, 0, 1, 0
0, 0, 0, 0, 1, 0, 0
0, 0, 0, 0, 1, 1, 0
0, 0, 0, 1, 0, 0, 0
0, 0, 0, 1, 0, 1, 0
0, 0, 0, 1, 1, 0, 0
0, 0, 0, 1, 1, 1, 0
0, 0, 1, 0, 0, 0, 0
0, 0, 1, 0, 0, 1, 0
0, 0, 1, 0, 1, 0, 0
0, 0, 1, 0, 1, 1, 0
0, 0, 1, 1, 0, 0, 0
0, 0, 1, 1, 0, 1, 0
0, 0, 1, 1, 1, 0, 0
0, 0, 1, 1, 1, 1, 0
0, 1, 0, 0, 0, 0, 0
0, 1, 0, 0, 0, 1, 0
0, 1, 0, 0, 1, 0, 0
0, 1, 0, 0, 1, 1, 0
0, 1, 0, 1, 0, 0, 0
0, 1, 0, 1, 0, 1, 0
0, 1, 0, 1, 1, 0, 0
0, 1, 0, 1, 1, 1, 0
0, 1, 1, 0, 0, 0, 0
0, 1, 1, 0, 0, 1, 0
0, 1, 1, 0, 1, 0, 0
0, 1, 1, 0, 1, 1, 0
0, 1, 1, 1, 0, 0, 0
0, 1, 1, 1, 0, 1, 0
0, 1, 1, 1, 1, 0, 0
0, 1, 1, 1, 1, 1, 0
1, 0, 0, 0, 0, 0, 0
1, 0, 0, 0, 0, 1, 0
1, 0, 0, 0, 1, 0, 0
1, 0, 0, 0, 1, 1, 0
1, 0, 0, 1, 0, 0, 0
1, 0, 0, 1, 0, 1, 0
1, 0, 0, 1, 1, 0, 0
1, 0, 0, 1, 1, 1, 0
1, 0, 1, 0, 0, 0, 1
1, 0, 1, 0, 0, 1, 0
1, 0, 1, 0, 1, 0, 1
1, 0, 1, 0, 1, 1, 0
1, 0, 1, 1, 0, 0, 1
1, 0, 1, 1, 0, 1, 0
1, 0, 1, 1, 1, 0, 0
1, 0, 1, 1, 1, 1, 0
1, 1, 0, 0, 0, 0, 0
1, 1, 0, 0, 0, 1, 0
1, 1, 0, 0, 1, 0, 0
1, 1, 0, 0, 1, 1, 0
1, 1, 0, 1, 0, 0, 0
1, 1, 0, 1, 0, 1, 0
1, 1, 0, 1, 1, 0, 0
1, 1, 0, 1, 1, 1, 0
1, 1, 1, 0, 0, 0, 0
1, 1, 1, 0, 0, 1, 0
1, 1, 1, 0, 1, 0, 0
1, 1, 1, 0, 1, 1, 0
1, 1, 1, 1, 0, 0, 0
1, 1, 1, 1, 0, 1, 0
1, 1, 1, 1, 1, 0, 0
1, 1, 1, 1, 1, 1, 0
# MUS81 (ICL, MUS81)
0, 0
1, 1
# NHEJ (ATM, ATR, CHKREC, DNAPK, DSB, FANCJBRCA1, KU, XPF, ssDNARPA, NHEJ)
0, 0, 0, 0, 0, 0, 0, 0, 0, 0
0, 0, 0, 0, 0, 0, 0, 0, 1, 0
0, 0, 0, 0, 0, 0, 0, 1, 0, 0
0, 0, 0, 0, 0, 0, 0, 1, 1, 0
0, 0, 0, 0, 0, 0, 1, 0, 0, 0
0, 0, 0, 0, 0, 0, 1, 0, 1, 0
0, 0, 0, 0, 0, 0, 1, 1, 0, 0
0, 0, 0, 0, 0, 0, 1, 1, 1, 0
0, 0, 0, 0, 0, 1, 0, 0, 0, 0
0, 0, 0, 0, 0, 1, 0, 0, 1, 0
0, 0, 0, 0, 0, 1, 0, 1, 0, 0
0, 0, 0, 0, 0, 1, 0, 1, 1, 0
0, 0, 0, 0, 0, 1, 1, 0, 0, 0
0, 0, 0, 0, 0, 1, 1, 0, 1, 0
0, 0, 0, 0, 0, 1, 1, 1, 0, 0
0, 0, 0, 0, 0, 1, 1, 1, 1, 0
0, 0, 0, 0, 1, 0, 0, 0, 0, 0
0, 0, 0, 0, 1, 0, 0, 0, 1, 0
0, 0, 0, 0, 1, 0, 0, 1, 0, 0
0, 0, 0, 0, 1, 0, 0, 1, 1, 0
0, 0, 0, 0, 1, 0, 1, 0, 0, 0
0, 0, 0, 0, 1, 0, 1, 0, 1, 0
0, 0, 0, 0, 1, 0, 1, 1, 0, 0
0, 0, 0, 0, 1, 0, 1, 1, 1, 0
0, 0, 0, 0, 1, 1, 0, 0, 0, 0
0, 0, 0, 0, 1, 1, 0, 0, 1, 0
0, 0, 0, 0, 1, 1, 0, 1, 0, 0
0, 0, 0, 0, 1, 1, 0, 1, 1, 0
0, 0, 0, 0, 1, 1, 1, 0, 0, 0
0, 0, 0, 0, 1, 1, 1, 0, 1, 0
0, 0, 0, 0, 1, 1, 1, 1, 0, 0
0, 0, 0, 0, 1, 1, 1, 1, 1, 0
0, 0, 0, 1, 0, 0, 0, 0, 0, 0
0, 0, 0, 1, 0, 0, 0, 0, 1, 0
0, 0, 0, 1, 0, 0, 0, 1, 0, 0
0, 0, 0, 1, 0, 0, 0, 1, 1, 0
0, 0, 0, 1, 0, 0, 1, 0, 0, 0
0, 0, 0, 1, 0, 0, 1, 0, 1, 0
0, 0, 0, 1, 0, 0, 1, 1, 0, 0
0, 0, 0, 1, 0, 0, 1, 1, 1, 0
0, 0, 0, 1, 0, 1, 0, 0, 0, 0
0, 0, 0, 1, 0, 1, 0, 0, 1, 0
0, 0, 0, 1, 0, 1, 0, 1, 0, 0
0, 0, 0, 1, 0, 1, 0, 1, 1, 0
0, 0, 0, 1, 0, 1, 1, 0, 0, 0
0, 0, 0, 1, 0, 1, 1, 0, 1, 0
0, 0, 0, 1, 0, 1, 1, 1, 0, 0
0, 0, 0, 1, 0, 1, 1, 1, 1, 0
0, 0, 0, 1, 1, 0, 0, 0, 0, 0
0, 0, 0, 1, 1, 0, 0, 0, 1, 0
0, 0, 0, 1, 1, 0, 0, 1, 0, 1
0, 0, 0, 1, 1, 0, 0, 1, 1, 1
0, 0, 0, 1, 1, 0, 1, 0, 0, 1
0, 0, 0, 1, 1, 0, 1, 0, 1, 1
0, 0, 0, 1, 1, 0, 1, 1, 0, 1
0, 0, 0, 1, 1, 0, 1, 1, 1, 1
0, 0, 0, 1, 1, 1, 0, 0, 0, 0
0, 0, 0, 1, 1, 1, 0, 0, 1, 0
0, 0, 0, 1, 1, 1, 0, 1, 0, 1
0, 0, 0, 1, 1, 1, 0, 1, 1, 0
0, 0, 0, 1, 1, 1, 1, 0, 0, 1
0, 0, 0, 1, 1, 1, 1, 0, 1, 1
0, 0, 0, 1, 1, 1, 1, 1, 0, 1
0, 0, 0, 1, 1, 1, 1, 1, 1, 1
0, 0, 1, 0, 0, 0, 0, 0, 0, 0
0, 0, 1, 0, 0, 0, 0, 0, 1, 0
0, 0, 1, 0, 0, 0, 0, 1, 0, 0
0, 0, 1, 0, 0, 0, 0, 1, 1, 0
0, 0, 1, 0, 0, 0, 1, 0, 0, 0
0, 0, 1, 0, 0, 0, 1, 0, 1, 0
0, 0, 1, 0, 0, 0, 1, 1, 0, 0
0, 0, 1, 0, 0, 0, 1, 1, 1, 0
0, 0, 1, 0, 0, 1, 0, 0, 0, 0
0, 0, 1, 0, 0, 1, 0, 0, 1, 0
0, 0, 1, 0, 0, 1, 0, 1, 0, 0
0, 0, 1, 0, 0, 1, 0, 1, 1, 0
0, 0, 1, 0, 0, 1, 1, 0, 0, 0
0, 0, 1, 0, 0, 1, 1, 0, 1, 0
0, 0, 1, 0, 0, 1, 1, 1, 0, 0
0, 0, 1, 0, 0, 1, 1, 1, 1, 0
0, 0, 1, 0, 1, 0, 0, 0, 0, 0
0, 0, 1, 0, 1, 0, 0, 0, 1, 0
0, 0, 1, 0, 1, 0, 0, 1, 0, 0
0, 0, 1, 0, 1, 0, 0, 1, 1, 0
0, 0, 1, 0, 1, 0, 1, 0, 0, 0
0, 0, 1, 0, 1, 0, 1, 0, 1, 0
0, 0, 1, 0, 1, 0, 1, 1, 0, 0
0, 0, 1, 0, 1, 0, 1, 1, 1, 0
0, 0, 1, 0, 1, 1, 0, 0, 0, 0
0, 0, 1, 0, 1, 1, 0, 0, 1, 0
0, 0, 1, 0, 1, 1, 0, 1, 0, 0
0, 0, 1, 0, 1, 1, 0, 1, 1, 0
0, 0, 1, 0, 1, 1, 1, 0, 0, 0
0, 0, 1, 0, 1, 1, 1, 0, 1, 0
0, 0, 1, 0, 1, 1, 1, 1, 0, 0
0, 0, 1, 0, 1, 1, 1, 1, 1, 0
0, 0, 1, 1, 0, 0, 0, 0, 0, 0
0, 0, 1, 1, 0, 0, 0, 0, 1, 0
0, 0, 1, 1, 0, 0, 0, 1, 0, 0
0, 0, 1, 1, 0, 0, 0, 1, 1, 0
0, 0, 1, 1, 0, 0, 1, 0, 0, 0
0, 0, 1, 1, 0, 0, 1, 0, 1, 0
0, 0, 1, 1, 0, 0, 1, 1, 0, 0
0, 0, 1, 1, 0, 0, 1, 1, 1, 0
0, 0, 1, 1, 0, 1, 0, 0, 0, 0
0, 0, 1, 1, 0, 1, 0, 0, 1, 0
0, 0, 1, 1, 0, 1, 0, 1, 0, 0
0, 0, 1, 1, 0, 1, 0, 1, 1, 0
0, 0, 1, 1, 0, 1, 1, 0, 0, 0
0, 0, 1, 1, 0, 1, 1, 0, 1, 0
0, 0, 1, 1, 0, 1, 1, 1, 0, 0
0, 0, 1, 1, 0, 1, 1, 1, 1, 0
0, 0, 1, 1, 1, 0, 0, 0, 0, 0
0, 0, 1, 1, 1, 0, 0, 0, 1, 0
0, 0, 1, 1, 1, 0, 0, 1, 0, 0
0, 0, 1, 1, 1, 0, 0, 1, 1, 0
0, 0, 1, 1, 1, 0, 1, 0, 0, 1
0, 0, 1, 1, 1, 0, 1, 0, 1, 1
0, 0, 1, 1, 1, 0, 1, 1, 0, 1
0, 0, 1, 1, 1, 0, 1, 1, 1, 1
0, 0, 1, 1, 1, 1, 0, 0, 0, 0
0, 0, 1, 1, 1, 1, 0, 0, 1, 0
0, 0, 1, 1, 1, 1, 0, 1, 0, 0
0, 0, 1, 1, 1, 1, 0, 1, 1, 0
0, 0, 1, 1, 1, 1, 1, 0, 0, 1
0, 0, 1, 1, 1, 1, 1, 0, 1, 1
0, 0, 1, 1, 1, 1, 1, 1, 0, 1
0, 0, 1, 1, 1, 1, 1, 1, 1, 1
0, 1, 0, 0, 0, 0, 0, 0, 0, 0
0, 1, 0, 0, 0, 0, 0, 0, 1, 0
0, 1, 0, 0, 0, 0, 0, 1, 0, 0
0, 1, 0, 0, 0, 0, 0, 1, 1, 0
0, 1, 0, 0, 0, 0, 1, 0, 0, 0
0, 1, 0, 0, 0, 0, 1, 0, 1, 0
0, 1, 0, 0, 0, 0, 1, 1, 0, 0
0, 1, 0, 0, 0, 0, 1, 1, 1, 0
0, 1, 0, 0, 0, 1, 0, 0, 0, 0
0, 1, 0, 0, 0, 1, 0, 0, 1, 0
0, 1, 0, 0, 0, 1, 0, 1, 0, 0
0, 1, 0, 0, 0, 1, 0, 1, 1, 0
0, 1, 0, 0, 0, 1, 1, 0, 0, 0
0, 1, 0, 0, 0, 1, 1, 0, 1, 0
0, 1, 0, 0, 0, 1, 1, 1, 0, 0
0, 1, 0, 0, 0, 1, 1, 1, 1, 0
0, 1, 0, 0, 1, 0, 0, 0, 0, 0
0, 1, 0, 0, 1, 0, 0, 0, 1, 0
0, 1, 0, 0, 1, 0, 0, 1, 0, 0
0, 1, 0, 0, 1, 0, 0, 1, 1, 0
0, 1, 0, 0, 1, 0, 1, 0, 0, 0
0, 1, 0, 0, 1, 0, 1, 0, 1, 0
0, 1, 0, 0, 1, 0, 1, 1, 0, 0
0, 1, 0, 0, 1, 0, 1, 1, 1, 0
0, 1, 0, 0, 1, 1, 0, 0, 0, 0
0, 1, 0, 0, 1, 1, 0, 0, 1, 0
0, 1, 0, 0, 1, 1, 0, 1, 0, 0
0, 1, 0, 0, 1, 1, 0, 1, 1, 0
0, 1, 0, 0, 1, 1, 1, 0, 0, 0
0, 1, 0, 0, 1, 1, 1, 0, 1, 0
0, 1, 0, 0, 1, 1, 1, 1, 0, 0
0, 1, 0, 0, 1, 1, 1, 1, 1, 0
0, 1, 0, 1, 0, 0, 0, 0, 0, 0
0, 1, 0, 1, 0, 0, 0, 0, 1, 0
0, 1, 0, 1, 0, 0, 0, 1, 0, 0
0, 1, 0, 1, 0, 0, 0, 1, 1, 0
0, 1, 0, 1, 0, 0, 1, 0, 0, 0
0, 1, 0, 1, 0, 0, 1, 0, 1, 0
0, 1, 0, 1, 0, 0, 1, 1, 0, 0
0, 1, 0, 1, 0, 0, 1, 1, 1, 0
0, 1, 0, 1, 0, 1, 0, 0, 0, 0
0, 1, 0, 1, 0, 1, 0, 0, 1, 0
0, 1, 0, 1, 0, 1, 0, 1, 0, 0
0, 1, 0, 1, 0, 1, 0, 1, 1, 0
0, 1, 0, 1, 0, 1, 1, 0, 0, 0
0, 1, 0, 1, 0, 1, 1, 0, 1, 0
0, 1, 0, 1, 0, 1, 1, 1, 0, 0
0, 1, 0, 1, 0, 1, 1, 1, 1, 0
0, 1, 0, 1, 1, 0, 0, 0, 0, 0
0, 1, 0, 1, 1, 0, 0, 0, 1, 0
0, 1, 0, 1, 1, 0, 0, 1, 0, 1
0, 1, 0, 1, 1, 0, 0, 1, 1, 1
0, 1, 0, 1, 1, 0, 1, 0, 0, 1
0, 1, 0, 1, 1, 0, 1, 0, 1, 1
0, 1, 0, 1, 1, 0, 1, 1, 0, 1
0, 1, 0, 1, 1, 0, 1, 1, 1, 1
0, 1, 0, 1, 1, 1, 0, 0, 0, 0
0, 1, 0, 1, 1, 1, 0, 0, 1, 0
0, 1, 0, 1, 1, 1, 0, 1, 0, 1
0, 1, 0, 1, 1, 1, 0, 1, 1, 0
0, 1, 0, 1, 1, 1, 1, 0, 0, 1
0, 1, 0, 1, 1, 1, 1, 0, 1, 1
0, 1, 0, 1, 1, 1, 1, 1, 0, 1
0, 1, 0, 1, 1, 1, 1, 1, 1, 1
0, 1, 1, 0, 0, 0, 0, 0, 0, 0
0, 1, 1, 0, 0, 0, 0, 0, 1, 0
0, 1, 1, 0, 0, 0, 0, 1, 0, 0
0, 1, 1, 0, 0, 0, 0, 1, 1, 0
0, 1, 1, 0, 0, 0, 1, 0, 0, 0
0, 1, 1, 0, 0, 0, 1, 0, 1, 0
0, 1, 1, 0, 0, 0, 1, 1, 0, 0
0, 1, 1, 0, 0, 0, 1, 1, 1, 0
0, 1, 1, 0, 0, 1, 0, 0, 0, 0
0, 1, 1, 0, 0, 1, 0, 0, 1, 0
0, 1, 1, 0, 0, 1, 0, 1, 0, 0
0, 1, 1, 0, 0, 1, 0, 1, 1, 0
0, 1, 1, 0, 0, 1, 1, 0, 0, 0
0, 1, 1, 0, 0, 1, 1, 0, 1, 0
0, 1, 1, 0, 0, 1, 1, 1, 0, 0
0, 1, 1, 0, 0, 1, 1, 1, 1, 0
0, 1, 1, 0, 1, 0, 0, 0, 0, 0
0, 1, 1, 0, 1, 0, 0, 0, 1, 0
0, 1, 1, 0, 1, 0, 0, 1, 0, 0
0, 1, 1, 0, 1, 0, 0, 1, 1, 0
0, 1, 1, 0, 1, 0, 1, 0, 0, 0
0, 1, 1, 0, 1, 0, 1, 0, 1, 0
0, 1, 1, 0, 1, 0, 1, 1, 0, 0
0, 1, 1, 0, 1, 0, 1, 1, 1, 0
0, 1, 1, 0, 1, 1, 0, 0, 0, 0
0, 1, 1, 0, 1, 1, 0, 0, 1, 0
0, 1, 1, 0, 1, 1, 0, 1, 0, 0
0, 1, 1, 0, 1, 1, 0, 1, 1, 0
0, 1, 1, 0, 1, 1, 1, 0, 0, 0
0, 1, 1, 0, 1, 1, 1, 0, 1, 0
0, 1, 1, 0, 1, 1, 1, 1, 0, 0
0, 1, 1, 0, 1, 1, 1, 1, 1, 0
0, 1, 1, 1, 0, 0, 0, 0, 0, 0
0, 1, 1, 1, 0, 0, 0, 0, 1, 0
0, 1, 1, 1, 0, 0, 0, 1, 0, 0
0, 1, 1, 1, 0, 0, 0, 1, 1, 0
0, 1, 1, 1, 0, 0, 1, 0, 0, 0
0, 1, 1, 1, 0, 0, 1, 0, 1, 0
0, 1, 1, 1, 0, 0, 1, 1, 0, 0
0, 1, 1, 1, 0, 0, 1, 1, 1, 0
0, 1, 1, 1, 0, 1, 0, 0, 0, 0
0, 1, 1, 1, 0, 1, 0, 0, 1, 0
0, 1, 1, 1, 0, 1, 0, 1, 0, 0
0, 1, 1, 1, 0, 1, 0, 1, 1, 0
0, 1, 1, 1, 0, 1, 1, 0, 0, 0
0, 1, 1, 1, 0, 1, 1, 0, 1, 0
0, 1, 1, 1, 0, 1, 1, 1, 0, 0
0, 1, 1, 1, 0, 1, 1, 1, 1, 0
0, 1, 1, 1, 1, 0, 0, 0, 0, 0
0, 1, 1, 1, 1, 0, 0, 0, 1, 0
0, 1, 1, 1, 1, 0, 0, 1, 0, 0
0, 1, 1, 1, 1, 0, 0, 1, 1, 0
0, 1, 1, 1, 1, 0, 1, 0, 0, 1
0, 1, 1, 1, 1, 0, 1, 0, 1, 1
0, 1, 1, 1, 1, 0, 1, 1, 0, 1
0, 1, 1, 1, 1, 0, 1, 1, 1, 1
0, 1, 1, 1, 1, 1, 0, 0, 0, 0
0, 1, 1, 1, 1, 1, 0, 0, 1, 0
0, 1, 1, 1, 1, 1, 0, 1, 0, 0
0, 1, 1, 1, 1, 1, 0, 1, 1, 0
0, 1, 1, 1, 1, 1, 1, 0, 0, 1
0, 1, 1, 1, 1, 1, 1, 0, 1, 1
0, 1, 1, 1, 1, 1, 1, 1, 0, 1
0, 1, 1, 1, 1, 1, 1, 1, 1, 1
1, 0, 0, 0, 0, 0, 0, 0, 0, 0
1, 0, 0, 0, 0, 0, 0, 0, 1, 0
1, 0, 0, 0, 0, 0, 0, 1, 0, 0
1, 0, 0, 0, 0, 0, 0, 1, 1, 0
1, 0, 0, 0, 0, 0, 1, 0, 0, 0
1, 0, 0, 0, 0, 0, 1, 0, 1, 0
1, 0, 0, 0, 0, 0, 1, 1, 0, 0
1, 0, 0, 0, 0, 0, 1, 1, 1, 0
1, 0, 0, 0, 0, 1, 0, 0, 0, 0
1, 0, 0, 0, 0, 1, 0, 0, 1, 0
1, 0, 0, 0, 0, 1, 0, 1, 0, 0
1, 0, 0, 0, 0, 1, 0, 1, 1, 0
1, 0, 0, 0, 0, 1, 1, 0, 0, 0
1, 0, 0, 0, 0, 1, 1, 0, 1, 0
1, 0, 0, 0, 0, 1, 1, 1, 0, 0
1, 0, 0, 0, 0, 1, 1, 1, 1, 0
1, 0, 0, 0, 1, 0, 0, 0, 0, 0
1, 0, 0, 0, 1, 0, 0, 0, 1, 0
1, 0, 0, 0, 1, 0, 0, 1, 0, 0
1, 0, 0, 0, 1, 0, 0, 1, 1, 0
1, 0, 0, 0, 1, 0, 1, 0, 0, 0
1, 0, 0, 0, 1, 0, 1, 0, 1, 0
1, 0, 0, 0, 1, 0, 1, 1, 0, 0
1, 0, 0, 0, 1, 0, 1, 1, 1, 0
1, 0, 0, 0, 1, 1, 0, 0, 0, 0
1, 0, 0, 0, 1, 1, 0, 0, 1, 0
1, 0, 0, 0, 1, 1, 0, 1, 0, 0
1, 0, 0, 0, 1, 1, 0, 1, 1, 0
1, 0, 0, 0, 1, 1, 1, 0, 0, 0
1, 0, 0, 0, 1, 1, 1, 0, 1, 0
1, 0, 0, 0, 1, 1, 1, 1, 0, 0
1, 0, 0, 0, 1, 1, 1, 1, 1, 0
1, 0, 0, 1, 0, 0, 0, 0, 0, 0
1, 0, 0, 1, 0, 0, 0, 0, 1, 0
1, 0, 0, 1, 0, 0, 0, 1, 0, 0
1, 0, 0, 1, 0, 0, 0, 1, 1, 0
1, 0, 0, 1, 0, 0, 1, 0, 0, 0
1, 0, 0, 1, 0, 0, 1, 0, 1, 0
1, 0, 0, 1, 0, 0, 1, 1, 0, 0
1, 0, 0, 1, 0, 0, 1, 1, 1, 0
1, 0, 0, 1, 0, 1, 0, 0, 0, 0
1, 0, 0, 1, 0, 1, 0, 0, 1, 0
1, 0, 0, 1, 0, 1, 0, 1, 0, 0
1, 0, 0, 1, 0, 1, 0, 1, 1, 0
1, 0, 0, 1, 0, 1, 1, 0, 0, 0
1, 0, 0, 1, 0, 1, 1, 0, 1, 0
1, 0, 0, 1, 0, 1, 1, 1, 0, 0
1, 0, 0, 1, 0, 1, 1, 1, 1, 0
1, 0, 0, 1, 1, 0, 0, 0, 0, 0
1, 0, 0, 1, 1, 0, 0, 0, 1, 0
1, 0, 0, 1, 1, 0, 0, 1, 0, 1
1, 0, 0, 1, 1, 0, 0, 1, 1, 1
1, 0, 0, 1, 1, 0, 1, 0, 0, 1
1, 0, 0, 1, 1, 0, 1, 0, 1, 1
1, 0, 0, 1, 1, 0, 1, 1, 0, 1
1, 0, 0, 1, 1, 0, 1, 1, 1, 1
1, 0, 0, 1, 1, 1, 0, 0, 0, 0
1, 0, 0, 1, 1, 1, 0, 0, 1, 0
1, 0, 0, 1, 1, 1, 0, 1, 0, 1
1, 0, 0, 1, 1, 1, 0, 1, 1, 0
1, 0, 0, 1, 1, 1, 1, 0, 0, 1
1, 0, 0, 1, 1, 1, 1, 0, 1, 1
1, 0, 0, 1, 1, 1, 1, 1, 0, 1
1, 0, 0, 1, 1, 1, 1, 1, 1, 1
1, 0, 1, 0, 0, 0, 0, 0, 0, 0
1, 0, 1, 0, 0, 0, 0, 0, 1, 0
1, 0, 1, 0, 0, 0, 0, 1, 0, 0
1, 0, 1, 0, 0, 0, 0, 1, 1, 0
1, 0, 1, 0, 0, 0, 1, 0, 0, 0
1, 0, 1, 0, 0, 0, 1, 0, 1, 0
1, 0, 1, 0, 0, 0, 1, 1, 0, 0
1, 0, 1, 0, 0, 0, 1, 1, 1, 0
1, 0, 1, 0, 0, 1, 0, 0, 0, 0
1, 0, 1, 0, 0, 1, 0, 0, 1, 0
1, 0, 1, 0, 0, 1, 0, 1, 0, 0
1, 0, 1, 0, 0, 1, 0, 1, 1, 0
1, 0, 1, 0, 0, 1, 1, 0, 0, 0
1, 0, 1, 0, 0, 1, 1, 0, 1, 0
1, 0, 1, 0, 0, 1, 1, 1, 0, 0
1, 0, 1, 0, 0, 1, 1, 1, 1, 0
1, 0, 1, 0, 1, 0, 0, 0, 0, 0
1, 0, 1, 0, 1, 0, 0, 0, 1, 0
1, 0, 1, 0, 1, 0, 0, 1, 0, 0
1, 0, 1, 0, 1, 0, 0, 1, 1, 0
1, 0, 1, 0, 1, 0, 1, 0, 0, 0
1, 0, 1, 0, 1, 0, 1, 0, 1, 0
1, 0, 1, 0, 1, 0, 1, 1, 0, 0
1, 0, 1, 0, 1, 0, 1, 1, 1, 0
1, 0, 1, 0, 1, 1, 0, 0, 0, 0
1, 0, 1, 0, 1, 1, 0, 0, 1, 0
1, 0, 1, 0, 1, 1, 0, 1, 0, 0
1, 0, 1, 0, 1, 1, 0, 1, 1, 0
1, 0, 1, 0, 1, 1, 1, 0, 0, 0
1, 0, 1, 0, 1, 1, 1, 0, 1, 0
1, 0, 1, 0, 1, 1, 1, 1, 0, 0
1, 0, 1, 0, 1, 1, 1, 1, 1, 0
1, 0, 1, 1, 0, 0, 0, 0, 0, 0
1, 0, 1, 1, 0, 0, 0, 0, 1, 0
1, 0, 1, 1, 0, 0, 0, 1, 0, 0
1, 0, 1, 1, 0, 0, 0, 1, 1, 0
1, 0, 1, 1, 0, 0, 1, 0, 0, 0
1, 0, 1, 1, 0, 0, 1, 0, 1, 0
1, 0, 1, 1, 0, 0, 1, 1, 0, 0
1, 0, 1, 1, 0, 0, 1, 1, 1, 0
1, 0, 1, 1, 0, 1, 0, 0, 0, 0
1, 0, 1, 1, 0, 1, 0, 0, 1, 0
1, 0, 1, 1, 0, 1, 0, 1, 0, 0
1, 0, 1, 1, 0, 1, 0, 1, 1, 0
1, 0, 1, 1, 0, 1, 1, 0, 0, 0
1, 0, 1, 1, 0, 1, 1, 0, 1, 0
1, 0, 1, 1, 0, 1, 1, 1, 0, 0
1, 0, 1, 1, 0, 1, 1, 1, 1, 0
1, 0, 1, 1, 1, 0, 0, 0, 0, 0
1, 0, 1, 1, 1, 0, 0, 0, 1, 0
1, 0, 1, 1, 1, 0, 0, 1, 0, 0
1, 0, 1, 1, 1, 0, 0, 1, 1, 0
1, 0, 1, 1, 1, 0, 1, 0, 0, 1
1, 0, 1, 1, 1, 0, 1, 0, 1, 1
1, 0, 1, 1, 1, 0, 1, 1, 0, 1
1, 0, 1, 1, 1, 0, 1, 1, 1, 1
1, 0, 1, 1, 1, 1, 0, 0, 0, 0
1, 0, 1, 1, 1, 1, 0, 0, 1, 0
1, 0, 1, 1, 1, 1, 0, 1, 0, 0
1, 0, 1, 1, 1, 1, 0, 1, 1, 0
1, 0, 1, 1, 1, 1, 1, 0, 0, 1
1, 0, 1, 1, 1, 1, 1, 0, 1, 1
1, 0, 1, 1, 1, 1, 1, 1, 0, 1
1, 0, 1, 1, 1, 1, 1, 1, 1, 1
1, 1, 0, 0, 0, 0, 0, 0, 0, 0
1, 1, 0, 0, 0, 0, 0, 0, 1, 0
1, 1, 0, 0, 0, 0, 0, 1, 0, 0
1, 1, 0, 0, 0, 0, 0, 1, 1, 0
1, 1, 0, 0, 0, 0, 1, 0, 0, 0
1, 1, 0, 0, 0, 0, 1, 0, 1, 0
1, 1, 0, 0, 0, 0, 1, 1, 0, 0
1, 1, 0, 0, 0, 0, 1, 1, 1, 0
1, 1, 0, 0, 0, 1, 0, 0, 0, 0
1, 1, 0, 0, 0, 1, 0, 0, 1, 0
1, 1, 0, 0, 0, 1, 0, 1, 0, 0
1, 1, 0, 0, 0, 1, 0, 1, 1, 0
1, 1, 0, 0, 0, 1, 1, 0, 0, 0
1, 1, 0, 0, 0, 1, 1, 0, 1, 0
1, 1, 0, 0, 0, 1, 1, 1, 0, 0
1, 1, 0, 0, 0, 1, 1, 1, 1, 0
1, 1, 0, 0, 1, 0, 0, 0, 0, 0
1, 1, 0, 0, 1, 0, 0, 0, 1, 0
1, 1, 0, 0, 1, 0, 0, 1, 0, 0
1, 1, 0, 0, 1, 0, 0, 1, 1, 0
1, 1, 0, 0, 1, 0, 1, 0, 0, 0
1, 1, 0, 0, 1, 0, 1, 0, 1, 0
1, 1, 0, 0, 1, 0, 1, 1, 0, 0
1, 1, 0, 0, 1, 0, 1, 1, 1, 0
1, 1, 0, 0, 1, 1, 0, 0, 0, 0
1, 1, 0, 0, 1, 1, 0, 0, 1, 0
1, 1, 0, 0, 1, 1, 0, 1, 0, 0
1, 1, 0, 0, 1, 1, 0, 1, 1, 0
1, 1, 0, 0, 1, 1, 1, 0, 0, 0
1, 1, 0, 0, 1, 1, 1, 0, 1, 0
1, 1, 0, 0, 1, 1, 1, 1, 0, 0
1, 1, 0, 0, 1, 1, 1, 1, 1, 0
1, 1, 0, 1, 0, 0, 0, 0, 0, 0
1, 1, 0, 1, 0, 0, 0, 0, 1, 0
1, 1, 0, 1, 0, 0, 0, 1, 0, 0
1, 1, 0, 1, 0, 0, 0, 1, 1, 0
1, 1, 0, 1, 0, 0, 1, 0, 0, 0
1, 1, 0, 1, 0, 0, 1, 0, 1, 0
1, 1, 0, 1, 0, 0, 1, 1, 0, 0
1, 1, 0, 1, 0, 0, 1, 1, 1, 0
1, 1, 0, 1, 0, 1, 0, 0, 0, 0
1, 1, 0, 1, 0, 1, 0, 0, 1, 0
1, 1, 0, 1, 0, 1, 0, 1, 0, 0
1, 1, 0, 1, 0, 1, 0, 1, 1, 0
1, 1, 0, 1, 0, 1, 1, 0, 0, 0
1, 1, 0, 1, 0, 1, 1, 0, 1, 0
1, 1, 0, 1, 0, 1, 1, 1, 0, 0
1, 1, 0, 1, 0, 1, 1, 1, 1, 0
1, 1, 0, 1, 1, 0, 0, 0, 0, 0
1, 1, 0, 1, 1, 0, 0, 0, 1, 0
1, 1, 0, 1, 1, 0, 0, 1, 0, 1
1, 1, 0, 1, 1, 0, 0, 1, 1, 1
1, 1, 0, 1, 1, 0, 1, 0, 0, 0
1, 1, 0, 1, 1, 0, 1, 0, 1, 0
1, 1, 0, 1, 1, 0, 1, 1, 0, 1
1, 1, 0, 1, 1, 0, 1, 1, 1, 1
1, 1, 0, 1, 1, 1, 0, 0, 0, 0
1, 1, 0, 1, 1, 1, 0, 0, 1, 0
1, 1, 0, 1, 1, 1, 0, 1, 0, 1
1, 1, 0, 1, 1, 1, 0, 1, 1, 0
1, 1, 0, 1, 1, 1, 1, 0, 0, 0
1, 1, 0, 1, 1, 1, 1, 0, 1, 0
1, 1, 0, 1, 1, 1, 1, 1, 0, 1
1, 1, 0, 1, 1, 1, 1, 1, 1, 0
1, 1, 1, 0, 0, 0, 0, 0, 0, 0
1, 1, 1, 0, 0, 0, 0, 0, 1, 0
1, 1, 1, 0, 0, 0, 0, 1, 0, 0
1, 1, 1, 0, 0, 0, 0, 1, 1, 0
1, 1, 1, 0, 0, 0, 1, 0, 0, 0
1, 1, 1, 0, 0, 0, 1, 0, 1, 0
1, 1, 1, 0, 0, 0, 1, 1, 0, 0
1, 1, 1, 0, 0, 0, 1, 1, 1, 0
1, 1, 1, 0, 0, 1, 0, 0, 0, 0
1, 1, 1, 0, 0, 1, 0, 0, 1, 0
1, 1, 1, 0, 0, 1, 0, 1, 0, 0
1, 1, 1, 0, 0, 1, 0, 1, 1, 0
1, 1, 1, 0, 0, 1, 1, 0, 0, 0
1, 1, 1, 0, 0, 1, 1, 0, 1, 0
1, 1, 1, 0, 0, 1, 1, 1, 0, 0
1, 1, 1, 0, 0, 1, 1, 1, 1, 0
1, 1, 1, 0, 1, 0, 0, 0, 0, 0
1, 1, 1, 0, 1, 0, 0, 0, 1, 0
1, 1, 1, 0, 1, 0, 0, 1, 0, 0
1, 1, 1, 0, 1, 0, 0, 1, 1, 0
1, 1, 1, 0, 1, 0, 1, 0, 0, 0
1, 1, 1, 0, 1, 0, 1, 0, 1, 0
1, 1, 1, 0, 1, 0, 1, 1, 0, 0
1, 1, 1, 0, 1, 0, 1, 1, 1, 0
1, 1, 1, 0, 1, 1, 0, 0, 0, 0
1, 1, 1, 0, 1, 1, 0, 0, 1, 0
1, 1, 1, 0, 1, 1, 0, 1, 0, 0
1, 1, 1, 0, 1, 1, 0, 1, 1, 0
1, 1, 1, 0, 1, 1, 1, 0, 0, 0
1, 1, 1, 0, 1, 1, 1, 0, 1, 0
1, 1, 1, 0, 1, 1, 1, 1, 0, 0
1, 1, 1, 0, 1, 1, 1, 1, 1, 0
1, 1, 1, 1, 0, 0, 0, 0, 0, 0
1, 1, 1, 1, 0, 0, 0, 0, 1, 0
1, 1, 1, 1, 0, 0, 0, 1, 0, 0
1, 1, 1, 1, 0, 0, 0, 1, 1, 0
1, 1, 1, 1, 0, 0, 1, 0, 0, 0
1, 1, 1, 1, 0, 0, 1, 0, 1, 0
1, 1, 1, 1, 0, 0, 1, 1, 0, 0
1, 1, 1, 1, 0, 0, 1, 1, 1, 0
1, 1, 1, 1, 0, 1, 0, 0, 0, 0
1, 1, 1, 1, 0, 1, 0, 0, 1, 0
1, 1, 1, 1, 0, 1, 0, 1, 0, 0
1, 1, 1, 1, 0, 1, 0, 1, 1, 0
1, 1, 1, 1, 0, 1, 1, 0, 0, 0
1, 1, 1, 1, 0, 1, 1, 0, 1, 0
1, 1, 1, 1, 0, 1, 1, 1, 0, 0
1, 1, 1, 1, 0, 1, 1, 1, 1, 0
1, 1, 1, 1, 1, 0, 0, 0, 0, 0
1, 1, 1, 1, 1, 0, 0, 0, 1, 0
1, 1, 1, 1, 1, 0, 0, 1, 0, 0
1, 1, 1, 1, 1, 0, 0, 1, 1, 0
1, 1, 1, 1, 1, 0, 1, 0, 0, 0
1, 1, 1, 1, 1, 0, 1, 0, 1, 0
1, 1, 1, 1, 1, 0, 1, 1, 0, 0
1, 1, 1, 1, 1, 0, 1, 1, 1, 0
1, 1, 1, 1, 1, 1, 0, 0, 0, 0
1, 1, 1, 1, 1, 1, 0, 0, 1, 0
1, 1, 1, 1, 1, 1, 0, 1, 0, 0
1, 1, 1, 1, 1, 1, 0, 1, 1, 0
1, 1, 1, 1, 1, 1, 1, 0, 0, 0
1, 1, 1, 1, 1, 1, 1, 0, 1, 0
1, 1, 1, 1, 1, 1, 1, 1, 0, 0
1, 1, 1, 1, 1, 1, 1, 1, 1, 0
# p53 (ATM, ATR, CHK1, CHK2, CHKREC, DNAPK, p53)
0, 0, 0, 0, 0, 0, 0
0, 0, 0, 0, 0, 1, 1
0, 0, 0, 0, 1, 0, 0
0, 0, 0, 0, 1, 1, 0
0, 0, 0, 1, 0, 0, 0
0, 0, 0, 1, 0, 1, 1
0, 0, 0, 1, 1, 0, 0
0, 0, 0, 1, 1, 1, 0
0, 0, 1, 0, 0, 0, 0
0, 0, 1, 0, 0, 1, 1
0, 0, 1, 0, 1, 0, 0
0, 0, 1, 0, 1, 1, 0
0, 0, 1, 1, 0, 0, 0
0, 0, 1, 1, 0, 1, 1
0, 0, 1, 1, 1, 0, 0
0, 0, 1, 1, 1, 1, 0
0, 1, 0, 0, 0, 0, 0
0, 1, 0, 0, 0, 1, 1
0, 1, 0, 0, 1, 0, 0
0, 1, 0, 0, 1, 1, 0
0, 1, 0, 1, 0, 0, 0
0, 1, 0, 1, 0, 1, 1
0, 1, 0, 1, 1, 0, 0
0, 1, 0, 1, 1, 1, 0
0, 1, 1, 0, 0, 0, 1
0, 1, 1, 0, 0, 1, 1
0, 1, 1, 0, 1, 0, 0
0, 1, 1, 0, 1, 1, 0
0, 1, 1, 1, 0, 0, 1
0, 1, 1, 1, 0, 1, 1
0, 1, 1, 1, 1, 0, 0
0, 1, 1, 1, 1, 1, 0
1, 0, 0, 0, 0, 0, 0
1, 0, 0, 0, 0, 1, 1
1, 0, 0, 0, 1, 0, 0
1, 0, 0, 0, 1, 1, 0
1, 0, 0, 1, 0, 0, 1
1, 0, 0, 1, 0, 1, 1
1, 0, 0, 1, 1, 0, 0
1, 0, 0, 1, 1, 1, 0
1, 0, 1, 0, 0, 0, 0
1, 0, 1, 0, 0, 1, 1
1, 0, 1, 0, 1, 0, 0
1, 0, 1, 0, 1, 1, 0
1, 0, 1, 1, 0, 0, 1
1, 0, 1, 1, 0, 1, 1
1, 0, 1, 1, 1, 0, 0
1, 0, 1, 1, 1, 1, 0
1, 1, 0, 0, 0, 0, 0
1, 1, 0, 0, 0, 1, 1
1, 1, 0, 0, 1, 0, 0
1, 1, 0, 0, 1, 1, 0
1, 1, 0, 1, 0, 0, 1
1, 1, 0, 1, 0, 1, 1
1, 1, 0, 1, 1, 0, 0
1, 1, 0, 1, 1, 1, 0
1, 1, 1, 0, 0, 0, 1
1, 1, 1, 0, 0, 1, 1
1, 1, 1, 0, 1, 0, 0
1, 1, 1, 0, 1, 1, 0
1, 1, 1, 1, 0, 0, 1
1, 1, 1, 1, 0, 1, 1
1, 1, 1, 1, 1, 0, 0
1, 1, 1, 1, 1, 1, 0
# PCNATLS (ADD, FAN1, FAcore, USP1, PCNATLS)
0, 0, 0, 0, 0
0, 0, 0, 1, 0
0, 0, 1, 0, 0
0, 0, 1, 1, 0
0, 1, 0, 0, 0
0, 1, 0, 1, 0
0, 1, 1, 0, 0
0, 1, 1, 1, 0
1, 0, 0, 0, 1
1, 0, 0, 1, 0
1, 0, 1, 0, 1
1, 0, 1, 1, 0
1, 1, 0, 0, 0
1, 1, 0, 1, 0
1, 1, 1, 0, 0
1, 1, 1, 1, 0
# RAD51 (CHKREC, FANCD1N, ssDNARPA, RAD51)
0, 0, 0, 0
0, 0, 1, 0
0, 1, 0, 0
0, 1, 1, 1
1, 0, 0, 0
1, 0, 1, 0
1, 1, 0, 0
1, 1, 1, 0
# ssDNARPA (DSB, FANCD2I, FANCJBRCA1, KU, MRN, RAD51, ssDNARPA)
0, 0, 0, 0, 0, 0, 0
0, 0, 0, 0, 0, 1, 0
0, 0, 0, 0, 1, 0, 0
0, 0, 0, 0, 1, 1, 0
0, 0, 0, 1, 0, 0, 0
0, 0, 0, 1, 0, 1, 0
0, 0, 0, 1, 1, 0, 0
0, 0, 0, 1, 1, 1, 0
0, 0, 1, 0, 0, 0, 0
0, 0, 1, 0, 0, 1, 0
0, 0, 1, 0, 1, 0, 0
0, 0, 1, 0, 1, 1, 0
0, 0, 1, 1, 0, 0, 0
0, 0, 1, 1, 0, 1, 0
0, 0, 1, 1, 1, 0, 0
0, 0, 1, 1, 1, 1, 0
0, 1, 0, 0, 0, 0, 0
0, 1, 0, 0, 0, 1, 0
0, 1, 0, 0, 1, 0, 0
0, 1, 0, 0, 1, 1, 0
0, 1, 0, 1, 0, 0, 0
0, 1, 0, 1, 0, 1, 0
0, 1, 0, 1, 1, 0, 0
0, 1, 0, 1, 1, 1, 0
0, 1, 1, 0, 0, 0, 0
0, 1, 1, 0, 0, 1, 0
0, 1, 1, 0, 1, 0, 0
0, 1, 1, 0, 1, 1, 0
0, 1, 1, 1, 0, 0, 0
0, 1, 1, 1, 0, 1, 0
0, 1, 1, 1, 1, 0, 0
0, 1, 1, 1, 1, 1, 0
1, 0, 0, 0, 0, 0, 0
1, 0, 0, 0, 0, 1, 0
1, 0, 0, 0, 1, 0, 1
1, 0, 0, 0, 1, 1, 0
1, 0, 0, 1, 0, 0, 0
1, 0, 0, 1, 0, 1, 0
1, 0, 0, 1, 1, 0, 0
1, 0, 0, 1, 1, 1, 0
1, 0, 1, 0, 0, 0, 0
1, 0, 1, 0, 0, 1, 0
1, 0, 1, 0, 1, 0, 1
1, 0, 1, 0, 1, 1, 0
1, 0, 1, 1, 0, 0, 0
1, 0, 1, 1, 0, 1, 0
1, 0, 1, 1, 1, 0, 0
1, 0, 1, 1, 1, 1, 0
1, 1, 0, 0, 0, 0, 0
1, 1, 0, 0, 0, 1, 0
1, 1, 0, 0, 1, 0, 1
1, 1, 0, 0, 1, 1, 0
1, 1, 0, 1, 0, 0, 0
1, 1, 0, 1, 0, 1, 0
1, 1, 0, 1, 1, 0, 0
1, 1, 0, 1, 1, 1, 0
1, 1, 1, 0, 0, 0, 1
1, 1, 1, 0, 0, 1, 0
1, 1, 1, 0, 1, 0, 1
1, 1, 1, 0, 1, 1, 0
1, 1, 1, 1, 0, 0, 0
1, 1, 1, 1, 0, 1, 0
1, 1, 1, 1, 1, 0, 0
1, 1, 1, 1, 1, 1, 0
# USP1 (FANCD1N, FANCD2I, FANCM, PCNATLS, USP1)
0, 0, 0, 0, 0
0, 0, 0, 1, 1
0, 0, 1, 0, 0
0, 0, 1, 1, 0
0, 1, 0, 0, 0
0, 1, 0, 1, 1
0, 1, 1, 0, 0
0, 1, 1, 1, 0
1, 0, 0, 0, 0
1, 0, 0, 1, 1
1, 0, 1, 0, 0
1, 0, 1, 1, 0
1, 1, 0, 0, 1
1, 1, 0, 1, 1
1, 1, 1, 0, 0
1, 1, 1, 1, 0
# XPF (FAN1, FANCD2I, FANCM, FAcore, MUS81, p53, XPF)
0, 0, 0, 0, 0, 0, 0
0, 0, 0, 0, 0, 1, 0
0, 0, 0, 0, 1, 0, 1
0, 0, 0, 0, 1, 1, 1
0, 0, 0, 1, 0, 0, 0
0, 0, 0, 1, 0, 1, 0
0, 0, 0, 1, 1, 0, 1
0, 0, 0, 1, 1, 1, 1
0, 0, 1, 0, 0, 0, 0
0, 0, 1, 0, 0, 1, 0
0, 0, 1, 0, 1, 0, 0
0, 0, 1, 0, 1, 1, 1
0, 0, 1, 1, 0, 0, 0
0, 0, 1, 1, 0, 1, 0
0, 0, 1, 1, 1, 0, 0
0, 0, 1, 1, 1, 1, 1
0, 1, 0, 0, 0, 0, 0
0, 1, 0, 0, 0, 1, 0
0, 1, 0, 0, 1, 0, 1
0, 1, 0, 0, 1, 1, 1
0, 1, 0, 1, 0, 0, 0
0, 1, 0, 1, 0, 1, 0
0, 1, 0, 1, 1, 0, 1
0, 1, 0, 1, 1, 1, 1
0, 1, 1, 0, 0, 0, 0
0, 1, 1, 0, 0, 1, 0
0, 1, 1, 0, 1, 0, 0
0, 1, 1, 0, 1, 1, 1
0, 1, 1, 1, 0, 0, 0
0, 1, 1, 1, 0, 1, 0
0, 1, 1, 1, 1, 0, 0
0, 1, 1, 1, 1, 1, 1
1, 0, 0, 0, 0, 0, 0
1, 0, 0, 0, 0, 1, 0
1, 0, 0, 0, 1, 0, 1
1, 0, 0, 0, 1, 1, 1
1, 0, 0, 1, 0, 0, 0
1, 0, 0, 1, 0, 1, 0
1, 0, 0, 1, 1, 0, 1
1, 0, 0, 1, 1, 1, 1
1, 0, 1, 0, 0, 0, 0
1, 0, 1, 0, 0, 1, 0
1, 0, 1, 0, 1, 0, 0
1, 0, 1, 0, 1, 1, 1
1, 0, 1, 1, 0, 0, 0
1, 0, 1, 1, 0, 1, 0
1, 0, 1, 1, 1, 0, 0
1, 0, 1, 1, 1, 1, 1
1, 1, 0, 0, 0, 0, 0
1, 1, 0, 0, 0, 1, 0
1, 1, 0, 0, 1, 0, 1
1, 1, 0, 0, 1, 1, 1
1, 1, 0, 1, 0, 0, 0
1, 1, 0, 1, 0, 1, 0
1, 1, 0, 1, 1, 0, 1
1, 1, 0, 1, 1, 1, 1
1, 1, 1, 0, 0, 0, 0
1, 1, 1, 0, 0, 1, 0
1, 1, 1, 0, 1, 0, 0
1, 1, 1, 0, 1, 1, 1
1, 1, 1, 1, 0, 0, 0
1, 1, 1, 1, 0, 1, 0
1, 1, 1, 1, 1, 0, 0
1, 1, 1, 1, 1, 1, 0
