## ADD ATM ATR CHKREC DSB FAcore FAHRR FANCD2I HRR2 ICL NHEJ NUC1 NUC2 p53 TLS
# ADD (NUC1, NUC2, TLS, ADD)
0, 0, 0, 0
0, 0, 1, 0
0, 1, 0, 1
0, 1, 1, 0
1, 0, 0, 1
1, 0, 1, 0
1, 1, 0, 1
1, 1, 1, 0
# ATM (ATR, CHKREC, DSB, FAcore, ATM)
0, 0, 0, 0, 0
0, 0, 0, 1, 0
0, 0, 1, 0, 1
0, 0, 1, 1, 0
0, 1, 0, 0, 0
0, 1, 0, 1, 0
0, 1, 1, 0, 0
0, 1, 1, 1, 0
1, 0, 0, 0, 1
1, 0, 0, 1, 0
1, 0, 1, 0, 1
1, 0, 1, 1, 0
1, 1, 0, 0, 0
1, 1, 0, 1, 0
1, 1, 1, 0, 0
1, 1, 1, 1, 0
# ATR (ATM, CHKREC, ICL, ATR)
0, 0, 0, 0
0, 0, 1, 1
0, 1, 0, 0
0, 1, 1, 0
1, 0, 0, 1
1, 0, 1, 1
1, 1, 0, 0
1, 1, 1, 0
# CHKREC (ADD, CHKREC, DSB, FAHRR, HRR2, ICL, NHEJ, TLS, CHKREC)
0, 0, 0, 0, 0, 0, 0, 0, 1
0, 0, 0, 0, 0, 0, 0, 1, 1
0, 0, 0, 0, 0, 0, 1, 0, 1
0, 0, 0, 0, 0, 0, 1, 1, 1
0, 0, 0, 0, 0, 1, 0, 0, 0
0, 0, 0, 0, 0, 1, 0, 1, 1
0, 0, 0, 0, 0, 1, 1, 0, 1
0, 0, 0, 0, 0, 1, 1, 1, 1
0, 0, 0, 0, 1, 0, 0, 0, 1
0, 0, 0, 0, 1, 0, 0, 1, 1
0, 0, 0, 0, 1, 0, 1, 0, 1
0, 0, 0, 0, 1, 0, 1, 1, 1
0, 0, 0, 0, 1, 1, 0, 0, 1
0, 0, 0, 0, 1, 1, 0, 1, 1
0, 0, 0, 0, 1, 1, 1, 0, 1
0, 0, 0, 0, 1, 1, 1, 1, 1
0, 0, 0, 1, 0, 0, 0, 0, 1
0, 0, 0, 1, 0, 0, 0, 1, 1
0, 0, 0, 1, 0, 0, 1, 0, 1
0, 0, 0, 1, 0, 0, 1, 1, 1
0, 0, 0, 1, 0, 1, 0, 0, 1
0, 0, 0, 1, 0, 1, 0, 1, 1
0, 0, 0, 1, 0, 1, 1, 0, 1
0, 0, 0, 1, 0, 1, 1, 1, 1
0, 0, 0, 1, 1, 0, 0, 0, 1
0, 0, 0, 1, 1, 0, 0, 1, 1
0, 0, 0, 1, 1, 0, 1, 0, 1
0, 0, 0, 1, 1, 0, 1, 1, 1
0, 0, 0, 1, 1, 1, 0, 0, 1
0, 0, 0, 1, 1, 1, 0, 1, 1
0, 0, 0, 1, 1, 1, 1, 0, 1
0, 0, 0, 1, 1, 1, 1, 1, 1
0, 0, 1, 0, 0, 0, 0, 0, 0
0, 0, 1, 0, 0, 0, 0, 1, 0
0, 0, 1, 0, 0, 0, 1, 0, 0
0, 0, 1, 0, 0, 0, 1, 1, 0
0, 0, 1, 0, 0, 1, 0, 0, 0
0, 0, 1, 0, 0, 1, 0, 1, 0
0, 0, 1, 0, 0, 1, 1, 0, 0
0, 0, 1, 0, 0, 1, 1, 1, 0
0, 0, 1, 0, 1, 0, 0, 0, 0
0, 0, 1, 0, 1, 0, 0, 1, 0
0, 0, 1, 0, 1, 0, 1, 0, 0
0, 0, 1, 0, 1, 0, 1, 1, 0
0, 0, 1, 0, 1, 1, 0, 0, 0
0, 0, 1, 0, 1, 1, 0, 1, 0
0, 0, 1, 0, 1, 1, 1, 0, 0
0, 0, 1, 0, 1, 1, 1, 1, 0
0, 0, 1, 1, 0, 0, 0, 0, 0
0, 0, 1, 1, 0, 0, 0, 1, 0
0, 0, 1, 1, 0, 0, 1, 0, 0
0, 0, 1, 1, 0, 0, 1, 1, 0
0, 0, 1, 1, 0, 1, 0, 0, 0
0, 0, 1, 1, 0, 1, 0, 1, 0
0, 0, 1, 1, 0, 1, 1, 0, 0
0, 0, 1, 1, 0, 1, 1, 1, 0
0, 0, 1, 1, 1, 0, 0, 0, 0
0, 0, 1, 1, 1, 0, 0, 1, 0
0, 0, 1, 1, 1, 0, 1, 0, 0
0, 0, 1, 1, 1, 0, 1, 1, 0
0, 0, 1, 1, 1, 1, 0, 0, 0
0, 0, 1, 1, 1, 1, 0, 1, 0
0, 0, 1, 1, 1, 1, 1, 0, 0
0, 0, 1, 1, 1, 1, 1, 1, 0
0, 1, 0, 0, 0, 0, 0, 0, 0
0, 1, 0, 0, 0, 0, 0, 1, 1
0, 1, 0, 0, 0, 0, 1, 0, 1
0, 1, 0, 0, 0, 0, 1, 1, 1
0, 1, 0, 0, 0, 1, 0, 0, 0
0, 1, 0, 0, 0, 1, 0, 1, 1
0, 1, 0, 0, 0, 1, 1, 0, 1
0, 1, 0, 0, 0, 1, 1, 1, 1
0, 1, 0, 0, 1, 0, 0, 0, 1
0, 1, 0, 0, 1, 0, 0, 1, 1
0, 1, 0, 0, 1, 0, 1, 0, 1
0, 1, 0, 0, 1, 0, 1, 1, 1
0, 1, 0, 0, 1, 1, 0, 0, 1
0, 1, 0, 0, 1, 1, 0, 1, 1
0, 1, 0, 0, 1, 1, 1, 0, 1
0, 1, 0, 0, 1, 1, 1, 1, 1
0, 1, 0, 1, 0, 0, 0, 0, 1
0, 1, 0, 1, 0, 0, 0, 1, 1
0, 1, 0, 1, 0, 0, 1, 0, 1
0, 1, 0, 1, 0, 0, 1, 1, 1
0, 1, 0, 1, 0, 1, 0, 0, 1
0, 1, 0, 1, 0, 1, 0, 1, 1
0, 1, 0, 1, 0, 1, 1, 0, 1
0, 1, 0, 1, 0, 1, 1, 1, 1
0, 1, 0, 1, 1, 0, 0, 0, 1
0, 1, 0, 1, 1, 0, 0, 1, 1
0, 1, 0, 1, 1, 0, 1, 0, 1
0, 1, 0, 1, 1, 0, 1, 1, 1
0, 1, 0, 1, 1, 1, 0, 0, 1
0, 1, 0, 1, 1, 1, 0, 1, 1
0, 1, 0, 1, 1, 1, 1, 0, 1
0, 1, 0, 1, 1, 1, 1, 1, 1
0, 1, 1, 0, 0, 0, 0, 0, 0
0, 1, 1, 0, 0, 0, 0, 1, 0
0, 1, 1, 0, 0, 0, 1, 0, 0
0, 1, 1, 0, 0, 0, 1, 1, 0
0, 1, 1, 0, 0, 1, 0, 0, 0
0, 1, 1, 0, 0, 1, 0, 1, 0
0, 1, 1, 0, 0, 1, 1, 0, 0
0, 1, 1, 0, 0, 1, 1, 1, 0
0, 1, 1, 0, 1, 0, 0, 0, 0
0, 1, 1, 0, 1, 0, 0, 1, 0
0, 1, 1, 0, 1, 0, 1, 0, 0
0, 1, 1, 0, 1, 0, 1, 1, 0
0, 1, 1, 0, 1, 1, 0, 0, 0
0, 1, 1, 0, 1, 1, 0, 1, 0
0, 1, 1, 0, 1, 1, 1, 0, 0
0, 1, 1, 0, 1, 1, 1, 1, 0
0, 1, 1, 1, 0, 0, 0, 0, 0
0, 1, 1, 1, 0, 0, 0, 1, 0
0, 1, 1, 1, 0, 0, 1, 0, 0
0, 1, 1, 1, 0, 0, 1, 1, 0
0, 1, 1, 1, 0, 1, 0, 0, 0
0, 1, 1, 1, 0, 1, 0, 1, 0
0, 1, 1, 1, 0, 1, 1, 0, 0
0, 1, 1, 1, 0, 1, 1, 1, 0
0, 1, 1, 1, 1, 0, 0, 0, 0
0, 1, 1, 1, 1, 0, 0, 1, 0
0, 1, 1, 1, 1, 0, 1, 0, 0
0, 1, 1, 1, 1, 0, 1, 1, 0
0, 1, 1, 1, 1, 1, 0, 0, 0
0, 1, 1, 1, 1, 1, 0, 1, 0
0, 1, 1, 1, 1, 1, 1, 0, 0
0, 1, 1, 1, 1, 1, 1, 1, 0
1, 0, 0, 0, 0, 0, 0, 0, 0
1, 0, 0, 0, 0, 0, 0, 1, 1
1, 0, 0, 0, 0, 0, 1, 0, 1
1, 0, 0, 0, 0, 0, 1, 1, 1
1, 0, 0, 0, 0, 1, 0, 0, 0
1, 0, 0, 0, 0, 1, 0, 1, 1
1, 0, 0, 0, 0, 1, 1, 0, 1
1, 0, 0, 0, 0, 1, 1, 1, 1
1, 0, 0, 0, 1, 0, 0, 0, 1
1, 0, 0, 0, 1, 0, 0, 1, 1
1, 0, 0, 0, 1, 0, 1, 0, 1
1, 0, 0, 0, 1, 0, 1, 1, 1
1, 0, 0, 0, 1, 1, 0, 0, 1
1, 0, 0, 0, 1, 1, 0, 1, 1
1, 0, 0, 0, 1, 1, 1, 0, 1
1, 0, 0, 0, 1, 1, 1, 1, 1
1, 0, 0, 1, 0, 0, 0, 0, 1
1, 0, 0, 1, 0, 0, 0, 1, 1
1, 0, 0, 1, 0, 0, 1, 0, 1
1, 0, 0, 1, 0, 0, 1, 1, 1
1, 0, 0, 1, 0, 1, 0, 0, 1
1, 0, 0, 1, 0, 1, 0, 1, 1
1, 0, 0, 1, 0, 1, 1, 0, 1
1, 0, 0, 1, 0, 1, 1, 1, 1
1, 0, 0, 1, 1, 0, 0, 0, 1
1, 0, 0, 1, 1, 0, 0, 1, 1
1, 0, 0, 1, 1, 0, 1, 0, 1
1, 0, 0, 1, 1, 0, 1, 1, 1
1, 0, 0, 1, 1, 1, 0, 0, 1
1, 0, 0, 1, 1, 1, 0, 1, 1
1, 0, 0, 1, 1, 1, 1, 0, 1
1, 0, 0, 1, 1, 1, 1, 1, 1
1, 0, 1, 0, 0, 0, 0, 0, 0
1, 0, 1, 0, 0, 0, 0, 1, 0
1, 0, 1, 0, 0, 0, 1, 0, 0
1, 0, 1, 0, 0, 0, 1, 1, 0
1, 0, 1, 0, 0, 1, 0, 0, 0
1, 0, 1, 0, 0, 1, 0, 1, 0
1, 0, 1, 0, 0, 1, 1, 0, 0
1, 0, 1, 0, 0, 1, 1, 1, 0
1, 0, 1, 0, 1, 0, 0, 0, 0
1, 0, 1, 0, 1, 0, 0, 1, 0
1, 0, 1, 0, 1, 0, 1, 0, 0
1, 0, 1, 0, 1, 0, 1, 1, 0
1, 0, 1, 0, 1, 1, 0, 0, 0
1, 0, 1, 0, 1, 1, 0, 1, 0
1, 0, 1, 0, 1, 1, 1, 0, 0
1, 0, 1, 0, 1, 1, 1, 1, 0
1, 0, 1, 1, 0, 0, 0, 0, 0
1, 0, 1, 1, 0, 0, 0, 1, 0
1, 0, 1, 1, 0, 0, 1, 0, 0
1, 0, 1, 1, 0, 0, 1, 1, 0
1, 0, 1, 1, 0, 1, 0, 0, 0
1, 0, 1, 1, 0, 1, 0, 1, 0
1, 0, 1, 1, 0, 1, 1, 0, 0
1, 0, 1, 1, 0, 1, 1, 1, 0
1, 0, 1, 1, 1, 0, 0, 0, 0
1, 0, 1, 1, 1, 0, 0, 1, 0
1, 0, 1, 1, 1, 0, 1, 0, 0
1, 0, 1, 1, 1, 0, 1, 1, 0
1, 0, 1, 1, 1, 1, 0, 0, 0
1, 0, 1, 1, 1, 1, 0, 1, 0
1, 0, 1, 1, 1, 1, 1, 0, 0
1, 0, 1, 1, 1, 1, 1, 1, 0
1, 1, 0, 0, 0, 0, 0, 0, 0
1, 1, 0, 0, 0, 0, 0, 1, 1
1, 1, 0, 0, 0, 0, 1, 0, 1
1, 1, 0, 0, 0, 0, 1, 1, 1
1, 1, 0, 0, 0, 1, 0, 0, 0
1, 1, 0, 0, 0, 1, 0, 1, 1
1, 1, 0, 0, 0, 1, 1, 0, 1
1, 1, 0, 0, 0, 1, 1, 1, 1
1, 1, 0, 0, 1, 0, 0, 0, 1
1, 1, 0, 0, 1, 0, 0, 1, 1
1, 1, 0, 0, 1, 0, 1, 0, 1
1, 1, 0, 0, 1, 0, 1, 1, 1
1, 1, 0, 0, 1, 1, 0, 0, 1
1, 1, 0, 0, 1, 1, 0, 1, 1
1, 1, 0, 0, 1, 1, 1, 0, 1
1, 1, 0, 0, 1, 1, 1, 1, 1
1, 1, 0, 1, 0, 0, 0, 0, 1
1, 1, 0, 1, 0, 0, 0, 1, 1
1, 1, 0, 1, 0, 0, 1, 0, 1
1, 1, 0, 1, 0, 0, 1, 1, 1
1, 1, 0, 1, 0, 1, 0, 0, 1
1, 1, 0, 1, 0, 1, 0, 1, 1
1, 1, 0, 1, 0, 1, 1, 0, 1
1, 1, 0, 1, 0, 1, 1, 1, 1
1, 1, 0, 1, 1, 0, 0, 0, 1
1, 1, 0, 1, 1, 0, 0, 1, 1
1, 1, 0, 1, 1, 0, 1, 0, 1
1, 1, 0, 1, 1, 0, 1, 1, 1
1, 1, 0, 1, 1, 1, 0, 0, 1
1, 1, 0, 1, 1, 1, 0, 1, 1
1, 1, 0, 1, 1, 1, 1, 0, 1
1, 1, 0, 1, 1, 1, 1, 1, 1
1, 1, 1, 0, 0, 0, 0, 0, 0
1, 1, 1, 0, 0, 0, 0, 1, 0
1, 1, 1, 0, 0, 0, 1, 0, 0
1, 1, 1, 0, 0, 0, 1, 1, 0
1, 1, 1, 0, 0, 1, 0, 0, 0
1, 1, 1, 0, 0, 1, 0, 1, 0
1, 1, 1, 0, 0, 1, 1, 0, 0
1, 1, 1, 0, 0, 1, 1, 1, 0
1, 1, 1, 0, 1, 0, 0, 0, 0
1, 1, 1, 0, 1, 0, 0, 1, 0
1, 1, 1, 0, 1, 0, 1, 0, 0
1, 1, 1, 0, 1, 0, 1, 1, 0
1, 1, 1, 0, 1, 1, 0, 0, 0
1, 1, 1, 0, 1, 1, 0, 1, 0
1, 1, 1, 0, 1, 1, 1, 0, 0
1, 1, 1, 0, 1, 1, 1, 1, 0
1, 1, 1, 1, 0, 0, 0, 0, 0
1, 1, 1, 1, 0, 0, 0, 1, 0
1, 1, 1, 1, 0, 0, 1, 0, 0
1, 1, 1, 1, 0, 0, 1, 1, 0
1, 1, 1, 1, 0, 1, 0, 0, 0
1, 1, 1, 1, 0, 1, 0, 1, 0
1, 1, 1, 1, 0, 1, 1, 0, 0
1, 1, 1, 1, 0, 1, 1, 1, 0
1, 1, 1, 1, 1, 0, 0, 0, 0
1, 1, 1, 1, 1, 0, 0, 1, 0
1, 1, 1, 1, 1, 0, 1, 0, 0
1, 1, 1, 1, 1, 0, 1, 1, 0
1, 1, 1, 1, 1, 1, 0, 0, 0
1, 1, 1, 1, 1, 1, 0, 1, 0
1, 1, 1, 1, 1, 1, 1, 0, 0
1, 1, 1, 1, 1, 1, 1, 1, 0
# DSB (FAHRR, HRR2, NHEJ, NUC1, NUC2, DSB)
0, 0, 0, 0, 0, 0
0, 0, 0, 0, 1, 1
0, 0, 0, 1, 0, 1
0, 0, 0, 1, 1, 1
0, 0, 1, 0, 0, 0
0, 0, 1, 0, 1, 0
0, 0, 1, 1, 0, 0
0, 0, 1, 1, 1, 0
0, 1, 0, 0, 0, 0
0, 1, 0, 0, 1, 0
0, 1, 0, 1, 0, 0
0, 1, 0, 1, 1, 0
0, 1, 1, 0, 0, 0
0, 1, 1, 0, 1, 0
0, 1, 1, 1, 0, 0
0, 1, 1, 1, 1, 0
1, 0, 0, 0, 0, 0
1, 0, 0, 0, 1, 0
1, 0, 0, 1, 0, 0
1, 0, 0, 1, 1, 0
1, 0, 1, 0, 0, 0
1, 0, 1, 0, 1, 0
1, 0, 1, 1, 0, 0
1, 0, 1, 1, 1, 0
1, 1, 0, 0, 0, 0
1, 1, 0, 0, 1, 0
1, 1, 0, 1, 0, 0
1, 1, 0, 1, 1, 0
1, 1, 1, 0, 0, 0
1, 1, 1, 0, 1, 0
1, 1, 1, 1, 0, 0
1, 1, 1, 1, 1, 0
# FAcore (ATM, ATR, CHKREC, ICL, FAcore)
0, 0, 0, 0, 0
0, 0, 0, 1, 0
0, 0, 1, 0, 0
0, 0, 1, 1, 0
0, 1, 0, 0, 0
0, 1, 0, 1, 1
0, 1, 1, 0, 0
0, 1, 1, 1, 0
1, 0, 0, 0, 0
1, 0, 0, 1, 1
1, 0, 1, 0, 0
1, 0, 1, 1, 0
1, 1, 0, 0, 0
1, 1, 0, 1, 1
1, 1, 1, 0, 0
1, 1, 1, 1, 0
# FAHRR (CHKREC, DSB, FANCD2I, NHEJ, FAHRR)
0, 0, 0, 0, 0
0, 0, 0, 1, 0
0, 0, 1, 0, 0
0, 0, 1, 1, 0
0, 1, 0, 0, 0
0, 1, 0, 1, 0
0, 1, 1, 0, 1
0, 1, 1, 1, 1
1, 0, 0, 0, 0
1, 0, 0, 1, 0
1, 0, 1, 0, 0
1, 0, 1, 1, 0
1, 1, 0, 0, 0
1, 1, 0, 1, 0
1, 1, 1, 0, 1
1, 1, 1, 1, 0
# FANCD2I (ATM, ATR, CHKREC, DSB, FAcore, FANCD2I)
0, 0, 0, 0, 0, 0
0, 0, 0, 0, 1, 0
0, 0, 0, 1, 0, 0
0, 0, 0, 1, 1, 0
0, 0, 1, 0, 0, 0
0, 0, 1, 0, 1, 0
0, 0, 1, 1, 0, 0
0, 0, 1, 1, 1, 0
0, 1, 0, 0, 0, 0
0, 1, 0, 0, 1, 1
0, 1, 0, 1, 0, 0
0, 1, 0, 1, 1, 1
0, 1, 1, 0, 0, 0
0, 1, 1, 0, 1, 0
0, 1, 1, 1, 0, 0
0, 1, 1, 1, 1, 0
1, 0, 0, 0, 0, 0
1, 0, 0, 0, 1, 1
1, 0, 0, 1, 0, 0
1, 0, 0, 1, 1, 1
1, 0, 1, 0, 0, 0
1, 0, 1, 0, 1, 0
1, 0, 1, 1, 0, 0
1, 0, 1, 1, 1, 0
1, 1, 0, 0, 0, 0
1, 1, 0, 0, 1, 1
1, 1, 0, 1, 0, 0
1, 1, 0, 1, 1, 1
1, 1, 1, 0, 0, 0
1, 1, 1, 0, 1, 0
1, 1, 1, 1, 0, 0
1, 1, 1, 1, 1, 0
# HRR2 (CHKREC, DSB, FAHRR, ICL, NHEJ, NUC2, TLS, HRR2)
0, 0, 0, 0, 0, 0, 0, 0
0, 0, 0, 0, 0, 0, 1, 0
0, 0, 0, 0, 0, 1, 0, 0
0, 0, 0, 0, 0, 1, 1, 0
0, 0, 0, 0, 1, 0, 0, 0
0, 0, 0, 0, 1, 0, 1, 0
0, 0, 0, 0, 1, 1, 0, 0
0, 0, 0, 0, 1, 1, 1, 0
0, 0, 0, 1, 0, 0, 0, 0
0, 0, 0, 1, 0, 0, 1, 0
0, 0, 0, 1, 0, 1, 0, 0
0, 0, 0, 1, 0, 1, 1, 0
0, 0, 0, 1, 1, 0, 0, 0
0, 0, 0, 1, 1, 0, 1, 0
0, 0, 0, 1, 1, 1, 0, 0
0, 0, 0, 1, 1, 1, 1, 0
0, 0, 1, 0, 0, 0, 0, 0
0, 0, 1, 0, 0, 0, 1, 0
0, 0, 1, 0, 0, 1, 0, 0
0, 0, 1, 0, 0, 1, 1, 0
0, 0, 1, 0, 1, 0, 0, 0
0, 0, 1, 0, 1, 0, 1, 0
0, 0, 1, 0, 1, 1, 0, 0
0, 0, 1, 0, 1, 1, 1, 0
0, 0, 1, 1, 0, 0, 0, 0
0, 0, 1, 1, 0, 0, 1, 0
0, 0, 1, 1, 0, 1, 0, 0
0, 0, 1, 1, 0, 1, 1, 0
0, 0, 1, 1, 1, 0, 0, 0
0, 0, 1, 1, 1, 0, 1, 0
0, 0, 1, 1, 1, 1, 0, 0
0, 0, 1, 1, 1, 1, 1, 0
0, 1, 0, 0, 0, 0, 0, 0
0, 1, 0, 0, 0, 0, 1, 0
0, 1, 0, 0, 0, 1, 0, 0
0, 1, 0, 0, 0, 1, 1, 1
0, 1, 0, 0, 1, 0, 0, 0
0, 1, 0, 0, 1, 0, 1, 0
0, 1, 0, 0, 1, 1, 0, 0
0, 1, 0, 0, 1, 1, 1, 0
0, 1, 0, 1, 0, 0, 0, 0
0, 1, 0, 1, 0, 0, 1, 0
0, 1, 0, 1, 0, 1, 0, 0
0, 1, 0, 1, 0, 1, 1, 1
0, 1, 0, 1, 1, 0, 0, 0
0, 1, 0, 1, 1, 0, 1, 0
0, 1, 0, 1, 1, 1, 0, 1
0, 1, 0, 1, 1, 1, 1, 1
0, 1, 1, 0, 0, 0, 0, 0
0, 1, 1, 0, 0, 0, 1, 0
0, 1, 1, 0, 0, 1, 0, 0
0, 1, 1, 0, 0, 1, 1, 0
0, 1, 1, 0, 1, 0, 0, 0
0, 1, 1, 0, 1, 0, 1, 0
0, 1, 1, 0, 1, 1, 0, 0
0, 1, 1, 0, 1, 1, 1, 0
0, 1, 1, 1, 0, 0, 0, 0
0, 1, 1, 1, 0, 0, 1, 0
0, 1, 1, 1, 0, 1, 0, 0
0, 1, 1, 1, 0, 1, 1, 0
0, 1, 1, 1, 1, 0, 0, 0
0, 1, 1, 1, 1, 0, 1, 0
0, 1, 1, 1, 1, 1, 0, 0
0, 1, 1, 1, 1, 1, 1, 0
1, 0, 0, 0, 0, 0, 0, 0
1, 0, 0, 0, 0, 0, 1, 0
1, 0, 0, 0, 0, 1, 0, 0
1, 0, 0, 0, 0, 1, 1, 0
1, 0, 0, 0, 1, 0, 0, 0
1, 0, 0, 0, 1, 0, 1, 0
1, 0, 0, 0, 1, 1, 0, 0
1, 0, 0, 0, 1, 1, 1, 0
1, 0, 0, 1, 0, 0, 0, 0
1, 0, 0, 1, 0, 0, 1, 0
1, 0, 0, 1, 0, 1, 0, 0
1, 0, 0, 1, 0, 1, 1, 0
1, 0, 0, 1, 1, 0, 0, 0
1, 0, 0, 1, 1, 0, 1, 0
1, 0, 0, 1, 1, 1, 0, 0
1, 0, 0, 1, 1, 1, 1, 0
1, 0, 1, 0, 0, 0, 0, 0
1, 0, 1, 0, 0, 0, 1, 0
1, 0, 1, 0, 0, 1, 0, 0
1, 0, 1, 0, 0, 1, 1, 0
1, 0, 1, 0, 1, 0, 0, 0
1, 0, 1, 0, 1, 0, 1, 0
1, 0, 1, 0, 1, 1, 0, 0
1, 0, 1, 0, 1, 1, 1, 0
1, 0, 1, 1, 0, 0, 0, 0
1, 0, 1, 1, 0, 0, 1, 0
1, 0, 1, 1, 0, 1, 0, 0
1, 0, 1, 1, 0, 1, 1, 0
1, 0, 1, 1, 1, 0, 0, 0
1, 0, 1, 1, 1, 0, 1, 0
1, 0, 1, 1, 1, 1, 0, 0
1, 0, 1, 1, 1, 1, 1, 0
1, 1, 0, 0, 0, 0, 0, 0
1, 1, 0, 0, 0, 0, 1, 0
1, 1, 0, 0, 0, 1, 0, 0
1, 1, 0, 0, 0, 1, 1, 0
1, 1, 0, 0, 1, 0, 0, 0
1, 1, 0, 0, 1, 0, 1, 0
1, 1, 0, 0, 1, 1, 0, 0
1, 1, 0, 0, 1, 1, 1, 0
1, 1, 0, 1, 0, 0, 0, 0
1, 1, 0, 1, 0, 0, 1, 0
1, 1, 0, 1, 0, 1, 0, 0
1, 1, 0, 1, 0, 1, 1, 0
1, 1, 0, 1, 1, 0, 0, 0
1, 1, 0, 1, 1, 0, 1, 0
1, 1, 0, 1, 1, 1, 0, 0
1, 1, 0, 1, 1, 1, 1, 0
1, 1, 1, 0, 0, 0, 0, 0
1, 1, 1, 0, 0, 0, 1, 0
1, 1, 1, 0, 0, 1, 0, 0
1, 1, 1, 0, 0, 1, 1, 0
1, 1, 1, 0, 1, 0, 0, 0
1, 1, 1, 0, 1, 0, 1, 0
1, 1, 1, 0, 1, 1, 0, 0
1, 1, 1, 0, 1, 1, 1, 0
1, 1, 1, 1, 0, 0, 0, 0
1, 1, 1, 1, 0, 0, 1, 0
1, 1, 1, 1, 0, 1, 0, 0
1, 1, 1, 1, 0, 1, 1, 0
1, 1, 1, 1, 1, 0, 0, 0
1, 1, 1, 1, 1, 0, 1, 0
1, 1, 1, 1, 1, 1, 0, 0
1, 1, 1, 1, 1, 1, 1, 0
# ICL (DSB, ICL, ICL)
0, 0, 0
0, 1, 1
1, 0, 0
1, 1, 0
# NHEJ (CHKREC, DSB, FAHRR, HRR2, NUC2, NHEJ)
0, 0, 0, 0, 0, 0
0, 0, 0, 0, 1, 0
0, 0, 0, 1, 0, 0
0, 0, 0, 1, 1, 0
0, 0, 1, 0, 0, 0
0, 0, 1, 0, 1, 0
0, 0, 1, 1, 0, 0
0, 0, 1, 1, 1, 0
0, 1, 0, 0, 0, 0
0, 1, 0, 0, 1, 1
0, 1, 0, 1, 0, 0
0, 1, 0, 1, 1, 0
0, 1, 1, 0, 0, 0
0, 1, 1, 0, 1, 0
0, 1, 1, 1, 0, 0
0, 1, 1, 1, 1, 0
1, 0, 0, 0, 0, 0
1, 0, 0, 0, 1, 0
1, 0, 0, 1, 0, 0
1, 0, 0, 1, 1, 0
1, 0, 1, 0, 0, 0
1, 0, 1, 0, 1, 0
1, 0, 1, 1, 0, 0
1, 0, 1, 1, 1, 0
1, 1, 0, 0, 0, 0
1, 1, 0, 0, 1, 0
1, 1, 0, 1, 0, 0
1, 1, 0, 1, 1, 0
1, 1, 1, 0, 0, 0
1, 1, 1, 0, 1, 0
1, 1, 1, 1, 0, 0
1, 1, 1, 1, 1, 0
# NUC1 (FANCD2I, ICL, NUC1)
0, 0, 0
0, 1, 0
1, 0, 0
1, 1, 1
# NUC2 (ATM, ATR, FANCD2I, FAcore, ICL, NUC1, p53, NUC2)
0, 0, 0, 0, 0, 0, 0, 0
0, 0, 0, 0, 0, 0, 1, 0
0, 0, 0, 0, 0, 1, 0, 0
0, 0, 0, 0, 0, 1, 1, 0
0, 0, 0, 0, 1, 0, 0, 0
0, 0, 0, 0, 1, 0, 1, 0
0, 0, 0, 0, 1, 1, 0, 0
0, 0, 0, 0, 1, 1, 1, 1
0, 0, 0, 1, 0, 0, 0, 0
0, 0, 0, 1, 0, 0, 1, 0
0, 0, 0, 1, 0, 1, 0, 0
0, 0, 0, 1, 0, 1, 1, 0
0, 0, 0, 1, 1, 0, 0, 0
0, 0, 0, 1, 1, 0, 1, 0
0, 0, 0, 1, 1, 1, 0, 0
0, 0, 0, 1, 1, 1, 1, 1
0, 0, 1, 0, 0, 0, 0, 0
0, 0, 1, 0, 0, 0, 1, 0
0, 0, 1, 0, 0, 1, 0, 0
0, 0, 1, 0, 0, 1, 1, 0
0, 0, 1, 0, 1, 0, 0, 0
0, 0, 1, 0, 1, 0, 1, 0
0, 0, 1, 0, 1, 1, 0, 0
0, 0, 1, 0, 1, 1, 1, 1
0, 0, 1, 1, 0, 0, 0, 0
0, 0, 1, 1, 0, 0, 1, 0
0, 0, 1, 1, 0, 1, 0, 0
0, 0, 1, 1, 0, 1, 1, 0
0, 0, 1, 1, 1, 0, 0, 0
0, 0, 1, 1, 1, 0, 1, 0
0, 0, 1, 1, 1, 1, 0, 0
0, 0, 1, 1, 1, 1, 1, 0
0, 1, 0, 0, 0, 0, 0, 0
0, 1, 0, 0, 0, 0, 1, 0
0, 1, 0, 0, 0, 1, 0, 0
0, 1, 0, 0, 0, 1, 1, 0
0, 1, 0, 0, 1, 0, 0, 1
0, 1, 0, 0, 1, 0, 1, 1
0, 1, 0, 0, 1, 1, 0, 1
0, 1, 0, 0, 1, 1, 1, 1
0, 1, 0, 1, 0, 0, 0, 0
0, 1, 0, 1, 0, 0, 1, 0
0, 1, 0, 1, 0, 1, 0, 0
0, 1, 0, 1, 0, 1, 1, 0
0, 1, 0, 1, 1, 0, 0, 1
0, 1, 0, 1, 1, 0, 1, 1
0, 1, 0, 1, 1, 1, 0, 1
0, 1, 0, 1, 1, 1, 1, 1
0, 1, 1, 0, 0, 0, 0, 0
0, 1, 1, 0, 0, 0, 1, 0
0, 1, 1, 0, 0, 1, 0, 0
0, 1, 1, 0, 0, 1, 1, 0
0, 1, 1, 0, 1, 0, 0, 1
0, 1, 1, 0, 1, 0, 1, 1
0, 1, 1, 0, 1, 1, 0, 1
0, 1, 1, 0, 1, 1, 1, 1
0, 1, 1, 1, 0, 0, 0, 0
0, 1, 1, 1, 0, 0, 1, 0
0, 1, 1, 1, 0, 1, 0, 0
0, 1, 1, 1, 0, 1, 1, 0
0, 1, 1, 1, 1, 0, 0, 0
0, 1, 1, 1, 1, 0, 1, 0
0, 1, 1, 1, 1, 1, 0, 0
0, 1, 1, 1, 1, 1, 1, 0
1, 0, 0, 0, 0, 0, 0, 0
1, 0, 0, 0, 0, 0, 1, 0
1, 0, 0, 0, 0, 1, 0, 0
1, 0, 0, 0, 0, 1, 1, 0
1, 0, 0, 0, 1, 0, 0, 1
1, 0, 0, 0, 1, 0, 1, 1
1, 0, 0, 0, 1, 1, 0, 1
1, 0, 0, 0, 1, 1, 1, 1
1, 0, 0, 1, 0, 0, 0, 0
1, 0, 0, 1, 0, 0, 1, 0
1, 0, 0, 1, 0, 1, 0, 0
1, 0, 0, 1, 0, 1, 1, 0
1, 0, 0, 1, 1, 0, 0, 1
1, 0, 0, 1, 1, 0, 1, 1
1, 0, 0, 1, 1, 1, 0, 1
1, 0, 0, 1, 1, 1, 1, 1
1, 0, 1, 0, 0, 0, 0, 0
1, 0, 1, 0, 0, 0, 1, 0
1, 0, 1, 0, 0, 1, 0, 0
1, 0, 1, 0, 0, 1, 1, 0
1, 0, 1, 0, 1, 0, 0, 1
1, 0, 1, 0, 1, 0, 1, 1
1, 0, 1, 0, 1, 1, 0, 1
1, 0, 1, 0, 1, 1, 1, 1
1, 0, 1, 1, 0, 0, 0, 0
1, 0, 1, 1, 0, 0, 1, 0
1, 0, 1, 1, 0, 1, 0, 0
1, 0, 1, 1, 0, 1, 1, 0
1, 0, 1, 1, 1, 0, 0, 0
1, 0, 1, 1, 1, 0, 1, 0
1, 0, 1, 1, 1, 1, 0, 0
1, 0, 1, 1, 1, 1, 1, 0
1, 1, 0, 0, 0, 0, 0, 0
1, 1, 0, 0, 0, 0, 1, 0
1, 1, 0, 0, 0, 1, 0, 0
1, 1, 0, 0, 0, 1, 1, 0
1, 1, 0, 0, 1, 0, 0, 1
1, 1, 0, 0, 1, 0, 1, 1
1, 1, 0, 0, 1, 1, 0, 1
1, 1, 0, 0, 1, 1, 1, 1
1, 1, 0, 1, 0, 0, 0, 0
1, 1, 0, 1, 0, 0, 1, 0
1, 1, 0, 1, 0, 1, 0, 0
1, 1, 0, 1, 0, 1, 1, 0
1, 1, 0, 1, 1, 0, 0, 1
1, 1, 0, 1, 1, 0, 1, 1
1, 1, 0, 1, 1, 1, 0, 1
1, 1, 0, 1, 1, 1, 1, 1
1, 1, 1, 0, 0, 0, 0, 0
1, 1, 1, 0, 0, 0, 1, 0
1, 1, 1, 0, 0, 1, 0, 0
1, 1, 1, 0, 0, 1, 1, 0
1, 1, 1, 0, 1, 0, 0, 1
1, 1, 1, 0, 1, 0, 1, 1
1, 1, 1, 0, 1, 1, 0, 1
1, 1, 1, 0, 1, 1, 1, 1
1, 1, 1, 1, 0, 0, 0, 0
1, 1, 1, 1, 0, 0, 1, 0
1, 1, 1, 1, 0, 1, 0, 0
1, 1, 1, 1, 0, 1, 1, 0
1, 1, 1, 1, 1, 0, 0, 0
1, 1, 1, 1, 1, 0, 1, 0
1, 1, 1, 1, 1, 1, 0, 0
1, 1, 1, 1, 1, 1, 1, 0
# p53 (ATM, ATR, CHKREC, NHEJ, p53)
0, 0, 0, 0, 0
0, 0, 0, 1, 1
0, 0, 1, 0, 0
0, 0, 1, 1, 0
0, 1, 0, 0, 1
0, 1, 0, 1, 1
0, 1, 1, 0, 0
0, 1, 1, 1, 0
1, 0, 0, 0, 1
1, 0, 0, 1, 1
1, 0, 1, 0, 0
1, 0, 1, 1, 0
1, 1, 0, 0, 1
1, 1, 0, 1, 1
1, 1, 1, 0, 0
1, 1, 1, 1, 0
# TLS (ADD, CHKREC, FAcore, TLS)
0, 0, 0, 0
0, 0, 1, 0
0, 1, 0, 0
0, 1, 1, 0
1, 0, 0, 1
1, 0, 1, 1
1, 1, 0, 0
1, 1, 1, 0
