## ABI1 Actin ADPRc AGB1 AnionEM Atrboh Ca2_ATPase Ca2_c cADPR CaIM cGMP CIS Closure Depolar GC GPA1 HTPase InsP3 InsP6 InsPK KAP KEV KOUT Malate NIA12 NO NOS OST1 PA PEPC pH PLC PLD RAC1 RCN1 ROP10 ROP2 ROS S1P SphK ABA GCR1 ERA1 ABH1
# ABI1 (PA, ROS, pH, ABI1)
0, 0, 0, 0
0, 0, 1, 1
0, 1, 0, 0
0, 1, 1, 0
1, 0, 0, 0
1, 0, 1, 0
1, 1, 0, 0
1, 1, 1, 0
# Actin (Ca2_c, RAC1, Actin)
0, 0, 1
0, 1, 0
1, 0, 1
1, 1, 1
# ADPRc (NO, ADPRc)
0, 0
1, 1
# AGB1 (GPA1, AGB1)
0, 0
1, 1
# AnionEM (ABI1, Ca2_c, pH, AnionEM)
0, 0, 0, 0
0, 0, 1, 1
0, 1, 0, 1
0, 1, 1, 1
1, 0, 0, 0
1, 0, 1, 0
1, 1, 0, 0
1, 1, 1, 1
# Atrboh (ABI1, OST1, ROP2, pH, Atrboh)
0, 0, 0, 0, 0
0, 0, 0, 1, 0
0, 0, 1, 0, 0
0, 0, 1, 1, 0
0, 1, 0, 0, 0
0, 1, 0, 1, 0
0, 1, 1, 0, 0
0, 1, 1, 1, 1
1, 0, 0, 0, 0
1, 0, 0, 1, 0
1, 0, 1, 0, 0
1, 0, 1, 1, 0
1, 1, 0, 0, 0
1, 1, 0, 1, 0
1, 1, 1, 0, 0
1, 1, 1, 1, 0
# Ca2_ATPase (Ca2_c, Ca2_ATPase)
0, 0
1, 1
# Ca2_c (CIS, Ca2_ATPase, CaIM, Ca2_c)
0, 0, 0, 0
0, 0, 1, 1
0, 1, 0, 0
0, 1, 1, 0
1, 0, 0, 1
1, 0, 1, 1
1, 1, 0, 0
1, 1, 1, 0
# cADPR (ADPRc, cADPR)
0, 0
1, 1
# CaIM (ABH1, Depolar, ERA1, ROS, CaIM)
0, 0, 0, 0, 1
0, 0, 0, 1, 1
0, 0, 1, 0, 1
0, 0, 1, 1, 1
0, 1, 0, 0, 0
0, 1, 0, 1, 0
0, 1, 1, 0, 0
0, 1, 1, 1, 0
1, 0, 0, 0, 1
1, 0, 0, 1, 1
1, 0, 1, 0, 0
1, 0, 1, 1, 1
1, 1, 0, 0, 0
1, 1, 0, 1, 0
1, 1, 1, 0, 0
1, 1, 1, 1, 0
# cGMP (GC, cGMP)
0, 0
1, 1
# CIS (InsP3, InsP6, cADPR, cGMP, CIS)
0, 0, 0, 0, 0
0, 0, 0, 1, 0
0, 0, 1, 0, 0
0, 0, 1, 1, 1
0, 1, 0, 0, 0
0, 1, 0, 1, 0
0, 1, 1, 0, 0
0, 1, 1, 1, 1
1, 0, 0, 0, 0
1, 0, 0, 1, 0
1, 0, 1, 0, 0
1, 0, 1, 1, 1
1, 1, 0, 0, 1
1, 1, 0, 1, 1
1, 1, 1, 0, 1
1, 1, 1, 1, 1
# Closure (Actin, AnionEM, KAP, KOUT, Malate, Closure)
0, 0, 0, 0, 0, 0
0, 0, 0, 0, 1, 0
0, 0, 0, 1, 0, 0
0, 0, 0, 1, 1, 0
0, 0, 1, 0, 0, 0
0, 0, 1, 0, 1, 0
0, 0, 1, 1, 0, 0
0, 0, 1, 1, 1, 0
0, 1, 0, 0, 0, 0
0, 1, 0, 0, 1, 0
0, 1, 0, 1, 0, 0
0, 1, 0, 1, 1, 0
0, 1, 1, 0, 0, 0
0, 1, 1, 0, 1, 0
0, 1, 1, 1, 0, 0
0, 1, 1, 1, 1, 0
1, 0, 0, 0, 0, 0
1, 0, 0, 0, 1, 0
1, 0, 0, 1, 0, 0
1, 0, 0, 1, 1, 0
1, 0, 1, 0, 0, 0
1, 0, 1, 0, 1, 0
1, 0, 1, 1, 0, 0
1, 0, 1, 1, 1, 0
1, 1, 0, 0, 0, 0
1, 1, 0, 0, 1, 0
1, 1, 0, 1, 0, 1
1, 1, 0, 1, 1, 0
1, 1, 1, 0, 0, 1
1, 1, 1, 0, 1, 0
1, 1, 1, 1, 0, 1
1, 1, 1, 1, 1, 0
# Depolar (AnionEM, Ca2_c, HTPase, KEV, KOUT, Depolar)
0, 0, 0, 0, 0, 1
0, 0, 0, 0, 1, 0
0, 0, 0, 1, 0, 1
0, 0, 0, 1, 1, 1
0, 0, 1, 0, 0, 0
0, 0, 1, 0, 1, 0
0, 0, 1, 1, 0, 1
0, 0, 1, 1, 1, 1
0, 1, 0, 0, 0, 1
0, 1, 0, 0, 1, 1
0, 1, 0, 1, 0, 1
0, 1, 0, 1, 1, 1
0, 1, 1, 0, 0, 1
0, 1, 1, 0, 1, 1
0, 1, 1, 1, 0, 1
0, 1, 1, 1, 1, 1
1, 0, 0, 0, 0, 1
1, 0, 0, 0, 1, 1
1, 0, 0, 1, 0, 1
1, 0, 0, 1, 1, 1
1, 0, 1, 0, 0, 1
1, 0, 1, 0, 1, 1
1, 0, 1, 1, 0, 1
1, 0, 1, 1, 1, 1
1, 1, 0, 0, 0, 1
1, 1, 0, 0, 1, 1
1, 1, 0, 1, 0, 1
1, 1, 0, 1, 1, 1
1, 1, 1, 0, 0, 1
1, 1, 1, 0, 1, 1
1, 1, 1, 1, 0, 1
1, 1, 1, 1, 1, 1
# GC (NO, GC)
0, 0
1, 1
# GPA1 (AGB1, GCR1, S1P, GPA1)
0, 0, 0, 0
0, 0, 1, 0
0, 1, 0, 0
0, 1, 1, 0
1, 0, 0, 1
1, 0, 1, 1
1, 1, 0, 0
1, 1, 1, 1
# HTPase (Ca2_c, ROS, pH, HTPase)
0, 0, 0, 1
0, 0, 1, 0
0, 1, 0, 0
0, 1, 1, 0
1, 0, 0, 0
1, 0, 1, 0
1, 1, 0, 0
1, 1, 1, 0
# InsP3 (PLC, InsP3)
0, 0
1, 1
# InsP6 (InsPK, InsP6)
0, 0
1, 1
# InsPK (ABA, InsPK)
0, 0
1, 1
# KAP (Ca2_c, Depolar, pH, KAP)
0, 0, 0, 0
0, 0, 1, 0
0, 1, 0, 1
0, 1, 1, 1
1, 0, 0, 0
1, 0, 1, 0
1, 1, 0, 1
1, 1, 1, 0
# KEV (Ca2_c, KEV)
0, 0
1, 1
# KOUT (Depolar, NO, ROS, pH, KOUT)
0, 0, 0, 0, 0
0, 0, 0, 1, 0
0, 0, 1, 0, 0
0, 0, 1, 1, 0
0, 1, 0, 0, 0
0, 1, 0, 1, 0
0, 1, 1, 0, 0
0, 1, 1, 1, 0
1, 0, 0, 0, 1
1, 0, 0, 1, 1
1, 0, 1, 0, 1
1, 0, 1, 1, 1
1, 1, 0, 0, 1
1, 1, 0, 1, 1
1, 1, 1, 0, 0
1, 1, 1, 1, 1
# Malate (ABA, AnionEM, PEPC, Malate)
0, 0, 0, 0
0, 0, 1, 1
0, 1, 0, 0
0, 1, 1, 0
1, 0, 0, 0
1, 0, 1, 0
1, 1, 0, 0
1, 1, 1, 0
# NIA12 (RCN1, NIA12)
0, 0
1, 1
# NO (NIA12, NOS, NO)
0, 0, 0
0, 1, 0
1, 0, 0
1, 1, 1
# NOS (Ca2_c, NOS)
0, 0
1, 1
# OST1 (ABA, OST1)
0, 0
1, 1
# PA (PLD, PA)
0, 0
1, 1
# PEPC (ABA, PEPC)
0, 1
1, 0
# pH (ABA, pH)
0, 0
1, 1
# PLC (ABA, Ca2_c, PLC)
0, 0, 0
0, 1, 0
1, 0, 0
1, 1, 1
# PLD (GPA1, PLD)
0, 0
1, 1
# RAC1 (ABA, ABI1, RAC1)
0, 0, 1
0, 1, 0
1, 0, 0
1, 1, 0
# RCN1 (ABA, RCN1)
0, 0
1, 1
# ROP10 (ERA1, ROP10)
0, 0
1, 1
# ROP2 (PA, ROP2)
0, 0
1, 1
# ROS (Atrboh, ROS)
0, 0
1, 1
# S1P (SphK, S1P)
0, 0
1, 1
# SphK (ABA, SphK)
0, 0
1, 1
