## Ci_act Ci_rep Cos Dally Dlp Fu Hh Ptc Smo SuFu Targets Tow Gprk2 Disp Rasp Slmb Ttv Lipophorin Pka CK1a iHog Sgg Boi Shf
# Ci_act (CK1a, Cos, Pka, Sgg, Slmb, SuFu, Ci_act)
0, 0, 0, 0, 0, 0, 1
0, 0, 0, 0, 0, 1, 1
0, 0, 0, 0, 1, 0, 1
0, 0, 0, 0, 1, 1, 1
0, 0, 0, 1, 0, 0, 1
0, 0, 0, 1, 0, 1, 1
0, 0, 0, 1, 1, 0, 1
0, 0, 0, 1, 1, 1, 1
0, 0, 1, 0, 0, 0, 1
0, 0, 1, 0, 0, 1, 1
0, 0, 1, 0, 1, 0, 1
0, 0, 1, 0, 1, 1, 1
0, 0, 1, 1, 0, 0, 1
0, 0, 1, 1, 0, 1, 1
0, 0, 1, 1, 1, 0, 1
0, 0, 1, 1, 1, 1, 1
0, 1, 0, 0, 0, 0, 1
0, 1, 0, 0, 0, 1, 1
0, 1, 0, 0, 1, 0, 1
0, 1, 0, 0, 1, 1, 1
0, 1, 0, 1, 0, 0, 1
0, 1, 0, 1, 0, 1, 1
0, 1, 0, 1, 1, 0, 1
0, 1, 0, 1, 1, 1, 0
0, 1, 1, 0, 0, 0, 1
0, 1, 1, 0, 0, 1, 1
0, 1, 1, 0, 1, 0, 1
0, 1, 1, 0, 1, 1, 0
0, 1, 1, 1, 0, 0, 1
0, 1, 1, 1, 0, 1, 1
0, 1, 1, 1, 1, 0, 1
0, 1, 1, 1, 1, 1, 0
1, 0, 0, 0, 0, 0, 1
1, 0, 0, 0, 0, 1, 1
1, 0, 0, 0, 1, 0, 1
1, 0, 0, 0, 1, 1, 1
1, 0, 0, 1, 0, 0, 1
1, 0, 0, 1, 0, 1, 1
1, 0, 0, 1, 1, 0, 1
1, 0, 0, 1, 1, 1, 1
1, 0, 1, 0, 0, 0, 1
1, 0, 1, 0, 0, 1, 1
1, 0, 1, 0, 1, 0, 1
1, 0, 1, 0, 1, 1, 1
1, 0, 1, 1, 0, 0, 1
1, 0, 1, 1, 0, 1, 1
1, 0, 1, 1, 1, 0, 1
1, 0, 1, 1, 1, 1, 1
1, 1, 0, 0, 0, 0, 1
1, 1, 0, 0, 0, 1, 1
1, 1, 0, 0, 1, 0, 1
1, 1, 0, 0, 1, 1, 0
1, 1, 0, 1, 0, 0, 1
1, 1, 0, 1, 0, 1, 1
1, 1, 0, 1, 1, 0, 1
1, 1, 0, 1, 1, 1, 0
1, 1, 1, 0, 0, 0, 1
1, 1, 1, 0, 0, 1, 1
1, 1, 1, 0, 1, 0, 1
1, 1, 1, 0, 1, 1, 0
1, 1, 1, 1, 0, 0, 1
1, 1, 1, 1, 0, 1, 1
1, 1, 1, 1, 1, 0, 1
1, 1, 1, 1, 1, 1, 0
# Ci_rep (CK1a, Cos, Pka, Sgg, Slmb, SuFu, Ci_rep)
0, 0, 0, 0, 0, 0, 0
0, 0, 0, 0, 0, 1, 0
0, 0, 0, 0, 1, 0, 0
0, 0, 0, 0, 1, 1, 0
0, 0, 0, 1, 0, 0, 0
0, 0, 0, 1, 0, 1, 0
0, 0, 0, 1, 1, 0, 0
0, 0, 0, 1, 1, 1, 0
0, 0, 1, 0, 0, 0, 0
0, 0, 1, 0, 0, 1, 0
0, 0, 1, 0, 1, 0, 0
0, 0, 1, 0, 1, 1, 0
0, 0, 1, 1, 0, 0, 0
0, 0, 1, 1, 0, 1, 0
0, 0, 1, 1, 1, 0, 0
0, 0, 1, 1, 1, 1, 0
0, 1, 0, 0, 0, 0, 0
0, 1, 0, 0, 0, 1, 0
0, 1, 0, 0, 1, 0, 0
0, 1, 0, 0, 1, 1, 0
0, 1, 0, 1, 0, 0, 0
0, 1, 0, 1, 0, 1, 0
0, 1, 0, 1, 1, 0, 0
0, 1, 0, 1, 1, 1, 0
0, 1, 1, 0, 0, 0, 0
0, 1, 1, 0, 0, 1, 0
0, 1, 1, 0, 1, 0, 0
0, 1, 1, 0, 1, 1, 0
0, 1, 1, 1, 0, 0, 0
0, 1, 1, 1, 0, 1, 0
0, 1, 1, 1, 1, 0, 0
0, 1, 1, 1, 1, 1, 0
1, 0, 0, 0, 0, 0, 0
1, 0, 0, 0, 0, 1, 0
1, 0, 0, 0, 1, 0, 0
1, 0, 0, 0, 1, 1, 0
1, 0, 0, 1, 0, 0, 0
1, 0, 0, 1, 0, 1, 0
1, 0, 0, 1, 1, 0, 0
1, 0, 0, 1, 1, 1, 0
1, 0, 1, 0, 0, 0, 0
1, 0, 1, 0, 0, 1, 0
1, 0, 1, 0, 1, 0, 0
1, 0, 1, 0, 1, 1, 0
1, 0, 1, 1, 0, 0, 0
1, 0, 1, 1, 0, 1, 0
1, 0, 1, 1, 1, 0, 0
1, 0, 1, 1, 1, 1, 0
1, 1, 0, 0, 0, 0, 0
1, 1, 0, 0, 0, 1, 0
1, 1, 0, 0, 1, 0, 0
1, 1, 0, 0, 1, 1, 0
1, 1, 0, 1, 0, 0, 0
1, 1, 0, 1, 0, 1, 0
1, 1, 0, 1, 1, 0, 0
1, 1, 0, 1, 1, 1, 0
1, 1, 1, 0, 0, 0, 0
1, 1, 1, 0, 0, 1, 0
1, 1, 1, 0, 1, 0, 0
1, 1, 1, 0, 1, 1, 0
1, 1, 1, 1, 0, 0, 0
1, 1, 1, 1, 0, 1, 0
1, 1, 1, 1, 1, 0, 0
1, 1, 1, 1, 1, 1, 1
# Cos (Fu, Smo, Cos)
0, 0, 1
0, 1, 1
1, 0, 1
1, 1, 0
# Dally (Ttv, Dally)
0, 0
1, 1
# Dlp (Ttv, Dlp)
0, 0
1, 1
# Fu (Smo, Fu)
0, 0
1, 1
# Hh (Boi, Dally, Disp, Dlp, Lipophorin, Rasp, Shf, iHog, Hh)
0, 0, 0, 0, 0, 0, 0, 0, 0
0, 0, 0, 0, 0, 0, 0, 1, 0
0, 0, 0, 0, 0, 0, 1, 0, 0
0, 0, 0, 0, 0, 0, 1, 1, 0
0, 0, 0, 0, 0, 1, 0, 0, 0
0, 0, 0, 0, 0, 1, 0, 1, 0
0, 0, 0, 0, 0, 1, 1, 0, 0
0, 0, 0, 0, 0, 1, 1, 1, 0
0, 0, 0, 0, 1, 0, 0, 0, 0
0, 0, 0, 0, 1, 0, 0, 1, 0
0, 0, 0, 0, 1, 0, 1, 0, 0
0, 0, 0, 0, 1, 0, 1, 1, 0
0, 0, 0, 0, 1, 1, 0, 0, 0
0, 0, 0, 0, 1, 1, 0, 1, 0
0, 0, 0, 0, 1, 1, 1, 0, 0
0, 0, 0, 0, 1, 1, 1, 1, 0
0, 0, 0, 1, 0, 0, 0, 0, 0
0, 0, 0, 1, 0, 0, 0, 1, 0
0, 0, 0, 1, 0, 0, 1, 0, 0
0, 0, 0, 1, 0, 0, 1, 1, 0
0, 0, 0, 1, 0, 1, 0, 0, 0
0, 0, 0, 1, 0, 1, 0, 1, 0
0, 0, 0, 1, 0, 1, 1, 0, 0
0, 0, 0, 1, 0, 1, 1, 1, 0
0, 0, 0, 1, 1, 0, 0, 0, 0
0, 0, 0, 1, 1, 0, 0, 1, 0
0, 0, 0, 1, 1, 0, 1, 0, 0
0, 0, 0, 1, 1, 0, 1, 1, 0
0, 0, 0, 1, 1, 1, 0, 0, 0
0, 0, 0, 1, 1, 1, 0, 1, 0
0, 0, 0, 1, 1, 1, 1, 0, 0
0, 0, 0, 1, 1, 1, 1, 1, 0
0, 0, 1, 0, 0, 0, 0, 0, 0
0, 0, 1, 0, 0, 0, 0, 1, 0
0, 0, 1, 0, 0, 0, 1, 0, 0
0, 0, 1, 0, 0, 0, 1, 1, 0
0, 0, 1, 0, 0, 1, 0, 0, 0
0, 0, 1, 0, 0, 1, 0, 1, 0
0, 0, 1, 0, 0, 1, 1, 0, 0
0, 0, 1, 0, 0, 1, 1, 1, 0
0, 0, 1, 0, 1, 0, 0, 0, 0
0, 0, 1, 0, 1, 0, 0, 1, 0
0, 0, 1, 0, 1, 0, 1, 0, 0
0, 0, 1, 0, 1, 0, 1, 1, 0
0, 0, 1, 0, 1, 1, 0, 0, 0
0, 0, 1, 0, 1, 1, 0, 1, 0
0, 0, 1, 0, 1, 1, 1, 0, 0
0, 0, 1, 0, 1, 1, 1, 1, 0
0, 0, 1, 1, 0, 0, 0, 0, 0
0, 0, 1, 1, 0, 0, 0, 1, 0
0, 0, 1, 1, 0, 0, 1, 0, 0
0, 0, 1, 1, 0, 0, 1, 1, 0
0, 0, 1, 1, 0, 1, 0, 0, 0
0, 0, 1, 1, 0, 1, 0, 1, 0
0, 0, 1, 1, 0, 1, 1, 0, 0
0, 0, 1, 1, 0, 1, 1, 1, 0
0, 0, 1, 1, 1, 0, 0, 0, 0
0, 0, 1, 1, 1, 0, 0, 1, 0
0, 0, 1, 1, 1, 0, 1, 0, 0
0, 0, 1, 1, 1, 0, 1, 1, 0
0, 0, 1, 1, 1, 1, 0, 0, 0
0, 0, 1, 1, 1, 1, 0, 1, 0
0, 0, 1, 1, 1, 1, 1, 0, 0
0, 0, 1, 1, 1, 1, 1, 1, 0
0, 1, 0, 0, 0, 0, 0, 0, 0
0, 1, 0, 0, 0, 0, 0, 1, 0
0, 1, 0, 0, 0, 0, 1, 0, 0
0, 1, 0, 0, 0, 0, 1, 1, 0
0, 1, 0, 0, 0, 1, 0, 0, 0
0, 1, 0, 0, 0, 1, 0, 1, 0
0, 1, 0, 0, 0, 1, 1, 0, 0
0, 1, 0, 0, 0, 1, 1, 1, 0
0, 1, 0, 0, 1, 0, 0, 0, 0
0, 1, 0, 0, 1, 0, 0, 1, 0
0, 1, 0, 0, 1, 0, 1, 0, 0
0, 1, 0, 0, 1, 0, 1, 1, 0
0, 1, 0, 0, 1, 1, 0, 0, 0
0, 1, 0, 0, 1, 1, 0, 1, 0
0, 1, 0, 0, 1, 1, 1, 0, 0
0, 1, 0, 0, 1, 1, 1, 1, 0
0, 1, 0, 1, 0, 0, 0, 0, 0
0, 1, 0, 1, 0, 0, 0, 1, 0
0, 1, 0, 1, 0, 0, 1, 0, 0
0, 1, 0, 1, 0, 0, 1, 1, 0
0, 1, 0, 1, 0, 1, 0, 0, 0
0, 1, 0, 1, 0, 1, 0, 1, 0
0, 1, 0, 1, 0, 1, 1, 0, 0
0, 1, 0, 1, 0, 1, 1, 1, 0
0, 1, 0, 1, 1, 0, 0, 0, 0
0, 1, 0, 1, 1, 0, 0, 1, 0
0, 1, 0, 1, 1, 0, 1, 0, 0
0, 1, 0, 1, 1, 0, 1, 1, 0
0, 1, 0, 1, 1, 1, 0, 0, 0
0, 1, 0, 1, 1, 1, 0, 1, 0
0, 1, 0, 1, 1, 1, 1, 0, 0
0, 1, 0, 1, 1, 1, 1, 1, 0
0, 1, 1, 0, 0, 0, 0, 0, 0
0, 1, 1, 0, 0, 0, 0, 1, 0
0, 1, 1, 0, 0, 0, 1, 0, 0
0, 1, 1, 0, 0, 0, 1, 1, 0
0, 1, 1, 0, 0, 1, 0, 0, 0
0, 1, 1, 0, 0, 1, 0, 1, 0
0, 1, 1, 0, 0, 1, 1, 0, 0
0, 1, 1, 0, 0, 1, 1, 1, 0
0, 1, 1, 0, 1, 0, 0, 0, 0
0, 1, 1, 0, 1, 0, 0, 1, 0
0, 1, 1, 0, 1, 0, 1, 0, 0
0, 1, 1, 0, 1, 0, 1, 1, 0
0, 1, 1, 0, 1, 1, 0, 0, 0
0, 1, 1, 0, 1, 1, 0, 1, 0
0, 1, 1, 0, 1, 1, 1, 0, 0
0, 1, 1, 0, 1, 1, 1, 1, 0
0, 1, 1, 1, 0, 0, 0, 0, 0
0, 1, 1, 1, 0, 0, 0, 1, 0
0, 1, 1, 1, 0, 0, 1, 0, 0
0, 1, 1, 1, 0, 0, 1, 1, 0
0, 1, 1, 1, 0, 1, 0, 0, 0
0, 1, 1, 1, 0, 1, 0, 1, 0
0, 1, 1, 1, 0, 1, 1, 0, 0
0, 1, 1, 1, 0, 1, 1, 1, 0
0, 1, 1, 1, 1, 0, 0, 0, 0
0, 1, 1, 1, 1, 0, 0, 1, 0
0, 1, 1, 1, 1, 0, 1, 0, 0
0, 1, 1, 1, 1, 0, 1, 1, 0
0, 1, 1, 1, 1, 1, 0, 0, 0
0, 1, 1, 1, 1, 1, 0, 1, 0
0, 1, 1, 1, 1, 1, 1, 0, 0
0, 1, 1, 1, 1, 1, 1, 1, 0
1, 0, 0, 0, 0, 0, 0, 0, 0
1, 0, 0, 0, 0, 0, 0, 1, 0
1, 0, 0, 0, 0, 0, 1, 0, 0
1, 0, 0, 0, 0, 0, 1, 1, 0
1, 0, 0, 0, 0, 1, 0, 0, 0
1, 0, 0, 0, 0, 1, 0, 1, 0
1, 0, 0, 0, 0, 1, 1, 0, 0
1, 0, 0, 0, 0, 1, 1, 1, 0
1, 0, 0, 0, 1, 0, 0, 0, 0
1, 0, 0, 0, 1, 0, 0, 1, 0
1, 0, 0, 0, 1, 0, 1, 0, 0
1, 0, 0, 0, 1, 0, 1, 1, 0
1, 0, 0, 0, 1, 1, 0, 0, 0
1, 0, 0, 0, 1, 1, 0, 1, 0
1, 0, 0, 0, 1, 1, 1, 0, 0
1, 0, 0, 0, 1, 1, 1, 1, 0
1, 0, 0, 1, 0, 0, 0, 0, 0
1, 0, 0, 1, 0, 0, 0, 1, 0
1, 0, 0, 1, 0, 0, 1, 0, 0
1, 0, 0, 1, 0, 0, 1, 1, 0
1, 0, 0, 1, 0, 1, 0, 0, 0
1, 0, 0, 1, 0, 1, 0, 1, 0
1, 0, 0, 1, 0, 1, 1, 0, 0
1, 0, 0, 1, 0, 1, 1, 1, 0
1, 0, 0, 1, 1, 0, 0, 0, 0
1, 0, 0, 1, 1, 0, 0, 1, 0
1, 0, 0, 1, 1, 0, 1, 0, 0
1, 0, 0, 1, 1, 0, 1, 1, 0
1, 0, 0, 1, 1, 1, 0, 0, 0
1, 0, 0, 1, 1, 1, 0, 1, 0
1, 0, 0, 1, 1, 1, 1, 0, 0
1, 0, 0, 1, 1, 1, 1, 1, 0
1, 0, 1, 0, 0, 0, 0, 0, 0
1, 0, 1, 0, 0, 0, 0, 1, 0
1, 0, 1, 0, 0, 0, 1, 0, 0
1, 0, 1, 0, 0, 0, 1, 1, 0
1, 0, 1, 0, 0, 1, 0, 0, 0
1, 0, 1, 0, 0, 1, 0, 1, 0
1, 0, 1, 0, 0, 1, 1, 0, 0
1, 0, 1, 0, 0, 1, 1, 1, 0
1, 0, 1, 0, 1, 0, 0, 0, 0
1, 0, 1, 0, 1, 0, 0, 1, 0
1, 0, 1, 0, 1, 0, 1, 0, 0
1, 0, 1, 0, 1, 0, 1, 1, 0
1, 0, 1, 0, 1, 1, 0, 0, 0
1, 0, 1, 0, 1, 1, 0, 1, 0
1, 0, 1, 0, 1, 1, 1, 0, 0
1, 0, 1, 0, 1, 1, 1, 1, 0
1, 0, 1, 1, 0, 0, 0, 0, 0
1, 0, 1, 1, 0, 0, 0, 1, 0
1, 0, 1, 1, 0, 0, 1, 0, 0
1, 0, 1, 1, 0, 0, 1, 1, 0
1, 0, 1, 1, 0, 1, 0, 0, 0
1, 0, 1, 1, 0, 1, 0, 1, 0
1, 0, 1, 1, 0, 1, 1, 0, 0
1, 0, 1, 1, 0, 1, 1, 1, 0
1, 0, 1, 1, 1, 0, 0, 0, 0
1, 0, 1, 1, 1, 0, 0, 1, 0
1, 0, 1, 1, 1, 0, 1, 0, 0
1, 0, 1, 1, 1, 0, 1, 1, 0
1, 0, 1, 1, 1, 1, 0, 0, 0
1, 0, 1, 1, 1, 1, 0, 1, 0
1, 0, 1, 1, 1, 1, 1, 0, 0
1, 0, 1, 1, 1, 1, 1, 1, 0
1, 1, 0, 0, 0, 0, 0, 0, 0
1, 1, 0, 0, 0, 0, 0, 1, 0
1, 1, 0, 0, 0, 0, 1, 0, 0
1, 1, 0, 0, 0, 0, 1, 1, 0
1, 1, 0, 0, 0, 1, 0, 0, 0
1, 1, 0, 0, 0, 1, 0, 1, 0
1, 1, 0, 0, 0, 1, 1, 0, 0
1, 1, 0, 0, 0, 1, 1, 1, 0
1, 1, 0, 0, 1, 0, 0, 0, 0
1, 1, 0, 0, 1, 0, 0, 1, 0
1, 1, 0, 0, 1, 0, 1, 0, 0
1, 1, 0, 0, 1, 0, 1, 1, 0
1, 1, 0, 0, 1, 1, 0, 0, 0
1, 1, 0, 0, 1, 1, 0, 1, 0
1, 1, 0, 0, 1, 1, 1, 0, 0
1, 1, 0, 0, 1, 1, 1, 1, 0
1, 1, 0, 1, 0, 0, 0, 0, 0
1, 1, 0, 1, 0, 0, 0, 1, 0
1, 1, 0, 1, 0, 0, 1, 0, 0
1, 1, 0, 1, 0, 0, 1, 1, 0
1, 1, 0, 1, 0, 1, 0, 0, 0
1, 1, 0, 1, 0, 1, 0, 1, 0
1, 1, 0, 1, 0, 1, 1, 0, 0
1, 1, 0, 1, 0, 1, 1, 1, 0
1, 1, 0, 1, 1, 0, 0, 0, 0
1, 1, 0, 1, 1, 0, 0, 1, 0
1, 1, 0, 1, 1, 0, 1, 0, 0
1, 1, 0, 1, 1, 0, 1, 1, 0
1, 1, 0, 1, 1, 1, 0, 0, 0
1, 1, 0, 1, 1, 1, 0, 1, 0
1, 1, 0, 1, 1, 1, 1, 0, 0
1, 1, 0, 1, 1, 1, 1, 1, 0
1, 1, 1, 0, 0, 0, 0, 0, 0
1, 1, 1, 0, 0, 0, 0, 1, 0
1, 1, 1, 0, 0, 0, 1, 0, 0
1, 1, 1, 0, 0, 0, 1, 1, 0
1, 1, 1, 0, 0, 1, 0, 0, 0
1, 1, 1, 0, 0, 1, 0, 1, 0
1, 1, 1, 0, 0, 1, 1, 0, 0
1, 1, 1, 0, 0, 1, 1, 1, 0
1, 1, 1, 0, 1, 0, 0, 0, 0
1, 1, 1, 0, 1, 0, 0, 1, 0
1, 1, 1, 0, 1, 0, 1, 0, 0
1, 1, 1, 0, 1, 0, 1, 1, 0
1, 1, 1, 0, 1, 1, 0, 0, 0
1, 1, 1, 0, 1, 1, 0, 1, 0
1, 1, 1, 0, 1, 1, 1, 0, 0
1, 1, 1, 0, 1, 1, 1, 1, 0
1, 1, 1, 1, 0, 0, 0, 0, 0
1, 1, 1, 1, 0, 0, 0, 1, 0
1, 1, 1, 1, 0, 0, 1, 0, 0
1, 1, 1, 1, 0, 0, 1, 1, 0
1, 1, 1, 1, 0, 1, 0, 0, 0
1, 1, 1, 1, 0, 1, 0, 1, 0
1, 1, 1, 1, 0, 1, 1, 0, 0
1, 1, 1, 1, 0, 1, 1, 1, 0
1, 1, 1, 1, 1, 0, 0, 0, 0
1, 1, 1, 1, 1, 0, 0, 1, 0
1, 1, 1, 1, 1, 0, 1, 0, 0
1, 1, 1, 1, 1, 0, 1, 1, 0
1, 1, 1, 1, 1, 1, 0, 0, 0
1, 1, 1, 1, 1, 1, 0, 1, 0
1, 1, 1, 1, 1, 1, 1, 0, 0
1, 1, 1, 1, 1, 1, 1, 1, 1
# Ptc (Hh, Ptc)
0, 1
1, 0
# Smo (Gprk2, Ptc, Tow, Smo)
0, 0, 0, 0
0, 0, 1, 0
0, 1, 0, 0
0, 1, 1, 0
1, 0, 0, 1
1, 0, 1, 1
1, 1, 0, 1
1, 1, 1, 0
# SuFu (Fu, SuFu)
0, 1
1, 0
# Targets (Ci_act, Ci_rep, Targets)
0, 0, 0
0, 1, 0
1, 0, 1
1, 1, 0
