## a2m_gfbg akt anti_apoptotic bad ca cam_ca camk24 casp9 cebpb cebpd cfos cmyc crp dum_cebp_saa dum_gab1_kin_or_jak1_gab1_mem_p dum_gp80_a_il6rc dum_il6rc_p_or_grb2_vav dum_mtorc1_or_pkcd_stat3_ta dum_pkcd_camk24_stat1_ta erk12 fkhr gab1_mem gab1_mem_p gp130s gp80m_a gp80s_a grb2_sos gsk3 il6rc il6rc_p ip3 ir irs1_ps irs1_py jak1 junb mek1 mek4 mek6 mekk1 mk2 mtorc1 mtorc2 p38 p70s6k pi3k pip3 pkcd plcg pro_hgf pro_proliferative rac1 raf1 ras ras_gap saa shp2 shp2_a socs1 socs3 stat1_py stat1_ta stat3_py stat3_ta tdum_shp2_il6rc_p tdum_shp2_stat1_py tdum_shp2_stat3_py tdum_socs1_vav tdum_socs3_shp2 var_app vav ship pdk1 pias1 pias3 il6 slim gp130m mtor cyt_ptpe nfkb phlpp gab1_kin pten sirp1a ros
# a2m_gfbg (nfkb, stat3_ta, a2m_gfbg)
0, 0, 0
0, 1, 1
1, 0, 0
1, 1, 0
# akt (mtorc2, pdk1, phlpp, pip3, ship, akt)
0, 0, 0, 0, 0, 0
0, 0, 0, 0, 1, 0
0, 0, 0, 1, 0, 0
0, 0, 0, 1, 1, 0
0, 0, 1, 0, 0, 0
0, 0, 1, 0, 1, 0
0, 0, 1, 1, 0, 0
0, 0, 1, 1, 1, 0
0, 1, 0, 0, 0, 0
0, 1, 0, 0, 1, 0
0, 1, 0, 1, 0, 0
0, 1, 0, 1, 1, 0
0, 1, 1, 0, 0, 0
0, 1, 1, 0, 1, 0
0, 1, 1, 1, 0, 0
0, 1, 1, 1, 1, 0
1, 0, 0, 0, 0, 0
1, 0, 0, 0, 1, 0
1, 0, 0, 1, 0, 0
1, 0, 0, 1, 1, 0
1, 0, 1, 0, 0, 0
1, 0, 1, 0, 1, 0
1, 0, 1, 1, 0, 0
1, 0, 1, 1, 1, 0
1, 1, 0, 0, 0, 0
1, 1, 0, 0, 1, 0
1, 1, 0, 1, 0, 1
1, 1, 0, 1, 1, 0
1, 1, 1, 0, 0, 0
1, 1, 1, 0, 1, 0
1, 1, 1, 1, 0, 0
1, 1, 1, 1, 1, 0
# anti_apoptotic (bad, casp9, gsk3, stat3_ta, anti_apoptotic)
0, 0, 0, 0, 0
0, 0, 0, 1, 1
0, 0, 1, 0, 0
0, 0, 1, 1, 0
0, 1, 0, 0, 0
0, 1, 0, 1, 0
0, 1, 1, 0, 0
0, 1, 1, 1, 0
1, 0, 0, 0, 0
1, 0, 0, 1, 0
1, 0, 1, 0, 0
1, 0, 1, 1, 0
1, 1, 0, 0, 0
1, 1, 0, 1, 0
1, 1, 1, 0, 0
1, 1, 1, 1, 0
# bad (akt, bad)
0, 1
1, 0
# ca (ip3, ca)
0, 0
1, 1
# cam_ca (ca, cam_ca)
0, 0
1, 1
# camk24 (cam_ca, camk24)
0, 0
1, 1
# casp9 (akt, casp9)
0, 1
1, 0
# cebpb (p38, stat3_ta, cebpb)
0, 0, 0
0, 1, 1
1, 0, 1
1, 1, 1
# cebpd (stat3_ta, cebpd)
0, 0
1, 1
# cfos (stat3_ta, cfos)
0, 0
1, 1
# cmyc (stat3_ta, cmyc)
0, 0
1, 1
# crp (cfos, nfkb, stat3_ta, crp)
0, 0, 0, 0
0, 0, 1, 0
0, 1, 0, 0
0, 1, 1, 0
1, 0, 0, 0
1, 0, 1, 1
1, 1, 0, 0
1, 1, 1, 0
# dum_cebp_saa (cebpb, cebpd, dum_cebp_saa)
0, 0, 0
0, 1, 1
1, 0, 1
1, 1, 1
# dum_gab1_kin_or_jak1_gab1_mem_p (gab1_kin, jak1, dum_gab1_kin_or_jak1_gab1_mem_p)
0, 0, 0
0, 1, 1
1, 0, 1
1, 1, 1
# dum_gp80_a_il6rc (gp80m_a, gp80s_a, dum_gp80_a_il6rc)
0, 0, 0
0, 1, 1
1, 0, 1
1, 1, 1
# dum_il6rc_p_or_grb2_vav (grb2_sos, il6rc_p, dum_il6rc_p_or_grb2_vav)
0, 0, 0
0, 1, 1
1, 0, 1
1, 1, 1
# dum_mtorc1_or_pkcd_stat3_ta (mtorc1, pkcd, dum_mtorc1_or_pkcd_stat3_ta)
0, 0, 0
0, 1, 1
1, 0, 1
1, 1, 1
# dum_pkcd_camk24_stat1_ta (camk24, pkcd, dum_pkcd_camk24_stat1_ta)
0, 0, 0
0, 1, 1
1, 0, 1
1, 1, 1
# erk12 (mek1, erk12)
0, 0
1, 1
# fkhr (akt, fkhr)
0, 1
1, 0
# gab1_mem (erk12, grb2_sos, pip3, gab1_mem)
0, 0, 0, 0
0, 0, 1, 0
0, 1, 0, 1
0, 1, 1, 1
1, 0, 0, 0
1, 0, 1, 1
1, 1, 0, 1
1, 1, 1, 1
# gab1_mem_p (dum_gab1_kin_or_jak1_gab1_mem_p, gab1_mem, gab1_mem_p)
0, 0, 0
0, 1, 0
1, 0, 0
1, 1, 1
# gp130s (camk24, mk2, gp130s)
0, 0, 1
0, 1, 0
1, 0, 0
1, 1, 0
# gp80m_a (il6, gp80m_a)
0, 0
1, 1
# gp80s_a (gp130s, il6, gp80s_a)
0, 0, 0
0, 1, 1
1, 0, 0
1, 1, 0
# grb2_sos (il6rc_p, shp2, grb2_sos)
0, 0, 0
0, 1, 1
1, 0, 1
1, 1, 1
# gsk3 (akt, gsk3)
0, 1
1, 0
# il6rc (dum_gp80_a_il6rc, gp130m, il6rc)
0, 0, 0
0, 1, 0
1, 0, 0
1, 1, 1
# il6rc_p (il6rc, jak1, shp2, shp2_a, il6rc_p)
0, 0, 0, 0, 0
0, 0, 0, 1, 0
0, 0, 1, 0, 0
0, 0, 1, 1, 0
0, 1, 0, 0, 0
0, 1, 0, 1, 0
0, 1, 1, 0, 0
0, 1, 1, 1, 0
1, 0, 0, 0, 0
1, 0, 0, 1, 0
1, 0, 1, 0, 0
1, 0, 1, 1, 0
1, 1, 0, 0, 1
1, 1, 0, 1, 0
1, 1, 1, 0, 0
1, 1, 1, 1, 0
# ip3 (plcg, ip3)
0, 0
1, 1
# ir (socs1, socs3, ir)
0, 0, 1
0, 1, 0
1, 0, 0
1, 1, 0
# irs1_ps (erk12, pkcd, irs1_ps)
0, 0, 0
0, 1, 1
1, 0, 1
1, 1, 1
# irs1_py (irs1_ps, shp2, shp2_a, irs1_py)
0, 0, 0, 1
0, 0, 1, 0
0, 1, 0, 0
0, 1, 1, 0
1, 0, 0, 0
1, 0, 1, 0
1, 1, 0, 0
1, 1, 1, 0
# jak1 (shp2, shp2_a, socs1, socs3, jak1)
0, 0, 0, 0, 1
0, 0, 0, 1, 0
0, 0, 1, 0, 0
0, 0, 1, 1, 0
0, 1, 0, 0, 0
0, 1, 0, 1, 0
0, 1, 1, 0, 0
0, 1, 1, 1, 0
1, 0, 0, 0, 0
1, 0, 0, 1, 0
1, 0, 1, 0, 0
1, 0, 1, 1, 0
1, 1, 0, 0, 0
1, 1, 0, 1, 0
1, 1, 1, 0, 0
1, 1, 1, 1, 0
# junb (stat3_ta, junb)
0, 0
1, 1
# mek1 (raf1, mek1)
0, 0
1, 1
# mek4 (mekk1, mek4)
0, 0
1, 1
# mek6 (il6rc_p, mek6)
0, 0
1, 1
# mekk1 (rac1, mekk1)
0, 0
1, 1
# mk2 (p38, mk2)
0, 0
1, 1
# mtorc1 (mtor, mtorc1)
0, 0
1, 1
# mtorc2 (mtor, mtorc2)
0, 0
1, 1
# p38 (mek6, p38)
0, 0
1, 1
# p70s6k (akt, erk12, mtorc1, p70s6k)
0, 0, 0, 0
0, 0, 1, 1
0, 1, 0, 1
0, 1, 1, 1
1, 0, 0, 1
1, 0, 1, 1
1, 1, 0, 1
1, 1, 1, 1
# pi3k (gab1_mem_p, ras, shp2_a, pi3k)
0, 0, 0, 0
0, 0, 1, 0
0, 1, 0, 1
0, 1, 1, 1
1, 0, 0, 1
1, 0, 1, 0
1, 1, 0, 1
1, 1, 1, 1
# pip3 (pi3k, pten, pip3)
0, 0, 0
0, 1, 0
1, 0, 1
1, 1, 0
# pkcd (mek4, pkcd)
0, 0
1, 1
# plcg (gab1_mem_p, plcg)
0, 0
1, 1
# pro_hgf (cebpb, cebpd, pro_hgf)
0, 0, 0
0, 1, 1
1, 0, 1
1, 1, 1
# pro_proliferative (camk24, cebpb, erk12, fkhr, p70s6k, stat3_ta, pro_proliferative)
0, 0, 0, 0, 0, 0, 1
0, 0, 0, 0, 0, 1, 1
0, 0, 0, 0, 1, 0, 1
0, 0, 0, 0, 1, 1, 1
0, 0, 0, 1, 0, 0, 0
0, 0, 0, 1, 0, 1, 1
0, 0, 0, 1, 1, 0, 1
0, 0, 0, 1, 1, 1, 1
0, 0, 1, 0, 0, 0, 1
0, 0, 1, 0, 0, 1, 1
0, 0, 1, 0, 1, 0, 1
0, 0, 1, 0, 1, 1, 1
0, 0, 1, 1, 0, 0, 1
0, 0, 1, 1, 0, 1, 1
0, 0, 1, 1, 1, 0, 1
0, 0, 1, 1, 1, 1, 1
0, 1, 0, 0, 0, 0, 0
0, 1, 0, 0, 0, 1, 1
0, 1, 0, 0, 1, 0, 1
0, 1, 0, 0, 1, 1, 1
0, 1, 0, 1, 0, 0, 0
0, 1, 0, 1, 0, 1, 1
0, 1, 0, 1, 1, 0, 1
0, 1, 0, 1, 1, 1, 1
0, 1, 1, 0, 0, 0, 1
0, 1, 1, 0, 0, 1, 1
0, 1, 1, 0, 1, 0, 1
0, 1, 1, 0, 1, 1, 1
0, 1, 1, 1, 0, 0, 1
0, 1, 1, 1, 0, 1, 1
0, 1, 1, 1, 1, 0, 1
0, 1, 1, 1, 1, 1, 1
1, 0, 0, 0, 0, 0, 1
1, 0, 0, 0, 0, 1, 1
1, 0, 0, 0, 1, 0, 1
1, 0, 0, 0, 1, 1, 1
1, 0, 0, 1, 0, 0, 1
1, 0, 0, 1, 0, 1, 1
1, 0, 0, 1, 1, 0, 1
1, 0, 0, 1, 1, 1, 1
1, 0, 1, 0, 0, 0, 1
1, 0, 1, 0, 0, 1, 1
1, 0, 1, 0, 1, 0, 1
1, 0, 1, 0, 1, 1, 1
1, 0, 1, 1, 0, 0, 1
1, 0, 1, 1, 0, 1, 1
1, 0, 1, 1, 1, 0, 1
1, 0, 1, 1, 1, 1, 1
1, 1, 0, 0, 0, 0, 1
1, 1, 0, 0, 0, 1, 1
1, 1, 0, 0, 1, 0, 1
1, 1, 0, 0, 1, 1, 1
1, 1, 0, 1, 0, 0, 1
1, 1, 0, 1, 0, 1, 1
1, 1, 0, 1, 1, 0, 1
1, 1, 0, 1, 1, 1, 1
1, 1, 1, 0, 0, 0, 1
1, 1, 1, 0, 0, 1, 1
1, 1, 1, 0, 1, 0, 1
1, 1, 1, 0, 1, 1, 1
1, 1, 1, 1, 0, 0, 1
1, 1, 1, 1, 0, 1, 1
1, 1, 1, 1, 1, 0, 1
1, 1, 1, 1, 1, 1, 1
# rac1 (vav, rac1)
0, 0
1, 1
# raf1 (ras, raf1)
0, 0
1, 1
# ras (grb2_sos, ras_gap, ras)
0, 0, 0
0, 1, 0
1, 0, 1
1, 1, 0
# ras_gap (gab1_mem_p, shp2_a, ras_gap)
0, 0, 0
0, 1, 0
1, 0, 1
1, 1, 0
# saa (dum_cebp_saa, nfkb, stat3_ta, saa)
0, 0, 0, 0
0, 0, 1, 0
0, 1, 0, 0
0, 1, 1, 0
1, 0, 0, 0
1, 0, 1, 0
1, 1, 0, 0
1, 1, 1, 1
# shp2 (il6rc_p, jak1, ros, sirp1a, socs3, shp2)
0, 0, 0, 0, 0, 0
0, 0, 0, 0, 1, 0
0, 0, 0, 1, 0, 0
0, 0, 0, 1, 1, 0
0, 0, 1, 0, 0, 0
0, 0, 1, 0, 1, 0
0, 0, 1, 1, 0, 0
0, 0, 1, 1, 1, 0
0, 1, 0, 0, 0, 0
0, 1, 0, 0, 1, 0
0, 1, 0, 1, 0, 0
0, 1, 0, 1, 1, 0
0, 1, 1, 0, 0, 0
0, 1, 1, 0, 1, 0
0, 1, 1, 1, 0, 0
0, 1, 1, 1, 1, 0
1, 0, 0, 0, 0, 0
1, 0, 0, 0, 1, 0
1, 0, 0, 1, 0, 0
1, 0, 0, 1, 1, 0
1, 0, 1, 0, 0, 0
1, 0, 1, 0, 1, 0
1, 0, 1, 1, 0, 0
1, 0, 1, 1, 1, 0
1, 1, 0, 0, 0, 1
1, 1, 0, 0, 1, 0
1, 1, 0, 1, 0, 0
1, 1, 0, 1, 1, 0
1, 1, 1, 0, 0, 0
1, 1, 1, 0, 1, 0
1, 1, 1, 1, 0, 0
1, 1, 1, 1, 1, 0
# shp2_a (gab1_mem_p, ros, shp2, sirp1a, shp2_a)
0, 0, 0, 0, 0
0, 0, 0, 1, 0
0, 0, 1, 0, 0
0, 0, 1, 1, 0
0, 1, 0, 0, 0
0, 1, 0, 1, 0
0, 1, 1, 0, 0
0, 1, 1, 1, 0
1, 0, 0, 0, 0
1, 0, 0, 1, 0
1, 0, 1, 0, 1
1, 0, 1, 1, 0
1, 1, 0, 0, 0
1, 1, 0, 1, 0
1, 1, 1, 0, 0
1, 1, 1, 1, 0
# socs1 (stat3_ta, socs1)
0, 0
1, 1
# socs3 (erk12, nfkb, p38, stat3_ta, socs3)
0, 0, 0, 0, 0
0, 0, 0, 1, 1
0, 0, 1, 0, 1
0, 0, 1, 1, 1
0, 1, 0, 0, 1
0, 1, 0, 1, 1
0, 1, 1, 0, 1
0, 1, 1, 1, 1
1, 0, 0, 0, 1
1, 0, 0, 1, 1
1, 0, 1, 0, 1
1, 0, 1, 1, 1
1, 1, 0, 0, 1
1, 1, 0, 1, 1
1, 1, 1, 0, 1
1, 1, 1, 1, 1
# stat1_py (cyt_ptpe, il6rc_p, jak1, shp2, shp2_a, stat1_py)
0, 0, 0, 0, 0, 0
0, 0, 0, 0, 1, 0
0, 0, 0, 1, 0, 0
0, 0, 0, 1, 1, 0
0, 0, 1, 0, 0, 0
0, 0, 1, 0, 1, 0
0, 0, 1, 1, 0, 0
0, 0, 1, 1, 1, 0
0, 1, 0, 0, 0, 0
0, 1, 0, 0, 1, 0
0, 1, 0, 1, 0, 0
0, 1, 0, 1, 1, 0
0, 1, 1, 0, 0, 1
0, 1, 1, 0, 1, 0
0, 1, 1, 1, 0, 0
0, 1, 1, 1, 1, 0
1, 0, 0, 0, 0, 0
1, 0, 0, 0, 1, 0
1, 0, 0, 1, 0, 0
1, 0, 0, 1, 1, 0
1, 0, 1, 0, 0, 0
1, 0, 1, 0, 1, 0
1, 0, 1, 1, 0, 0
1, 0, 1, 1, 1, 0
1, 1, 0, 0, 0, 0
1, 1, 0, 0, 1, 0
1, 1, 0, 1, 0, 0
1, 1, 0, 1, 1, 0
1, 1, 1, 0, 0, 0
1, 1, 1, 0, 1, 0
1, 1, 1, 1, 0, 0
1, 1, 1, 1, 1, 0
# stat1_ta (dum_pkcd_camk24_stat1_ta, pias1, slim, stat1_py, stat1_ta)
0, 0, 0, 0, 0
0, 0, 0, 1, 0
0, 0, 1, 0, 0
0, 0, 1, 1, 0
0, 1, 0, 0, 0
0, 1, 0, 1, 0
0, 1, 1, 0, 0
0, 1, 1, 1, 0
1, 0, 0, 0, 0
1, 0, 0, 1, 1
1, 0, 1, 0, 0
1, 0, 1, 1, 0
1, 1, 0, 0, 0
1, 1, 0, 1, 0
1, 1, 1, 0, 0
1, 1, 1, 1, 0
# stat3_py (cyt_ptpe, il6rc_p, jak1, shp2, shp2_a, stat3_py)
0, 0, 0, 0, 0, 0
0, 0, 0, 0, 1, 0
0, 0, 0, 1, 0, 0
0, 0, 0, 1, 1, 0
0, 0, 1, 0, 0, 0
0, 0, 1, 0, 1, 0
0, 0, 1, 1, 0, 0
0, 0, 1, 1, 1, 0
0, 1, 0, 0, 0, 0
0, 1, 0, 0, 1, 0
0, 1, 0, 1, 0, 0
0, 1, 0, 1, 1, 0
0, 1, 1, 0, 0, 1
0, 1, 1, 0, 1, 0
0, 1, 1, 1, 0, 0
0, 1, 1, 1, 1, 0
1, 0, 0, 0, 0, 0
1, 0, 0, 0, 1, 0
1, 0, 0, 1, 0, 0
1, 0, 0, 1, 1, 0
1, 0, 1, 0, 0, 0
1, 0, 1, 0, 1, 0
1, 0, 1, 1, 0, 0
1, 0, 1, 1, 1, 0
1, 1, 0, 0, 0, 0
1, 1, 0, 0, 1, 0
1, 1, 0, 1, 0, 0
1, 1, 0, 1, 1, 0
1, 1, 1, 0, 0, 0
1, 1, 1, 0, 1, 0
1, 1, 1, 1, 0, 0
1, 1, 1, 1, 1, 0
# stat3_ta (dum_mtorc1_or_pkcd_stat3_ta, pias3, slim, stat3_py, stat3_ta)
0, 0, 0, 0, 0
0, 0, 0, 1, 0
0, 0, 1, 0, 0
0, 0, 1, 1, 0
0, 1, 0, 0, 0
0, 1, 0, 1, 0
0, 1, 1, 0, 0
0, 1, 1, 1, 0
1, 0, 0, 0, 0
1, 0, 0, 1, 1
1, 0, 1, 0, 0
1, 0, 1, 1, 0
1, 1, 0, 0, 0
1, 1, 0, 1, 0
1, 1, 1, 0, 0
1, 1, 1, 1, 0
# tdum_shp2_il6rc_p (shp2, shp2_a, tdum_shp2_il6rc_p)
0, 0, 0
0, 1, 1
1, 0, 1
1, 1, 1
# tdum_shp2_stat1_py (shp2, shp2_a, tdum_shp2_stat1_py)
0, 0, 0
0, 1, 1
1, 0, 1
1, 1, 1
# tdum_shp2_stat3_py (shp2, shp2_a, tdum_shp2_stat3_py)
0, 0, 0
0, 1, 1
1, 0, 1
1, 1, 1
# tdum_socs1_vav (socs1, tdum_socs1_vav)
0, 0
1, 1
# tdum_socs3_shp2 (socs3, tdum_socs3_shp2)
0, 0
1, 1
# var_app (cebpb, cebpd, var_app)
0, 0, 0
0, 1, 1
1, 0, 1
1, 1, 1
# vav (dum_il6rc_p_or_grb2_vav, socs1, vav)
0, 0, 0
0, 1, 0
1, 0, 1
1, 1, 0
