## A Am B C L Lm M P R Rm Le Lem Ge
# A (B, L, A)
0, 0, 0
0, 1, 0
1, 0, 0
1, 1, 1
# Am (L, Lm, Am)
0, 0, 0
0, 1, 1
1, 0, 1
1, 1, 1
# B (M, B)
0, 0
1, 1
# C (Ge, C)
0, 1
1, 0
# L (Ge, Le, P, L)
0, 0, 0, 0
0, 0, 1, 0
0, 1, 0, 0
0, 1, 1, 1
1, 0, 0, 0
1, 0, 1, 0
1, 1, 0, 0
1, 1, 1, 0
# Lm (Ge, Le, Lem, P, Lm)
0, 0, 0, 0, 0
0, 0, 0, 1, 0
0, 0, 1, 0, 0
0, 0, 1, 1, 1
0, 1, 0, 0, 1
0, 1, 0, 1, 1
0, 1, 1, 0, 1
0, 1, 1, 1, 1
1, 0, 0, 0, 0
1, 0, 0, 1, 0
1, 0, 1, 0, 0
1, 0, 1, 1, 0
1, 1, 0, 0, 0
1, 1, 0, 1, 0
1, 1, 1, 0, 0
1, 1, 1, 1, 0
# M (C, R, Rm, M)
0, 0, 0, 0
0, 0, 1, 0
0, 1, 0, 0
0, 1, 1, 0
1, 0, 0, 1
1, 0, 1, 0
1, 1, 0, 0
1, 1, 1, 0
# P (M, P)
0, 0
1, 1
# R (A, Am, R)
0, 0, 1
0, 1, 0
1, 0, 0
1, 1, 0
# Rm (A, Am, R, Rm)
0, 0, 0, 1
0, 0, 1, 1
0, 1, 0, 0
0, 1, 1, 1
1, 0, 0, 0
1, 0, 1, 1
1, 1, 0, 0
1, 1, 1, 1
