## Akt1 CDK2 CDK4 CDK6 cMYC CycD1 CycE1 ERa ErbB1 ErbB1_2 ErbB1_3 ErbB2 ErbB2_3 ErbB3 IGF1R MEK1 p21 p27 pRB EGF
# Akt1 (ErbB1, ErbB1_2, ErbB1_3, ErbB2_3, IGF1R, Akt1)
0, 0, 0, 0, 0, 0
0, 0, 0, 0, 1, 1
0, 0, 0, 1, 0, 1
0, 0, 0, 1, 1, 1
0, 0, 1, 0, 0, 1
0, 0, 1, 0, 1, 1
0, 0, 1, 1, 0, 1
0, 0, 1, 1, 1, 1
0, 1, 0, 0, 0, 1
0, 1, 0, 0, 1, 1
0, 1, 0, 1, 0, 1
0, 1, 0, 1, 1, 1
0, 1, 1, 0, 0, 1
0, 1, 1, 0, 1, 1
0, 1, 1, 1, 0, 1
0, 1, 1, 1, 1, 1
1, 0, 0, 0, 0, 1
1, 0, 0, 0, 1, 1
1, 0, 0, 1, 0, 1
1, 0, 0, 1, 1, 1
1, 0, 1, 0, 0, 1
1, 0, 1, 0, 1, 1
1, 0, 1, 1, 0, 1
1, 0, 1, 1, 1, 1
1, 1, 0, 0, 0, 1
1, 1, 0, 0, 1, 1
1, 1, 0, 1, 0, 1
1, 1, 0, 1, 1, 1
1, 1, 1, 0, 0, 1
1, 1, 1, 0, 1, 1
1, 1, 1, 1, 0, 1
1, 1, 1, 1, 1, 1
# CDK2 (CycE1, p21, p27, CDK2)
0, 0, 0, 0
0, 0, 1, 0
0, 1, 0, 0
0, 1, 1, 0
1, 0, 0, 1
1, 0, 1, 0
1, 1, 0, 0
1, 1, 1, 0
# CDK4 (CycD1, p21, p27, CDK4)
0, 0, 0, 0
0, 0, 1, 0
0, 1, 0, 0
0, 1, 1, 0
1, 0, 0, 1
1, 0, 1, 0
1, 1, 0, 0
1, 1, 1, 0
# CDK6 (CycD1, CDK6)
0, 0
1, 1
# cMYC (Akt1, ERa, MEK1, cMYC)
0, 0, 0, 0
0, 0, 1, 1
0, 1, 0, 1
0, 1, 1, 1
1, 0, 0, 1
1, 0, 1, 1
1, 1, 0, 1
1, 1, 1, 1
# CycD1 (Akt1, ERa, MEK1, cMYC, CycD1)
0, 0, 0, 0, 0
0, 0, 0, 1, 0
0, 0, 1, 0, 0
0, 0, 1, 1, 0
0, 1, 0, 0, 0
0, 1, 0, 1, 0
0, 1, 1, 0, 0
0, 1, 1, 1, 1
1, 0, 0, 0, 0
1, 0, 0, 1, 0
1, 0, 1, 0, 0
1, 0, 1, 1, 0
1, 1, 0, 0, 0
1, 1, 0, 1, 1
1, 1, 1, 0, 0
1, 1, 1, 1, 1
# CycE1 (cMYC, CycE1)
0, 0
1, 1
# ERa (Akt1, MEK1, ERa)
0, 0, 0
0, 1, 1
1, 0, 1
1, 1, 1
# ErbB1 (EGF, ErbB1)
0, 0
1, 1
# ErbB1_2 (ErbB1, ErbB2, ErbB1_2)
0, 0, 0
0, 1, 0
1, 0, 0
1, 1, 1
# ErbB1_3 (ErbB1, ErbB3, ErbB1_3)
0, 0, 0
0, 1, 0
1, 0, 0
1, 1, 1
# ErbB2 (EGF, ErbB2)
0, 0
1, 1
# ErbB2_3 (ErbB2, ErbB3, ErbB2_3)
0, 0, 0
0, 1, 0
1, 0, 0
1, 1, 1
# ErbB3 (EGF, ErbB3)
0, 0
1, 1
# IGF1R (Akt1, ERa, ErbB2_3, IGF1R)
0, 0, 0, 0
0, 0, 1, 0
0, 1, 0, 1
0, 1, 1, 0
1, 0, 0, 1
1, 0, 1, 0
1, 1, 0, 1
1, 1, 1, 0
# MEK1 (ErbB1, ErbB1_2, ErbB1_3, ErbB2_3, IGF1R, MEK1)
0, 0, 0, 0, 0, 0
0, 0, 0, 0, 1, 1
0, 0, 0, 1, 0, 1
0, 0, 0, 1, 1, 1
0, 0, 1, 0, 0, 1
0, 0, 1, 0, 1, 1
0, 0, 1, 1, 0, 1
0, 0, 1, 1, 1, 1
0, 1, 0, 0, 0, 1
0, 1, 0, 0, 1, 1
0, 1, 0, 1, 0, 1
0, 1, 0, 1, 1, 1
0, 1, 1, 0, 0, 1
0, 1, 1, 0, 1, 1
0, 1, 1, 1, 0, 1
0, 1, 1, 1, 1, 1
1, 0, 0, 0, 0, 1
1, 0, 0, 0, 1, 1
1, 0, 0, 1, 0, 1
1, 0, 0, 1, 1, 1
1, 0, 1, 0, 0, 1
1, 0, 1, 0, 1, 1
1, 0, 1, 1, 0, 1
1, 0, 1, 1, 1, 1
1, 1, 0, 0, 0, 1
1, 1, 0, 0, 1, 1
1, 1, 0, 1, 0, 1
1, 1, 0, 1, 1, 1
1, 1, 1, 0, 0, 1
1, 1, 1, 0, 1, 1
1, 1, 1, 1, 0, 1
1, 1, 1, 1, 1, 1
# p21 (Akt1, CDK4, ERa, cMYC, p21)
0, 0, 0, 0, 0
0, 0, 0, 1, 0
0, 0, 1, 0, 1
0, 0, 1, 1, 0
0, 1, 0, 0, 0
0, 1, 0, 1, 0
0, 1, 1, 0, 0
0, 1, 1, 1, 0
1, 0, 0, 0, 0
1, 0, 0, 1, 0
1, 0, 1, 0, 0
1, 0, 1, 1, 0
1, 1, 0, 0, 0
1, 1, 0, 1, 0
1, 1, 1, 0, 0
1, 1, 1, 1, 0
# p27 (Akt1, CDK2, CDK4, ERa, cMYC, p27)
0, 0, 0, 0, 0, 0
0, 0, 0, 0, 1, 0
0, 0, 0, 1, 0, 1
0, 0, 0, 1, 1, 0
0, 0, 1, 0, 0, 0
0, 0, 1, 0, 1, 0
0, 0, 1, 1, 0, 0
0, 0, 1, 1, 1, 0
0, 1, 0, 0, 0, 0
0, 1, 0, 0, 1, 0
0, 1, 0, 1, 0, 0
0, 1, 0, 1, 1, 0
0, 1, 1, 0, 0, 0
0, 1, 1, 0, 1, 0
0, 1, 1, 1, 0, 0
0, 1, 1, 1, 1, 0
1, 0, 0, 0, 0, 0
1, 0, 0, 0, 1, 0
1, 0, 0, 1, 0, 0
1, 0, 0, 1, 1, 0
1, 0, 1, 0, 0, 0
1, 0, 1, 0, 1, 0
1, 0, 1, 1, 0, 0
1, 0, 1, 1, 1, 0
1, 1, 0, 0, 0, 0
1, 1, 0, 0, 1, 0
1, 1, 0, 1, 0, 0
1, 1, 0, 1, 1, 0
1, 1, 1, 0, 0, 0
1, 1, 1, 0, 1, 0
1, 1, 1, 1, 0, 0
1, 1, 1, 1, 1, 0
# pRB (CDK2, CDK4, CDK6, pRB)
0, 0, 0, 0
0, 0, 1, 0
0, 1, 0, 0
0, 1, 1, 1
1, 0, 0, 0
1, 0, 1, 0
1, 1, 0, 0
1, 1, 1, 1
