## Akt ARE ATM Bach1 Bad Bcl2 GSK3b Keap1 Mdm2 Nrf2 p53 PI3K PIP2 PIP3_345 PKC PTEN Ras ROS Stress
# Akt (PIP3_345, Akt)
0, 0
1, 1
# ARE (ARE, Bach1, GSK3b, Nrf2, ARE)
0, 0, 0, 0, 0
0, 0, 0, 1, 1
0, 0, 1, 0, 0
0, 0, 1, 1, 1
0, 1, 0, 0, 0
0, 1, 0, 1, 1
0, 1, 1, 0, 0
0, 1, 1, 1, 1
1, 0, 0, 0, 0
1, 0, 0, 1, 1
1, 0, 1, 0, 0
1, 0, 1, 1, 1
1, 1, 0, 0, 0
1, 1, 0, 1, 1
1, 1, 1, 0, 0
1, 1, 1, 1, 0
# ATM (ROS, ATM)
0, 0
1, 1
# Bach1 (ROS, Bach1)
0, 1
1, 0
# Bad (Akt, Bad)
0, 1
1, 0
# Bcl2 (Bad, p53, Bcl2)
0, 0, 1
0, 1, 0
1, 0, 0
1, 1, 0
# GSK3b (Akt, GSK3b)
0, 1
1, 0
# Keap1 (Bach1, Keap1, Nrf2, ROS, Keap1)
0, 0, 0, 0, 0
0, 0, 0, 1, 0
0, 0, 1, 0, 0
0, 0, 1, 1, 0
0, 1, 0, 0, 0
0, 1, 0, 1, 0
0, 1, 1, 0, 0
0, 1, 1, 1, 0
1, 0, 0, 0, 0
1, 0, 0, 1, 0
1, 0, 1, 0, 1
1, 0, 1, 1, 0
1, 1, 0, 0, 1
1, 1, 0, 1, 1
1, 1, 1, 0, 1
1, 1, 1, 1, 1
# Mdm2 (ATM, Akt, p53, Mdm2)
0, 0, 0, 0
0, 0, 1, 1
0, 1, 0, 1
0, 1, 1, 1
1, 0, 0, 0
1, 0, 1, 0
1, 1, 0, 0
1, 1, 1, 0
# Nrf2 (Akt, Keap1, PKC, Nrf2)
0, 0, 0, 1
0, 0, 1, 1
0, 1, 0, 0
0, 1, 1, 1
1, 0, 0, 1
1, 0, 1, 1
1, 1, 0, 1
1, 1, 1, 1
# p53 (ATM, Mdm2, p53)
0, 0, 0
0, 1, 0
1, 0, 1
1, 1, 0
# PI3K (Ras, PI3K)
0, 0
1, 1
# PIP2 (PI3K, PIP2)
0, 0
1, 1
# PIP3_345 (PIP2, PTEN, PIP3_345)
0, 0, 0
0, 1, 0
1, 0, 1
1, 1, 0
# PKC (ARE, ROS, PKC)
0, 0, 0
0, 1, 1
1, 0, 0
1, 1, 0
# PTEN (ROS, PTEN)
0, 1
1, 0
# Ras (ROS, Ras)
0, 0
1, 1
# ROS (ARE, Stress, ROS)
0, 0, 0
0, 1, 1
1, 0, 0
1, 1, 0
