## byr4 byr4_cdc16 cdc11 cdc14_sid1 cdc16 cdc42 cdc7 dma1 fin1 flp1 gef1 nak1 orb6 pak1 plo1 pmo25 pom1 Rga4 scd1 sid2 sid4 SIP spg1 cdk-H etd1 CK1 sid2-mob1 ras1 ppc89 cdk-0 cdk-L
# byr4 (cdc42, cdk-H, cdk-L, plo1, byr4)
0, 0, 0, 0, 0
0, 0, 0, 1, 0
0, 0, 1, 0, 1
0, 0, 1, 1, 1
0, 1, 0, 0, 0
0, 1, 0, 1, 0
0, 1, 1, 0, 1
0, 1, 1, 1, 0
1, 0, 0, 0, 0
1, 0, 0, 1, 0
1, 0, 1, 0, 0
1, 0, 1, 1, 0
1, 1, 0, 0, 0
1, 1, 0, 1, 0
1, 1, 1, 0, 0
1, 1, 1, 1, 0
# byr4_cdc16 (byr4, cdc16, byr4-cdc16)
0, 0, 0
0, 1, 0
1, 0, 0
1, 1, 1
# cdc11 (cdc16, cdc7, flp1, sid4, cdc11)
0, 0, 0, 0, 0
0, 0, 0, 1, 1
0, 0, 1, 0, 0
0, 0, 1, 1, 1
0, 1, 0, 0, 1
0, 1, 0, 1, 1
0, 1, 1, 0, 1
0, 1, 1, 1, 1
1, 0, 0, 0, 1
1, 0, 0, 1, 1
1, 0, 1, 0, 1
1, 0, 1, 1, 1
1, 1, 0, 0, 1
1, 1, 0, 1, 1
1, 1, 1, 0, 1
1, 1, 1, 1, 1
# cdc14_sid1 (cdc7, cdk-H, cdc14-sid1)
0, 0, 0
0, 1, 0
1, 0, 1
1, 1, 1
# cdc16 (fin1, cdc16)
0, 1
1, 0
# cdc42 (Rga4, gef1, scd1, cdc42)
0, 0, 0, 0
0, 0, 1, 1
0, 1, 0, 1
0, 1, 1, 1
1, 0, 0, 0
1, 0, 1, 0
1, 1, 0, 0
1, 1, 1, 0
# cdc7 (cdc11, spg1, cdc7)
0, 0, 0
0, 1, 0
1, 0, 0
1, 1, 1
# dma1 (CK1, sid4, dma1)
0, 0, 0
0, 1, 0
1, 0, 0
1, 1, 1
# fin1 (cdk-H, fin1)
0, 0
1, 1
# flp1 (cdk-0, cdk-H, sid2-mob1, flp1)
0, 0, 0, 0
0, 0, 1, 1
0, 1, 0, 0
0, 1, 1, 0
1, 0, 0, 1
1, 0, 1, 1
1, 1, 0, 0
1, 1, 1, 0
# gef1 (orb6, gef1)
0, 0
1, 1
# nak1 (cdk-H, pmo25, sid2-mob1, nak1)
0, 0, 0, 0
0, 0, 1, 0
0, 1, 0, 1
0, 1, 1, 1
1, 0, 0, 0
1, 0, 1, 1
1, 1, 0, 1
1, 1, 1, 1
# orb6 (nak1, pak1, orb6)
0, 0, 0
0, 1, 1
1, 0, 1
1, 1, 1
# pak1 (cdc42, pak1)
0, 0
1, 1
# plo1 (cdk-H, cdk-L, dma1, sid4, plo1)
0, 0, 0, 0, 0
0, 0, 0, 1, 1
0, 0, 1, 0, 0
0, 0, 1, 1, 0
0, 1, 0, 0, 0
0, 1, 0, 1, 1
0, 1, 1, 0, 0
0, 1, 1, 1, 0
1, 0, 0, 0, 1
1, 0, 0, 1, 1
1, 0, 1, 0, 1
1, 0, 1, 1, 0
1, 1, 0, 0, 0
1, 1, 0, 1, 1
1, 1, 1, 0, 0
1, 1, 1, 1, 0
# pmo25 (cdc14-sid1, cdc7, pmo25)
0, 0, 0
0, 1, 1
1, 0, 1
1, 1, 1
# pom1 (pak1, pom1)
0, 0
1, 1
# Rga4 (pom1, Rga4)
0, 1
1, 0
# scd1 (ras1, scd1)
0, 0
1, 1
# sid2 (SIP, cdc11, cdc7, sid2)
0, 0, 0, 0
0, 0, 1, 1
0, 1, 0, 0
0, 1, 1, 1
1, 0, 0, 0
1, 0, 1, 1
1, 1, 0, 0
1, 1, 1, 1
# sid4 (ppc89, sid4)
0, 0
1, 1
# SIP (cdk-0, cdk-H, ppc89, SIP)
0, 0, 0, 0
0, 0, 1, 0
0, 1, 0, 1
0, 1, 1, 1
1, 0, 0, 0
1, 0, 1, 0
1, 1, 0, 1
1, 1, 1, 0
# spg1 (byr4-cdc16, cdc11, etd1, spg1)
0, 0, 0, 0
0, 0, 1, 1
0, 1, 0, 1
0, 1, 1, 1
1, 0, 0, 0
1, 0, 1, 0
1, 1, 0, 0
1, 1, 1, 0
