## AKT ERBB1 ERBB2 ERBB3 ERK1_2 MEK1_2 mTOR p70S6K PDK1 PKCa PLCg EGF HRG trastuzumab erlotinib pertuzumab
# AKT (AKT, ERBB3, PDK1, mTOR, AKT)
0, 0, 0, 0, 0
0, 0, 0, 1, 1
0, 0, 1, 0, 1
0, 0, 1, 1, 1
0, 1, 0, 0, 1
0, 1, 0, 1, 1
0, 1, 1, 0, 1
0, 1, 1, 1, 1
1, 0, 0, 0, 1
1, 0, 0, 1, 1
1, 0, 1, 0, 1
1, 0, 1, 1, 1
1, 1, 0, 0, 1
1, 1, 0, 1, 1
1, 1, 1, 0, 1
1, 1, 1, 1, 1
# ERBB1 (EGF, ERBB1, PLCg, erlotinib, pertuzumab, ERBB1)
0, 0, 0, 0, 0, 0
0, 0, 0, 0, 1, 0
0, 0, 0, 1, 0, 0
0, 0, 0, 1, 1, 0
0, 0, 1, 0, 0, 1
0, 0, 1, 0, 1, 0
0, 0, 1, 1, 0, 0
0, 0, 1, 1, 1, 0
0, 1, 0, 0, 0, 1
0, 1, 0, 0, 1, 0
0, 1, 0, 1, 0, 0
0, 1, 0, 1, 1, 0
0, 1, 1, 0, 0, 1
0, 1, 1, 0, 1, 0
0, 1, 1, 1, 0, 0
0, 1, 1, 1, 1, 0
1, 0, 0, 0, 0, 1
1, 0, 0, 0, 1, 0
1, 0, 0, 1, 0, 0
1, 0, 0, 1, 1, 0
1, 0, 1, 0, 0, 1
1, 0, 1, 0, 1, 0
1, 0, 1, 1, 0, 0
1, 0, 1, 1, 1, 0
1, 1, 0, 0, 0, 1
1, 1, 0, 0, 1, 0
1, 1, 0, 1, 0, 0
1, 1, 0, 1, 1, 0
1, 1, 1, 0, 0, 1
1, 1, 1, 0, 1, 0
1, 1, 1, 1, 0, 0
1, 1, 1, 1, 1, 0
# ERBB2 (ERBB2, erlotinib, pertuzumab, trastuzumab, ERBB2)
0, 0, 0, 0, 0
0, 0, 0, 1, 0
0, 0, 1, 0, 0
0, 0, 1, 1, 0
0, 1, 0, 0, 0
0, 1, 0, 1, 0
0, 1, 1, 0, 0
0, 1, 1, 1, 0
1, 0, 0, 0, 1
1, 0, 0, 1, 0
1, 0, 1, 0, 0
1, 0, 1, 1, 0
1, 1, 0, 0, 0
1, 1, 0, 1, 0
1, 1, 1, 0, 0
1, 1, 1, 1, 0
# ERBB3 (ERBB3, HRG, erlotinib, pertuzumab, ERBB3)
0, 0, 0, 0, 0
0, 0, 0, 1, 0
0, 0, 1, 0, 0
0, 0, 1, 1, 0
0, 1, 0, 0, 1
0, 1, 0, 1, 0
0, 1, 1, 0, 0
0, 1, 1, 1, 0
1, 0, 0, 0, 1
1, 0, 0, 1, 0
1, 0, 1, 0, 0
1, 0, 1, 1, 0
1, 1, 0, 0, 1
1, 1, 0, 1, 0
1, 1, 1, 0, 0
1, 1, 1, 1, 0
# ERK1_2 (ERBB3, ERK1_2, MEK1_2, PDK1, ERK1_2)
0, 0, 0, 0, 0
0, 0, 0, 1, 1
0, 0, 1, 0, 1
0, 0, 1, 1, 1
0, 1, 0, 0, 1
0, 1, 0, 1, 1
0, 1, 1, 0, 1
0, 1, 1, 1, 1
1, 0, 0, 0, 1
1, 0, 0, 1, 1
1, 0, 1, 0, 1
1, 0, 1, 1, 1
1, 1, 0, 0, 1
1, 1, 0, 1, 1
1, 1, 1, 0, 1
1, 1, 1, 1, 1
# MEK1_2 (ERBB1, ERBB2, ERBB3, MEK1_2, MEK1_2)
0, 0, 0, 0, 0
0, 0, 0, 1, 1
0, 0, 1, 0, 1
0, 0, 1, 1, 1
0, 1, 0, 0, 1
0, 1, 0, 1, 1
0, 1, 1, 0, 1
0, 1, 1, 1, 1
1, 0, 0, 0, 1
1, 0, 0, 1, 1
1, 0, 1, 0, 1
1, 0, 1, 1, 1
1, 1, 0, 0, 1
1, 1, 0, 1, 1
1, 1, 1, 0, 1
1, 1, 1, 1, 1
# mTOR (AKT, mTOR, mTOR)
0, 0, 0
0, 1, 1
1, 0, 1
1, 1, 1
# p70S6K (AKT, ERK1_2, mTOR, p70S6K, p70S6K)
0, 0, 0, 0, 0
0, 0, 0, 1, 1
0, 0, 1, 0, 1
0, 0, 1, 1, 1
0, 1, 0, 0, 1
0, 1, 0, 1, 1
0, 1, 1, 0, 1
0, 1, 1, 1, 1
1, 0, 0, 0, 1
1, 0, 0, 1, 1
1, 0, 1, 0, 1
1, 0, 1, 1, 1
1, 1, 0, 0, 1
1, 1, 0, 1, 1
1, 1, 1, 0, 1
1, 1, 1, 1, 1
# PDK1 (ERBB1, ERBB2, ERBB3, PDK1, PDK1)
0, 0, 0, 0, 0
0, 0, 0, 1, 1
0, 0, 1, 0, 1
0, 0, 1, 1, 1
0, 1, 0, 0, 1
0, 1, 0, 1, 1
0, 1, 1, 0, 1
0, 1, 1, 1, 1
1, 0, 0, 0, 1
1, 0, 0, 1, 1
1, 0, 1, 0, 1
1, 0, 1, 1, 1
1, 1, 0, 0, 1
1, 1, 0, 1, 1
1, 1, 1, 0, 1
1, 1, 1, 1, 1
# PKCa (PKCa, PLCg, PKCa)
0, 0, 0
0, 1, 1
1, 0, 1
1, 1, 1
# PLCg (ERBB1, ERBB2, ERBB3, PLCg, PLCg)
0, 0, 0, 0, 0
0, 0, 0, 1, 1
0, 0, 1, 0, 1
0, 0, 1, 1, 1
0, 1, 0, 0, 1
0, 1, 0, 1, 1
0, 1, 1, 0, 1
0, 1, 1, 1, 1
1, 0, 0, 0, 1
1, 0, 0, 1, 1
1, 0, 1, 0, 1
1, 0, 1, 1, 1
1, 1, 0, 0, 1
1, 1, 0, 1, 1
1, 1, 1, 0, 1
1, 1, 1, 1, 1
