## GATA3 IFNbR IFNg IFNgR IL10 IL10R IL12R IL18R IL4 IL4R IRAK JAK1 NFAT SOCS1 STAT1 STAT3 STAT4 STAT6 Tbet TCR IL12 IFNb IL18
# GATA3 (GATA3, STAT6, Tbet, GATA3)
0, 0, 0, 0
0, 0, 1, 0
0, 1, 0, 1
0, 1, 1, 0
1, 0, 0, 1
1, 0, 1, 0
1, 1, 0, 1
1, 1, 1, 0
# IFNbR (IFNb, IFNbR)
0, 0
1, 1
# IFNg (IRAK, NFAT, STAT3, STAT4, Tbet, IFNg)
0, 0, 0, 0, 0, 0
0, 0, 0, 0, 1, 1
0, 0, 0, 1, 0, 1
0, 0, 0, 1, 1, 1
0, 0, 1, 0, 0, 0
0, 0, 1, 0, 1, 0
0, 0, 1, 1, 0, 0
0, 0, 1, 1, 1, 0
0, 1, 0, 0, 0, 1
0, 1, 0, 0, 1, 1
0, 1, 0, 1, 0, 1
0, 1, 0, 1, 1, 1
0, 1, 1, 0, 0, 0
0, 1, 1, 0, 1, 0
0, 1, 1, 1, 0, 0
0, 1, 1, 1, 1, 0
1, 0, 0, 0, 0, 1
1, 0, 0, 0, 1, 1
1, 0, 0, 1, 0, 1
1, 0, 0, 1, 1, 1
1, 0, 1, 0, 0, 0
1, 0, 1, 0, 1, 0
1, 0, 1, 1, 0, 0
1, 0, 1, 1, 1, 0
1, 1, 0, 0, 0, 1
1, 1, 0, 0, 1, 1
1, 1, 0, 1, 0, 1
1, 1, 0, 1, 1, 1
1, 1, 1, 0, 0, 0
1, 1, 1, 0, 1, 0
1, 1, 1, 1, 0, 0
1, 1, 1, 1, 1, 0
# IFNgR (IFNg, IFNgR)
0, 0
1, 1
# IL10 (GATA3, IL10)
0, 0
1, 1
# IL10R (IL10, IL10R)
0, 0
1, 1
# IL12R (IL12, IL12R)
0, 0
1, 1
# IL18R (IL18, STAT6, IL18R)
0, 0, 0
0, 1, 0
1, 0, 1
1, 1, 0
# IL4 (GATA3, STAT1, IL4)
0, 0, 0
0, 1, 0
1, 0, 1
1, 1, 0
# IL4R (IL4, SOCS1, IL4R)
0, 0, 0
0, 1, 0
1, 0, 1
1, 1, 0
# IRAK (IL18R, IRAK)
0, 0
1, 1
# JAK1 (IFNgR, SOCS1, JAK1)
0, 0, 0
0, 1, 0
1, 0, 1
1, 1, 0
# NFAT (TCR, NFAT)
0, 0
1, 1
# SOCS1 (STAT1, Tbet, SOCS1)
0, 0, 0
0, 1, 1
1, 0, 1
1, 1, 1
# STAT1 (IFNbR, JAK1, STAT1)
0, 0, 0
0, 1, 1
1, 0, 1
1, 1, 1
# STAT3 (IL10R, STAT3)
0, 0
1, 1
# STAT4 (GATA3, IL12R, STAT4)
0, 0, 0
0, 1, 1
1, 0, 0
1, 1, 0
# STAT6 (IL4R, STAT6)
0, 0
1, 1
# Tbet (GATA3, STAT1, Tbet, Tbet)
0, 0, 0, 0
0, 0, 1, 1
0, 1, 0, 1
0, 1, 1, 1
1, 0, 0, 0
1, 0, 1, 0
1, 1, 0, 0
1, 1, 1, 0
