## abl akap79 ap1 bad bcat bcl10 bclxl ca cabin1 calcin calpr1 cam camk2 camk4 card11 card11a cblb ccblp1 ccblp2 ccblr cd28 cd45 cdc42 cre creb csk cyc1 dag dgk Dummy erk fkhr fos fyn gab2 gadd45 gads gap grb2 gsk3 hpk1 ikb ikkab ikkg ip3 itk jnk jun lat lckp1 lckp2 lckr malt1 mek mekk1 mkk4 mlk3 nfat nfkb p21c p27k p38 p70s pag pdk1 pi3k pip3 pkb pkcth plcga plcgb pten rac1p1 rac1p2 rac1r raf ras rasgrp rlk rsk sh3bp2 ship1 shp1 shp2 slp76 sos sre tcrb tcrlig tcrp vav1 vav3 xx zap70 lckr_input tcrlig cd28 unknown_input3 cd4 unknown_input unknown_input2
# abl (fyn, lckp1, abl)
0, 0, 0
0, 1, 1
1, 0, 1
1, 1, 1
# akap79 (unknown_input2, akap79)
0, 0
1, 1
# ap1 (fos, jun, ap1)
0, 0, 0
0, 1, 0
1, 0, 0
1, 1, 1
# bad (pkb, bad)
0, 1
1, 0
# bcat (gsk3, bcat)
0, 1
1, 0
# bcl10 (unknown_input2, bcl10)
0, 0
1, 1
# bclxl (bad, bclxl)
0, 1
1, 0
# ca (ip3, ca)
0, 0
1, 1
# cabin1 (camk4, cabin1)
0, 1
1, 0
# calcin (akap79, cabin1, calpr1, cam, calcin)
0, 0, 0, 0, 0
0, 0, 0, 1, 1
0, 0, 1, 0, 0
0, 0, 1, 1, 0
0, 1, 0, 0, 0
0, 1, 0, 1, 0
0, 1, 1, 0, 0
0, 1, 1, 1, 0
1, 0, 0, 0, 0
1, 0, 0, 1, 0
1, 0, 1, 0, 0
1, 0, 1, 1, 0
1, 1, 0, 0, 0
1, 1, 0, 1, 0
1, 1, 1, 0, 0
1, 1, 1, 1, 0
# calpr1 (unknown_input2, calpr1)
0, 0
1, 1
# cam (ca, cam)
0, 0
1, 1
# camk2 (cam, camk2)
0, 0
1, 1
# camk4 (cam, camk4)
0, 0
1, 1
# card11 (unknown_input, card11)
0, 0
1, 1
# card11a (bcl10, card11, malt1, card11a)
0, 0, 0, 0
0, 0, 1, 0
0, 1, 0, 0
0, 1, 1, 0
1, 0, 0, 0
1, 0, 1, 0
1, 1, 0, 0
1, 1, 1, 1
# cblb (Failed to generate Truth Table!)


ReferenceError: "varX_23" is not defined in <eval> at line number 1
# ccblp1 (ccblr, zap70, ccblp1)
0, 0, 0
0, 1, 0
1, 0, 0
1, 1, 1
# ccblp2 (ccblr, fyn, ccblp2)
0, 0, 0
0, 1, 0
1, 0, 0
1, 1, 1
# ccblr (unknown_input, ccblr)
0, 0
1, 1
# cd28 (cd28, cd28)
0, 0
1, 1
# cd45 (unknown_input, cd45)
0, 0
1, 1
# cdc42 (unknown_input2, cdc42)
0, 0
1, 1
# cre (creb, cre)
0, 0
1, 1
# creb (rsk, creb)
0, 0
1, 1
# csk (pag, csk)
0, 0
1, 1
# cyc1 (gsk3, cyc1)
0, 1
1, 0
# dag (dgk, plcga, dag)
0, 0, 0
0, 1, 1
1, 0, 0
1, 1, 0
# dgk (tcrb, dgk)
0, 0
1, 1
# Dummy (ccblp2, itk, plcgb, slp76, vav1, zap70, Dummy)
0, 0, 0, 0, 0, 0, 0
0, 0, 0, 0, 0, 1, 0
0, 0, 0, 0, 1, 0, 0
0, 0, 0, 0, 1, 1, 0
0, 0, 0, 1, 0, 0, 0
0, 0, 0, 1, 0, 1, 0
0, 0, 0, 1, 1, 0, 0
0, 0, 0, 1, 1, 1, 0
0, 0, 1, 0, 0, 0, 0
0, 0, 1, 0, 0, 1, 0
0, 0, 1, 0, 1, 0, 0
0, 0, 1, 0, 1, 1, 0
0, 0, 1, 1, 0, 0, 0
0, 0, 1, 1, 0, 1, 0
0, 0, 1, 1, 1, 0, 0
0, 0, 1, 1, 1, 1, 0
0, 1, 0, 0, 0, 0, 0
0, 1, 0, 0, 0, 1, 0
0, 1, 0, 0, 1, 0, 0
0, 1, 0, 0, 1, 1, 0
0, 1, 0, 1, 0, 0, 0
0, 1, 0, 1, 0, 1, 0
0, 1, 0, 1, 1, 0, 0
0, 1, 0, 1, 1, 1, 0
0, 1, 1, 0, 0, 0, 0
0, 1, 1, 0, 0, 1, 0
0, 1, 1, 0, 1, 0, 0
0, 1, 1, 0, 1, 1, 0
0, 1, 1, 1, 0, 0, 0
0, 1, 1, 1, 0, 1, 0
0, 1, 1, 1, 1, 0, 0
0, 1, 1, 1, 1, 1, 1
1, 0, 0, 0, 0, 0, 0
1, 0, 0, 0, 0, 1, 0
1, 0, 0, 0, 1, 0, 0
1, 0, 0, 0, 1, 1, 0
1, 0, 0, 1, 0, 0, 0
1, 0, 0, 1, 0, 1, 0
1, 0, 0, 1, 1, 0, 0
1, 0, 0, 1, 1, 1, 0
1, 0, 1, 0, 0, 0, 0
1, 0, 1, 0, 0, 1, 0
1, 0, 1, 0, 1, 0, 0
1, 0, 1, 0, 1, 1, 0
1, 0, 1, 1, 0, 0, 0
1, 0, 1, 1, 0, 1, 0
1, 0, 1, 1, 1, 0, 0
1, 0, 1, 1, 1, 1, 0
1, 1, 0, 0, 0, 0, 0
1, 1, 0, 0, 0, 1, 0
1, 1, 0, 0, 1, 0, 0
1, 1, 0, 0, 1, 1, 0
1, 1, 0, 1, 0, 0, 0
1, 1, 0, 1, 0, 1, 0
1, 1, 0, 1, 1, 0, 0
1, 1, 0, 1, 1, 1, 0
1, 1, 1, 0, 0, 0, 0
1, 1, 1, 0, 0, 1, 0
1, 1, 1, 0, 1, 0, 0
1, 1, 1, 0, 1, 1, 0
1, 1, 1, 1, 0, 0, 0
1, 1, 1, 1, 0, 1, 0
1, 1, 1, 1, 1, 0, 0
1, 1, 1, 1, 1, 1, 0
# erk (mek, erk)
0, 0
1, 1
# fkhr (pkb, fkhr)
0, 1
1, 0
# fos (erk, fos)
0, 0
1, 1
# fyn (cd45, lckp1, lckr, tcrb, fyn)
0, 0, 0, 0, 0
0, 0, 0, 1, 0
0, 0, 1, 0, 0
0, 0, 1, 1, 1
0, 1, 0, 0, 0
0, 1, 0, 1, 0
0, 1, 1, 0, 0
0, 1, 1, 1, 1
1, 0, 0, 0, 0
1, 0, 0, 1, 0
1, 0, 1, 0, 0
1, 0, 1, 1, 1
1, 1, 0, 0, 1
1, 1, 0, 1, 1
1, 1, 1, 0, 1
1, 1, 1, 1, 1
# gab2 (gads, grb2, lat, zap70, gab2)
0, 0, 0, 0, 0
0, 0, 0, 1, 0
0, 0, 1, 0, 0
0, 0, 1, 1, 0
0, 1, 0, 0, 0
0, 1, 0, 1, 0
0, 1, 1, 0, 0
0, 1, 1, 1, 1
1, 0, 0, 0, 0
1, 0, 0, 1, 0
1, 0, 1, 0, 0
1, 0, 1, 1, 1
1, 1, 0, 0, 0
1, 1, 0, 1, 0
1, 1, 1, 0, 0
1, 1, 1, 1, 1
# gadd45 (unknown_input, gadd45)
0, 0
1, 1
# gads (lat, gads)
0, 0
1, 1
# gap (unknown_input3, gap)
0, 0
1, 1
# grb2 (lat, grb2)
0, 0
1, 1
# gsk3 (pkb, gsk3)
0, 1
1, 0
# hpk1 (lat, hpk1)
0, 0
1, 1
# ikb (ikkab, ikb)
0, 1
1, 0
# ikkab (camk2, ikkg, ikkab)
0, 0, 0
0, 1, 0
1, 0, 0
1, 1, 1
# ikkg (card11a, pkcth, ikkg)
0, 0, 0
0, 1, 0
1, 0, 0
1, 1, 1
# ip3 (plcga, ip3)
0, 0
1, 1
# itk (pip3, slp76, zap70, itk)
0, 0, 0, 0
0, 0, 1, 0
0, 1, 0, 0
0, 1, 1, 0
1, 0, 0, 0
1, 0, 1, 0
1, 1, 0, 0
1, 1, 1, 1
# jnk (mekk1, mkk4, jnk)
0, 0, 0
0, 1, 1
1, 0, 1
1, 1, 1
# jun (jnk, jun)
0, 0
1, 1
# lat (zap70, lat)
0, 0
1, 1
# lckp1 (cd4, cd45, csk, lckr, shp1, lckp1)
0, 0, 0, 0, 0, 0
0, 0, 0, 0, 1, 0
0, 0, 0, 1, 0, 0
0, 0, 0, 1, 1, 0
0, 0, 1, 0, 0, 0
0, 0, 1, 0, 1, 0
0, 0, 1, 1, 0, 0
0, 0, 1, 1, 1, 0
0, 1, 0, 0, 0, 0
0, 1, 0, 0, 1, 0
0, 1, 0, 1, 0, 0
0, 1, 0, 1, 1, 0
0, 1, 1, 0, 0, 0
0, 1, 1, 0, 1, 0
0, 1, 1, 1, 0, 0
0, 1, 1, 1, 1, 0
1, 0, 0, 0, 0, 0
1, 0, 0, 0, 1, 0
1, 0, 0, 1, 0, 0
1, 0, 0, 1, 1, 0
1, 0, 1, 0, 0, 0
1, 0, 1, 0, 1, 0
1, 0, 1, 1, 0, 0
1, 0, 1, 1, 1, 0
1, 1, 0, 0, 0, 0
1, 1, 0, 0, 1, 0
1, 1, 0, 1, 0, 1
1, 1, 0, 1, 1, 0
1, 1, 1, 0, 0, 0
1, 1, 1, 0, 1, 0
1, 1, 1, 1, 0, 0
1, 1, 1, 1, 1, 0
# lckp2 (lckr, tcrb, lckp2)
0, 0, 0
0, 1, 0
1, 0, 0
1, 1, 1
# lckr (lckr_input, lckr)
0, 0
1, 1
# malt1 (unknown_input, malt1)
0, 0
1, 1
# mek (raf, mek)
0, 0
1, 1
# mekk1 (cdc42, hpk1, rac1p2, mekk1)
0, 0, 0, 0
0, 0, 1, 1
0, 1, 0, 1
0, 1, 1, 1
1, 0, 0, 1
1, 0, 1, 1
1, 1, 0, 1
1, 1, 1, 1
# mkk4 (mekk1, mlk3, mkk4)
0, 0, 0
0, 1, 1
1, 0, 1
1, 1, 1
# mlk3 (hpk1, rac1p1, mlk3)
0, 0, 0
0, 1, 1
1, 0, 1
1, 1, 1
# nfat (calcin, nfat)
0, 0
1, 1
# nfkb (ikb, nfkb)
0, 1
1, 0
# p21c (pkb, p21c)
0, 1
1, 0
# p27k (pkb, p27k)
0, 1
1, 0
# p38 (gadd45, zap70, p38)
0, 0, 0
0, 1, 1
1, 0, 0
1, 1, 0
# p70s (pdk1, p70s)
0, 0
1, 1
# pag (fyn, tcrb, pag)
0, 0, 0
0, 1, 0
1, 0, 1
1, 1, 0
# pdk1 (pip3, pdk1)
0, 0
1, 1
# pi3k (cblb, lckp2, xx, pi3k)
0, 0, 0, 0
0, 0, 1, 1
0, 1, 0, 1
0, 1, 1, 1
1, 0, 0, 0
1, 0, 1, 0
1, 1, 0, 0
1, 1, 1, 0
# pip3 (pi3k, pten, ship1, pip3)
0, 0, 0, 0
0, 0, 1, 0
0, 1, 0, 0
0, 1, 1, 0
1, 0, 0, 1
1, 0, 1, 0
1, 1, 0, 0
1, 1, 1, 0
# pkb (pdk1, pkb)
0, 0
1, 1
# pkcth (dag, pdk1, vav1, pkcth)
0, 0, 0, 0
0, 0, 1, 0
0, 1, 0, 0
0, 1, 1, 0
1, 0, 0, 0
1, 0, 1, 0
1, 1, 0, 0
1, 1, 1, 1
# plcga (ccblp2, itk, plcgb, slp76, vav1, zap70, plcga)
0, 0, 0, 0, 0, 0, 0
0, 0, 0, 0, 0, 1, 0
0, 0, 0, 0, 1, 0, 0
0, 0, 0, 0, 1, 1, 0
0, 0, 0, 1, 0, 0, 0
0, 0, 0, 1, 0, 1, 0
0, 0, 0, 1, 1, 0, 0
0, 0, 0, 1, 1, 1, 0
0, 0, 1, 0, 0, 0, 0
0, 0, 1, 0, 0, 1, 0
0, 0, 1, 0, 1, 0, 0
0, 0, 1, 0, 1, 1, 0
0, 0, 1, 1, 0, 0, 0
0, 0, 1, 1, 0, 1, 0
0, 0, 1, 1, 1, 0, 0
0, 0, 1, 1, 1, 1, 0
0, 1, 0, 0, 0, 0, 0
0, 1, 0, 0, 0, 1, 0
0, 1, 0, 0, 1, 0, 0
0, 1, 0, 0, 1, 1, 0
0, 1, 0, 1, 0, 0, 0
0, 1, 0, 1, 0, 1, 0
0, 1, 0, 1, 1, 0, 0
0, 1, 0, 1, 1, 1, 0
0, 1, 1, 0, 0, 0, 0
0, 1, 1, 0, 0, 1, 0
0, 1, 1, 0, 1, 0, 0
0, 1, 1, 0, 1, 1, 0
0, 1, 1, 1, 0, 0, 0
0, 1, 1, 1, 0, 1, 0
0, 1, 1, 1, 1, 0, 0
0, 1, 1, 1, 1, 1, 1
1, 0, 0, 0, 0, 0, 0
1, 0, 0, 0, 0, 1, 0
1, 0, 0, 0, 1, 0, 0
1, 0, 0, 0, 1, 1, 0
1, 0, 0, 1, 0, 0, 0
1, 0, 0, 1, 0, 1, 0
1, 0, 0, 1, 1, 0, 0
1, 0, 0, 1, 1, 1, 0
1, 0, 1, 0, 0, 0, 0
1, 0, 1, 0, 0, 1, 0
1, 0, 1, 0, 1, 0, 0
1, 0, 1, 0, 1, 1, 0
1, 0, 1, 1, 0, 0, 0
1, 0, 1, 1, 0, 1, 0
1, 0, 1, 1, 1, 0, 0
1, 0, 1, 1, 1, 1, 0
1, 1, 0, 0, 0, 0, 0
1, 1, 0, 0, 0, 1, 0
1, 1, 0, 0, 1, 0, 0
1, 1, 0, 0, 1, 1, 0
1, 1, 0, 1, 0, 0, 0
1, 1, 0, 1, 0, 1, 0
1, 1, 0, 1, 1, 0, 0
1, 1, 0, 1, 1, 1, 0
1, 1, 1, 0, 0, 0, 0
1, 1, 1, 0, 0, 1, 0
1, 1, 1, 0, 1, 0, 0
1, 1, 1, 0, 1, 1, 0
1, 1, 1, 1, 0, 0, 0
1, 1, 1, 1, 0, 1, 0
1, 1, 1, 1, 1, 0, 0
1, 1, 1, 1, 1, 1, 0
# plcgb (lat, plcgb)
0, 0
1, 1
# pten (unknown_input2, pten)
0, 0
1, 1
# rac1p1 (rac1r, vav1, rac1p1)
0, 0, 0
0, 1, 0
1, 0, 0
1, 1, 1
# rac1p2 (rac1r, vav3, rac1p2)
0, 0, 0
0, 1, 0
1, 0, 0
1, 1, 1
# rac1r (unknown_input, rac1r)
0, 0
1, 1
# raf (ras, raf)
0, 0
1, 1
# ras (gap, rasgrp, sos, ras)
0, 0, 0, 0
0, 0, 1, 0
0, 1, 0, 0
0, 1, 1, 1
1, 0, 0, 0
1, 0, 1, 0
1, 1, 0, 0
1, 1, 1, 0
# rasgrp (dag, rasgrp)
0, 0
1, 1
# rlk (lckp1, rlk)
0, 0
1, 1
# rsk (erk, rsk)
0, 0
1, 1
# sh3bp2 (lat, zap70, sh3bp2)
0, 0, 0
0, 1, 0
1, 0, 0
1, 1, 1
# ship1 (unknown_input2, ship1)
0, 0
1, 1
# shp1 (erk, lckp1, shp1)
0, 0, 0
0, 1, 1
1, 0, 0
1, 1, 0
# shp2 (gab2, shp2)
0, 0
1, 1
# slp76 (gab2, gads, zap70, slp76)
0, 0, 0, 0
0, 0, 1, 0
0, 1, 0, 0
0, 1, 1, 1
1, 0, 0, 0
1, 0, 1, 0
1, 1, 0, 0
1, 1, 1, 0
# sos (grb2, sos)
0, 0
1, 1
# sre (cdc42, rac1p2, sre)
0, 0, 0
0, 1, 1
1, 0, 1
1, 1, 1
# tcrb (Failed to generate Truth Table!)


ReferenceError: "varX_43" is not defined in <eval> at line number 1
# tcrlig (tcrlig, tcrlig)
0, 0
1, 1
# tcrp (fyn, lckp1, tcrb, tcrp)
0, 0, 0, 0
0, 0, 1, 0
0, 1, 0, 0
0, 1, 1, 1
1, 0, 0, 0
1, 0, 1, 1
1, 1, 0, 0
1, 1, 1, 1
# vav1 (sh3bp2, xx, zap70, vav1)
0, 0, 0, 0
0, 0, 1, 0
0, 1, 0, 1
0, 1, 1, 1
1, 0, 0, 0
1, 0, 1, 1
1, 1, 0, 1
1, 1, 1, 1
# vav3 (sh3bp2, vav3)
0, 0
1, 1
# xx (Failed to generate Truth Table!)


ReferenceError: "varX_23" is not defined in <eval> at line number 1
# zap70 (abl, ccblp1, tcrp, zap70)
0, 0, 0, 0
0, 0, 1, 0
0, 1, 0, 0
0, 1, 1, 0
1, 0, 0, 0
1, 0, 1, 1
1, 1, 0, 0
1, 1, 1, 0
