## Crc IHF Meta Meta2 PprA ProX PtsN RpoH RpoS TurA Upper XylR XylS XylSh Cold Heat Glu 3MBz RpoD HU m-xyl CellDens CAA RpoN
# Crc (CAA, CellDens, Crc)
0, 0, 0
0, 1, 0
1, 0, 1
1, 1, 0
# IHF (CellDens, IHF)
0, 0
1, 1
# Meta (3MBz, Crc, RpoD, RpoH, RpoS, Upper, XylS, XylSh, m-xyl, Meta)
0, 0, 0, 0, 0, 0, 0, 0, 0, 0
0, 0, 0, 0, 0, 0, 0, 0, 1, 0
0, 0, 0, 0, 0, 0, 0, 1, 0, 0
0, 0, 0, 0, 0, 0, 0, 1, 1, 0
0, 0, 0, 0, 0, 0, 1, 0, 0, 0
0, 0, 0, 0, 0, 0, 1, 0, 1, 0
0, 0, 0, 0, 0, 0, 1, 1, 0, 0
0, 0, 0, 0, 0, 0, 1, 1, 1, 0
0, 0, 0, 0, 0, 1, 0, 0, 0, 0
0, 0, 0, 0, 0, 1, 0, 0, 1, 0
0, 0, 0, 0, 0, 1, 0, 1, 0, 0
0, 0, 0, 0, 0, 1, 0, 1, 1, 0
0, 0, 0, 0, 0, 1, 1, 0, 0, 0
0, 0, 0, 0, 0, 1, 1, 0, 1, 0
0, 0, 0, 0, 0, 1, 1, 1, 0, 0
0, 0, 0, 0, 0, 1, 1, 1, 1, 0
0, 0, 0, 0, 1, 0, 0, 0, 0, 0
0, 0, 0, 0, 1, 0, 0, 0, 1, 0
0, 0, 0, 0, 1, 0, 0, 1, 0, 1
0, 0, 0, 0, 1, 0, 0, 1, 1, 1
0, 0, 0, 0, 1, 0, 1, 0, 0, 0
0, 0, 0, 0, 1, 0, 1, 0, 1, 0
0, 0, 0, 0, 1, 0, 1, 1, 0, 1
0, 0, 0, 0, 1, 0, 1, 1, 1, 1
0, 0, 0, 0, 1, 1, 0, 0, 0, 0
0, 0, 0, 0, 1, 1, 0, 0, 1, 0
0, 0, 0, 0, 1, 1, 0, 1, 0, 1
0, 0, 0, 0, 1, 1, 0, 1, 1, 1
0, 0, 0, 0, 1, 1, 1, 0, 0, 0
0, 0, 0, 0, 1, 1, 1, 0, 1, 1
0, 0, 0, 0, 1, 1, 1, 1, 0, 1
0, 0, 0, 0, 1, 1, 1, 1, 1, 1
0, 0, 0, 1, 0, 0, 0, 0, 0, 0
0, 0, 0, 1, 0, 0, 0, 0, 1, 0
0, 0, 0, 1, 0, 0, 0, 1, 0, 1
0, 0, 0, 1, 0, 0, 0, 1, 1, 1
0, 0, 0, 1, 0, 0, 1, 0, 0, 0
0, 0, 0, 1, 0, 0, 1, 0, 1, 0
0, 0, 0, 1, 0, 0, 1, 1, 0, 1
0, 0, 0, 1, 0, 0, 1, 1, 1, 1
0, 0, 0, 1, 0, 1, 0, 0, 0, 0
0, 0, 0, 1, 0, 1, 0, 0, 1, 0
0, 0, 0, 1, 0, 1, 0, 1, 0, 1
0, 0, 0, 1, 0, 1, 0, 1, 1, 1
0, 0, 0, 1, 0, 1, 1, 0, 0, 0
0, 0, 0, 1, 0, 1, 1, 0, 1, 1
0, 0, 0, 1, 0, 1, 1, 1, 0, 1
0, 0, 0, 1, 0, 1, 1, 1, 1, 1
0, 0, 0, 1, 1, 0, 0, 0, 0, 0
0, 0, 0, 1, 1, 0, 0, 0, 1, 0
0, 0, 0, 1, 1, 0, 0, 1, 0, 1
0, 0, 0, 1, 1, 0, 0, 1, 1, 1
0, 0, 0, 1, 1, 0, 1, 0, 0, 0
0, 0, 0, 1, 1, 0, 1, 0, 1, 0
0, 0, 0, 1, 1, 0, 1, 1, 0, 1
0, 0, 0, 1, 1, 0, 1, 1, 1, 1
0, 0, 0, 1, 1, 1, 0, 0, 0, 0
0, 0, 0, 1, 1, 1, 0, 0, 1, 0
0, 0, 0, 1, 1, 1, 0, 1, 0, 1
0, 0, 0, 1, 1, 1, 0, 1, 1, 1
0, 0, 0, 1, 1, 1, 1, 0, 0, 0
0, 0, 0, 1, 1, 1, 1, 0, 1, 1
0, 0, 0, 1, 1, 1, 1, 1, 0, 1
0, 0, 0, 1, 1, 1, 1, 1, 1, 1
0, 0, 1, 0, 0, 0, 0, 0, 0, 0
0, 0, 1, 0, 0, 0, 0, 0, 1, 0
0, 0, 1, 0, 0, 0, 0, 1, 0, 1
0, 0, 1, 0, 0, 0, 0, 1, 1, 1
0, 0, 1, 0, 0, 0, 1, 0, 0, 0
0, 0, 1, 0, 0, 0, 1, 0, 1, 0
0, 0, 1, 0, 0, 0, 1, 1, 0, 1
0, 0, 1, 0, 0, 0, 1, 1, 1, 1
0, 0, 1, 0, 0, 1, 0, 0, 0, 0
0, 0, 1, 0, 0, 1, 0, 0, 1, 0
0, 0, 1, 0, 0, 1, 0, 1, 0, 1
0, 0, 1, 0, 0, 1, 0, 1, 1, 1
0, 0, 1, 0, 0, 1, 1, 0, 0, 0
0, 0, 1, 0, 0, 1, 1, 0, 1, 1
0, 0, 1, 0, 0, 1, 1, 1, 0, 1
0, 0, 1, 0, 0, 1, 1, 1, 1, 1
0, 0, 1, 0, 1, 0, 0, 0, 0, 0
0, 0, 1, 0, 1, 0, 0, 0, 1, 0
0, 0, 1, 0, 1, 0, 0, 1, 0, 1
0, 0, 1, 0, 1, 0, 0, 1, 1, 1
0, 0, 1, 0, 1, 0, 1, 0, 0, 0
0, 0, 1, 0, 1, 0, 1, 0, 1, 0
0, 0, 1, 0, 1, 0, 1, 1, 0, 1
0, 0, 1, 0, 1, 0, 1, 1, 1, 1
0, 0, 1, 0, 1, 1, 0, 0, 0, 0
0, 0, 1, 0, 1, 1, 0, 0, 1, 0
0, 0, 1, 0, 1, 1, 0, 1, 0, 1
0, 0, 1, 0, 1, 1, 0, 1, 1, 1
0, 0, 1, 0, 1, 1, 1, 0, 0, 0
0, 0, 1, 0, 1, 1, 1, 0, 1, 1
0, 0, 1, 0, 1, 1, 1, 1, 0, 1
0, 0, 1, 0, 1, 1, 1, 1, 1, 1
0, 0, 1, 1, 0, 0, 0, 0, 0, 0
0, 0, 1, 1, 0, 0, 0, 0, 1, 0
0, 0, 1, 1, 0, 0, 0, 1, 0, 1
0, 0, 1, 1, 0, 0, 0, 1, 1, 1
0, 0, 1, 1, 0, 0, 1, 0, 0, 0
0, 0, 1, 1, 0, 0, 1, 0, 1, 0
0, 0, 1, 1, 0, 0, 1, 1, 0, 1
0, 0, 1, 1, 0, 0, 1, 1, 1, 1
0, 0, 1, 1, 0, 1, 0, 0, 0, 0
0, 0, 1, 1, 0, 1, 0, 0, 1, 0
0, 0, 1, 1, 0, 1, 0, 1, 0, 1
0, 0, 1, 1, 0, 1, 0, 1, 1, 1
0, 0, 1, 1, 0, 1, 1, 0, 0, 0
0, 0, 1, 1, 0, 1, 1, 0, 1, 1
0, 0, 1, 1, 0, 1, 1, 1, 0, 1
0, 0, 1, 1, 0, 1, 1, 1, 1, 1
0, 0, 1, 1, 1, 0, 0, 0, 0, 0
0, 0, 1, 1, 1, 0, 0, 0, 1, 0
0, 0, 1, 1, 1, 0, 0, 1, 0, 1
0, 0, 1, 1, 1, 0, 0, 1, 1, 1
0, 0, 1, 1, 1, 0, 1, 0, 0, 0
0, 0, 1, 1, 1, 0, 1, 0, 1, 0
0, 0, 1, 1, 1, 0, 1, 1, 0, 1
0, 0, 1, 1, 1, 0, 1, 1, 1, 1
0, 0, 1, 1, 1, 1, 0, 0, 0, 0
0, 0, 1, 1, 1, 1, 0, 0, 1, 0
0, 0, 1, 1, 1, 1, 0, 1, 0, 1
0, 0, 1, 1, 1, 1, 0, 1, 1, 1
0, 0, 1, 1, 1, 1, 1, 0, 0, 0
0, 0, 1, 1, 1, 1, 1, 0, 1, 1
0, 0, 1, 1, 1, 1, 1, 1, 0, 1
0, 0, 1, 1, 1, 1, 1, 1, 1, 1
0, 1, 0, 0, 0, 0, 0, 0, 0, 0
0, 1, 0, 0, 0, 0, 0, 0, 1, 0
0, 1, 0, 0, 0, 0, 0, 1, 0, 0
0, 1, 0, 0, 0, 0, 0, 1, 1, 0
0, 1, 0, 0, 0, 0, 1, 0, 0, 0
0, 1, 0, 0, 0, 0, 1, 0, 1, 0
0, 1, 0, 0, 0, 0, 1, 1, 0, 0
0, 1, 0, 0, 0, 0, 1, 1, 1, 0
0, 1, 0, 0, 0, 1, 0, 0, 0, 0
0, 1, 0, 0, 0, 1, 0, 0, 1, 0
0, 1, 0, 0, 0, 1, 0, 1, 0, 0
0, 1, 0, 0, 0, 1, 0, 1, 1, 0
0, 1, 0, 0, 0, 1, 1, 0, 0, 0
0, 1, 0, 0, 0, 1, 1, 0, 1, 0
0, 1, 0, 0, 0, 1, 1, 1, 0, 0
0, 1, 0, 0, 0, 1, 1, 1, 1, 0
0, 1, 0, 0, 1, 0, 0, 0, 0, 0
0, 1, 0, 0, 1, 0, 0, 0, 1, 0
0, 1, 0, 0, 1, 0, 0, 1, 0, 0
0, 1, 0, 0, 1, 0, 0, 1, 1, 0
0, 1, 0, 0, 1, 0, 1, 0, 0, 0
0, 1, 0, 0, 1, 0, 1, 0, 1, 0
0, 1, 0, 0, 1, 0, 1, 1, 0, 0
0, 1, 0, 0, 1, 0, 1, 1, 1, 0
0, 1, 0, 0, 1, 1, 0, 0, 0, 0
0, 1, 0, 0, 1, 1, 0, 0, 1, 0
0, 1, 0, 0, 1, 1, 0, 1, 0, 0
0, 1, 0, 0, 1, 1, 0, 1, 1, 0
0, 1, 0, 0, 1, 1, 1, 0, 0, 0
0, 1, 0, 0, 1, 1, 1, 0, 1, 0
0, 1, 0, 0, 1, 1, 1, 1, 0, 0
0, 1, 0, 0, 1, 1, 1, 1, 1, 0
0, 1, 0, 1, 0, 0, 0, 0, 0, 0
0, 1, 0, 1, 0, 0, 0, 0, 1, 0
0, 1, 0, 1, 0, 0, 0, 1, 0, 0
0, 1, 0, 1, 0, 0, 0, 1, 1, 0
0, 1, 0, 1, 0, 0, 1, 0, 0, 0
0, 1, 0, 1, 0, 0, 1, 0, 1, 0
0, 1, 0, 1, 0, 0, 1, 1, 0, 0
0, 1, 0, 1, 0, 0, 1, 1, 1, 0
0, 1, 0, 1, 0, 1, 0, 0, 0, 0
0, 1, 0, 1, 0, 1, 0, 0, 1, 0
0, 1, 0, 1, 0, 1, 0, 1, 0, 0
0, 1, 0, 1, 0, 1, 0, 1, 1, 0
0, 1, 0, 1, 0, 1, 1, 0, 0, 0
0, 1, 0, 1, 0, 1, 1, 0, 1, 0
0, 1, 0, 1, 0, 1, 1, 1, 0, 0
0, 1, 0, 1, 0, 1, 1, 1, 1, 0
0, 1, 0, 1, 1, 0, 0, 0, 0, 0
0, 1, 0, 1, 1, 0, 0, 0, 1, 0
0, 1, 0, 1, 1, 0, 0, 1, 0, 0
0, 1, 0, 1, 1, 0, 0, 1, 1, 0
0, 1, 0, 1, 1, 0, 1, 0, 0, 0
0, 1, 0, 1, 1, 0, 1, 0, 1, 0
0, 1, 0, 1, 1, 0, 1, 1, 0, 0
0, 1, 0, 1, 1, 0, 1, 1, 1, 0
0, 1, 0, 1, 1, 1, 0, 0, 0, 0
0, 1, 0, 1, 1, 1, 0, 0, 1, 0
0, 1, 0, 1, 1, 1, 0, 1, 0, 0
0, 1, 0, 1, 1, 1, 0, 1, 1, 0
0, 1, 0, 1, 1, 1, 1, 0, 0, 0
0, 1, 0, 1, 1, 1, 1, 0, 1, 0
0, 1, 0, 1, 1, 1, 1, 1, 0, 0
0, 1, 0, 1, 1, 1, 1, 1, 1, 0
0, 1, 1, 0, 0, 0, 0, 0, 0, 0
0, 1, 1, 0, 0, 0, 0, 0, 1, 0
0, 1, 1, 0, 0, 0, 0, 1, 0, 0
0, 1, 1, 0, 0, 0, 0, 1, 1, 0
0, 1, 1, 0, 0, 0, 1, 0, 0, 0
0, 1, 1, 0, 0, 0, 1, 0, 1, 0
0, 1, 1, 0, 0, 0, 1, 1, 0, 0
0, 1, 1, 0, 0, 0, 1, 1, 1, 0
0, 1, 1, 0, 0, 1, 0, 0, 0, 0
0, 1, 1, 0, 0, 1, 0, 0, 1, 0
0, 1, 1, 0, 0, 1, 0, 1, 0, 0
0, 1, 1, 0, 0, 1, 0, 1, 1, 0
0, 1, 1, 0, 0, 1, 1, 0, 0, 0
0, 1, 1, 0, 0, 1, 1, 0, 1, 0
0, 1, 1, 0, 0, 1, 1, 1, 0, 0
0, 1, 1, 0, 0, 1, 1, 1, 1, 0
0, 1, 1, 0, 1, 0, 0, 0, 0, 0
0, 1, 1, 0, 1, 0, 0, 0, 1, 0
0, 1, 1, 0, 1, 0, 0, 1, 0, 0
0, 1, 1, 0, 1, 0, 0, 1, 1, 0
0, 1, 1, 0, 1, 0, 1, 0, 0, 0
0, 1, 1, 0, 1, 0, 1, 0, 1, 0
0, 1, 1, 0, 1, 0, 1, 1, 0, 0
0, 1, 1, 0, 1, 0, 1, 1, 1, 0
0, 1, 1, 0, 1, 1, 0, 0, 0, 0
0, 1, 1, 0, 1, 1, 0, 0, 1, 0
0, 1, 1, 0, 1, 1, 0, 1, 0, 0
0, 1, 1, 0, 1, 1, 0, 1, 1, 0
0, 1, 1, 0, 1, 1, 1, 0, 0, 0
0, 1, 1, 0, 1, 1, 1, 0, 1, 0
0, 1, 1, 0, 1, 1, 1, 1, 0, 0
0, 1, 1, 0, 1, 1, 1, 1, 1, 0
0, 1, 1, 1, 0, 0, 0, 0, 0, 0
0, 1, 1, 1, 0, 0, 0, 0, 1, 0
0, 1, 1, 1, 0, 0, 0, 1, 0, 0
0, 1, 1, 1, 0, 0, 0, 1, 1, 0
0, 1, 1, 1, 0, 0, 1, 0, 0, 0
0, 1, 1, 1, 0, 0, 1, 0, 1, 0
0, 1, 1, 1, 0, 0, 1, 1, 0, 0
0, 1, 1, 1, 0, 0, 1, 1, 1, 0
0, 1, 1, 1, 0, 1, 0, 0, 0, 0
0, 1, 1, 1, 0, 1, 0, 0, 1, 0
0, 1, 1, 1, 0, 1, 0, 1, 0, 0
0, 1, 1, 1, 0, 1, 0, 1, 1, 0
0, 1, 1, 1, 0, 1, 1, 0, 0, 0
0, 1, 1, 1, 0, 1, 1, 0, 1, 0
0, 1, 1, 1, 0, 1, 1, 1, 0, 0
0, 1, 1, 1, 0, 1, 1, 1, 1, 0
0, 1, 1, 1, 1, 0, 0, 0, 0, 0
0, 1, 1, 1, 1, 0, 0, 0, 1, 0
0, 1, 1, 1, 1, 0, 0, 1, 0, 0
0, 1, 1, 1, 1, 0, 0, 1, 1, 0
0, 1, 1, 1, 1, 0, 1, 0, 0, 0
0, 1, 1, 1, 1, 0, 1, 0, 1, 0
0, 1, 1, 1, 1, 0, 1, 1, 0, 0
0, 1, 1, 1, 1, 0, 1, 1, 1, 0
0, 1, 1, 1, 1, 1, 0, 0, 0, 0
0, 1, 1, 1, 1, 1, 0, 0, 1, 0
0, 1, 1, 1, 1, 1, 0, 1, 0, 0
0, 1, 1, 1, 1, 1, 0, 1, 1, 0
0, 1, 1, 1, 1, 1, 1, 0, 0, 0
0, 1, 1, 1, 1, 1, 1, 0, 1, 0
0, 1, 1, 1, 1, 1, 1, 1, 0, 0
0, 1, 1, 1, 1, 1, 1, 1, 1, 0
1, 0, 0, 0, 0, 0, 0, 0, 0, 0
1, 0, 0, 0, 0, 0, 0, 0, 1, 0
1, 0, 0, 0, 0, 0, 0, 1, 0, 0
1, 0, 0, 0, 0, 0, 0, 1, 1, 0
1, 0, 0, 0, 0, 0, 1, 0, 0, 0
1, 0, 0, 0, 0, 0, 1, 0, 1, 0
1, 0, 0, 0, 0, 0, 1, 1, 0, 0
1, 0, 0, 0, 0, 0, 1, 1, 1, 0
1, 0, 0, 0, 0, 1, 0, 0, 0, 0
1, 0, 0, 0, 0, 1, 0, 0, 1, 0
1, 0, 0, 0, 0, 1, 0, 1, 0, 0
1, 0, 0, 0, 0, 1, 0, 1, 1, 0
1, 0, 0, 0, 0, 1, 1, 0, 0, 0
1, 0, 0, 0, 0, 1, 1, 0, 1, 0
1, 0, 0, 0, 0, 1, 1, 1, 0, 0
1, 0, 0, 0, 0, 1, 1, 1, 1, 0
1, 0, 0, 0, 1, 0, 0, 0, 0, 0
1, 0, 0, 0, 1, 0, 0, 0, 1, 0
1, 0, 0, 0, 1, 0, 0, 1, 0, 1
1, 0, 0, 0, 1, 0, 0, 1, 1, 1
1, 0, 0, 0, 1, 0, 1, 0, 0, 1
1, 0, 0, 0, 1, 0, 1, 0, 1, 1
1, 0, 0, 0, 1, 0, 1, 1, 0, 1
1, 0, 0, 0, 1, 0, 1, 1, 1, 1
1, 0, 0, 0, 1, 1, 0, 0, 0, 0
1, 0, 0, 0, 1, 1, 0, 0, 1, 0
1, 0, 0, 0, 1, 1, 0, 1, 0, 1
1, 0, 0, 0, 1, 1, 0, 1, 1, 1
1, 0, 0, 0, 1, 1, 1, 0, 0, 1
1, 0, 0, 0, 1, 1, 1, 0, 1, 1
1, 0, 0, 0, 1, 1, 1, 1, 0, 1
1, 0, 0, 0, 1, 1, 1, 1, 1, 1
1, 0, 0, 1, 0, 0, 0, 0, 0, 0
1, 0, 0, 1, 0, 0, 0, 0, 1, 0
1, 0, 0, 1, 0, 0, 0, 1, 0, 1
1, 0, 0, 1, 0, 0, 0, 1, 1, 1
1, 0, 0, 1, 0, 0, 1, 0, 0, 1
1, 0, 0, 1, 0, 0, 1, 0, 1, 1
1, 0, 0, 1, 0, 0, 1, 1, 0, 1
1, 0, 0, 1, 0, 0, 1, 1, 1, 1
1, 0, 0, 1, 0, 1, 0, 0, 0, 0
1, 0, 0, 1, 0, 1, 0, 0, 1, 0
1, 0, 0, 1, 0, 1, 0, 1, 0, 1
1, 0, 0, 1, 0, 1, 0, 1, 1, 1
1, 0, 0, 1, 0, 1, 1, 0, 0, 1
1, 0, 0, 1, 0, 1, 1, 0, 1, 1
1, 0, 0, 1, 0, 1, 1, 1, 0, 1
1, 0, 0, 1, 0, 1, 1, 1, 1, 1
1, 0, 0, 1, 1, 0, 0, 0, 0, 0
1, 0, 0, 1, 1, 0, 0, 0, 1, 0
1, 0, 0, 1, 1, 0, 0, 1, 0, 1
1, 0, 0, 1, 1, 0, 0, 1, 1, 1
1, 0, 0, 1, 1, 0, 1, 0, 0, 1
1, 0, 0, 1, 1, 0, 1, 0, 1, 1
1, 0, 0, 1, 1, 0, 1, 1, 0, 1
1, 0, 0, 1, 1, 0, 1, 1, 1, 1
1, 0, 0, 1, 1, 1, 0, 0, 0, 0
1, 0, 0, 1, 1, 1, 0, 0, 1, 0
1, 0, 0, 1, 1, 1, 0, 1, 0, 1
1, 0, 0, 1, 1, 1, 0, 1, 1, 1
1, 0, 0, 1, 1, 1, 1, 0, 0, 1
1, 0, 0, 1, 1, 1, 1, 0, 1, 1
1, 0, 0, 1, 1, 1, 1, 1, 0, 1
1, 0, 0, 1, 1, 1, 1, 1, 1, 1
1, 0, 1, 0, 0, 0, 0, 0, 0, 0
1, 0, 1, 0, 0, 0, 0, 0, 1, 0
1, 0, 1, 0, 0, 0, 0, 1, 0, 1
1, 0, 1, 0, 0, 0, 0, 1, 1, 1
1, 0, 1, 0, 0, 0, 1, 0, 0, 1
1, 0, 1, 0, 0, 0, 1, 0, 1, 1
1, 0, 1, 0, 0, 0, 1, 1, 0, 1
1, 0, 1, 0, 0, 0, 1, 1, 1, 1
1, 0, 1, 0, 0, 1, 0, 0, 0, 0
1, 0, 1, 0, 0, 1, 0, 0, 1, 0
1, 0, 1, 0, 0, 1, 0, 1, 0, 1
1, 0, 1, 0, 0, 1, 0, 1, 1, 1
1, 0, 1, 0, 0, 1, 1, 0, 0, 1
1, 0, 1, 0, 0, 1, 1, 0, 1, 1
1, 0, 1, 0, 0, 1, 1, 1, 0, 1
1, 0, 1, 0, 0, 1, 1, 1, 1, 1
1, 0, 1, 0, 1, 0, 0, 0, 0, 0
1, 0, 1, 0, 1, 0, 0, 0, 1, 0
1, 0, 1, 0, 1, 0, 0, 1, 0, 1
1, 0, 1, 0, 1, 0, 0, 1, 1, 1
1, 0, 1, 0, 1, 0, 1, 0, 0, 1
1, 0, 1, 0, 1, 0, 1, 0, 1, 1
1, 0, 1, 0, 1, 0, 1, 1, 0, 1
1, 0, 1, 0, 1, 0, 1, 1, 1, 1
1, 0, 1, 0, 1, 1, 0, 0, 0, 0
1, 0, 1, 0, 1, 1, 0, 0, 1, 0
1, 0, 1, 0, 1, 1, 0, 1, 0, 1
1, 0, 1, 0, 1, 1, 0, 1, 1, 1
1, 0, 1, 0, 1, 1, 1, 0, 0, 1
1, 0, 1, 0, 1, 1, 1, 0, 1, 1
1, 0, 1, 0, 1, 1, 1, 1, 0, 1
1, 0, 1, 0, 1, 1, 1, 1, 1, 1
1, 0, 1, 1, 0, 0, 0, 0, 0, 0
1, 0, 1, 1, 0, 0, 0, 0, 1, 0
1, 0, 1, 1, 0, 0, 0, 1, 0, 1
1, 0, 1, 1, 0, 0, 0, 1, 1, 1
1, 0, 1, 1, 0, 0, 1, 0, 0, 1
1, 0, 1, 1, 0, 0, 1, 0, 1, 1
1, 0, 1, 1, 0, 0, 1, 1, 0, 1
1, 0, 1, 1, 0, 0, 1, 1, 1, 1
1, 0, 1, 1, 0, 1, 0, 0, 0, 0
1, 0, 1, 1, 0, 1, 0, 0, 1, 0
1, 0, 1, 1, 0, 1, 0, 1, 0, 1
1, 0, 1, 1, 0, 1, 0, 1, 1, 1
1, 0, 1, 1, 0, 1, 1, 0, 0, 1
1, 0, 1, 1, 0, 1, 1, 0, 1, 1
1, 0, 1, 1, 0, 1, 1, 1, 0, 1
1, 0, 1, 1, 0, 1, 1, 1, 1, 1
1, 0, 1, 1, 1, 0, 0, 0, 0, 0
1, 0, 1, 1, 1, 0, 0, 0, 1, 0
1, 0, 1, 1, 1, 0, 0, 1, 0, 1
1, 0, 1, 1, 1, 0, 0, 1, 1, 1
1, 0, 1, 1, 1, 0, 1, 0, 0, 1
1, 0, 1, 1, 1, 0, 1, 0, 1, 1
1, 0, 1, 1, 1, 0, 1, 1, 0, 1
1, 0, 1, 1, 1, 0, 1, 1, 1, 1
1, 0, 1, 1, 1, 1, 0, 0, 0, 0
1, 0, 1, 1, 1, 1, 0, 0, 1, 0
1, 0, 1, 1, 1, 1, 0, 1, 0, 1
1, 0, 1, 1, 1, 1, 0, 1, 1, 1
1, 0, 1, 1, 1, 1, 1, 0, 0, 1
1, 0, 1, 1, 1, 1, 1, 0, 1, 1
1, 0, 1, 1, 1, 1, 1, 1, 0, 1
1, 0, 1, 1, 1, 1, 1, 1, 1, 1
1, 1, 0, 0, 0, 0, 0, 0, 0, 0
1, 1, 0, 0, 0, 0, 0, 0, 1, 0
1, 1, 0, 0, 0, 0, 0, 1, 0, 0
1, 1, 0, 0, 0, 0, 0, 1, 1, 0
1, 1, 0, 0, 0, 0, 1, 0, 0, 0
1, 1, 0, 0, 0, 0, 1, 0, 1, 0
1, 1, 0, 0, 0, 0, 1, 1, 0, 0
1, 1, 0, 0, 0, 0, 1, 1, 1, 0
1, 1, 0, 0, 0, 1, 0, 0, 0, 0
1, 1, 0, 0, 0, 1, 0, 0, 1, 0
1, 1, 0, 0, 0, 1, 0, 1, 0, 0
1, 1, 0, 0, 0, 1, 0, 1, 1, 0
1, 1, 0, 0, 0, 1, 1, 0, 0, 0
1, 1, 0, 0, 0, 1, 1, 0, 1, 0
1, 1, 0, 0, 0, 1, 1, 1, 0, 0
1, 1, 0, 0, 0, 1, 1, 1, 1, 0
1, 1, 0, 0, 1, 0, 0, 0, 0, 0
1, 1, 0, 0, 1, 0, 0, 0, 1, 0
1, 1, 0, 0, 1, 0, 0, 1, 0, 0
1, 1, 0, 0, 1, 0, 0, 1, 1, 0
1, 1, 0, 0, 1, 0, 1, 0, 0, 0
1, 1, 0, 0, 1, 0, 1, 0, 1, 0
1, 1, 0, 0, 1, 0, 1, 1, 0, 0
1, 1, 0, 0, 1, 0, 1, 1, 1, 0
1, 1, 0, 0, 1, 1, 0, 0, 0, 0
1, 1, 0, 0, 1, 1, 0, 0, 1, 0
1, 1, 0, 0, 1, 1, 0, 1, 0, 0
1, 1, 0, 0, 1, 1, 0, 1, 1, 0
1, 1, 0, 0, 1, 1, 1, 0, 0, 0
1, 1, 0, 0, 1, 1, 1, 0, 1, 0
1, 1, 0, 0, 1, 1, 1, 1, 0, 0
1, 1, 0, 0, 1, 1, 1, 1, 1, 0
1, 1, 0, 1, 0, 0, 0, 0, 0, 0
1, 1, 0, 1, 0, 0, 0, 0, 1, 0
1, 1, 0, 1, 0, 0, 0, 1, 0, 0
1, 1, 0, 1, 0, 0, 0, 1, 1, 0
1, 1, 0, 1, 0, 0, 1, 0, 0, 0
1, 1, 0, 1, 0, 0, 1, 0, 1, 0
1, 1, 0, 1, 0, 0, 1, 1, 0, 0
1, 1, 0, 1, 0, 0, 1, 1, 1, 0
1, 1, 0, 1, 0, 1, 0, 0, 0, 0
1, 1, 0, 1, 0, 1, 0, 0, 1, 0
1, 1, 0, 1, 0, 1, 0, 1, 0, 0
1, 1, 0, 1, 0, 1, 0, 1, 1, 0
1, 1, 0, 1, 0, 1, 1, 0, 0, 0
1, 1, 0, 1, 0, 1, 1, 0, 1, 0
1, 1, 0, 1, 0, 1, 1, 1, 0, 0
1, 1, 0, 1, 0, 1, 1, 1, 1, 0
1, 1, 0, 1, 1, 0, 0, 0, 0, 0
1, 1, 0, 1, 1, 0, 0, 0, 1, 0
1, 1, 0, 1, 1, 0, 0, 1, 0, 0
1, 1, 0, 1, 1, 0, 0, 1, 1, 0
1, 1, 0, 1, 1, 0, 1, 0, 0, 0
1, 1, 0, 1, 1, 0, 1, 0, 1, 0
1, 1, 0, 1, 1, 0, 1, 1, 0, 0
1, 1, 0, 1, 1, 0, 1, 1, 1, 0
1, 1, 0, 1, 1, 1, 0, 0, 0, 0
1, 1, 0, 1, 1, 1, 0, 0, 1, 0
1, 1, 0, 1, 1, 1, 0, 1, 0, 0
1, 1, 0, 1, 1, 1, 0, 1, 1, 0
1, 1, 0, 1, 1, 1, 1, 0, 0, 0
1, 1, 0, 1, 1, 1, 1, 0, 1, 0
1, 1, 0, 1, 1, 1, 1, 1, 0, 0
1, 1, 0, 1, 1, 1, 1, 1, 1, 0
1, 1, 1, 0, 0, 0, 0, 0, 0, 0
1, 1, 1, 0, 0, 0, 0, 0, 1, 0
1, 1, 1, 0, 0, 0, 0, 1, 0, 0
1, 1, 1, 0, 0, 0, 0, 1, 1, 0
1, 1, 1, 0, 0, 0, 1, 0, 0, 0
1, 1, 1, 0, 0, 0, 1, 0, 1, 0
1, 1, 1, 0, 0, 0, 1, 1, 0, 0
1, 1, 1, 0, 0, 0, 1, 1, 1, 0
1, 1, 1, 0, 0, 1, 0, 0, 0, 0
1, 1, 1, 0, 0, 1, 0, 0, 1, 0
1, 1, 1, 0, 0, 1, 0, 1, 0, 0
1, 1, 1, 0, 0, 1, 0, 1, 1, 0
1, 1, 1, 0, 0, 1, 1, 0, 0, 0
1, 1, 1, 0, 0, 1, 1, 0, 1, 0
1, 1, 1, 0, 0, 1, 1, 1, 0, 0
1, 1, 1, 0, 0, 1, 1, 1, 1, 0
1, 1, 1, 0, 1, 0, 0, 0, 0, 0
1, 1, 1, 0, 1, 0, 0, 0, 1, 0
1, 1, 1, 0, 1, 0, 0, 1, 0, 0
1, 1, 1, 0, 1, 0, 0, 1, 1, 0
1, 1, 1, 0, 1, 0, 1, 0, 0, 0
1, 1, 1, 0, 1, 0, 1, 0, 1, 0
1, 1, 1, 0, 1, 0, 1, 1, 0, 0
1, 1, 1, 0, 1, 0, 1, 1, 1, 0
1, 1, 1, 0, 1, 1, 0, 0, 0, 0
1, 1, 1, 0, 1, 1, 0, 0, 1, 0
1, 1, 1, 0, 1, 1, 0, 1, 0, 0
1, 1, 1, 0, 1, 1, 0, 1, 1, 0
1, 1, 1, 0, 1, 1, 1, 0, 0, 0
1, 1, 1, 0, 1, 1, 1, 0, 1, 0
1, 1, 1, 0, 1, 1, 1, 1, 0, 0
1, 1, 1, 0, 1, 1, 1, 1, 1, 0
1, 1, 1, 1, 0, 0, 0, 0, 0, 0
1, 1, 1, 1, 0, 0, 0, 0, 1, 0
1, 1, 1, 1, 0, 0, 0, 1, 0, 0
1, 1, 1, 1, 0, 0, 0, 1, 1, 0
1, 1, 1, 1, 0, 0, 1, 0, 0, 0
1, 1, 1, 1, 0, 0, 1, 0, 1, 0
1, 1, 1, 1, 0, 0, 1, 1, 0, 0
1, 1, 1, 1, 0, 0, 1, 1, 1, 0
1, 1, 1, 1, 0, 1, 0, 0, 0, 0
1, 1, 1, 1, 0, 1, 0, 0, 1, 0
1, 1, 1, 1, 0, 1, 0, 1, 0, 0
1, 1, 1, 1, 0, 1, 0, 1, 1, 0
1, 1, 1, 1, 0, 1, 1, 0, 0, 0
1, 1, 1, 1, 0, 1, 1, 0, 1, 0
1, 1, 1, 1, 0, 1, 1, 1, 0, 0
1, 1, 1, 1, 0, 1, 1, 1, 1, 0
1, 1, 1, 1, 1, 0, 0, 0, 0, 0
1, 1, 1, 1, 1, 0, 0, 0, 1, 0
1, 1, 1, 1, 1, 0, 0, 1, 0, 0
1, 1, 1, 1, 1, 0, 0, 1, 1, 0
1, 1, 1, 1, 1, 0, 1, 0, 0, 0
1, 1, 1, 1, 1, 0, 1, 0, 1, 0
1, 1, 1, 1, 1, 0, 1, 1, 0, 0
1, 1, 1, 1, 1, 0, 1, 1, 1, 0
1, 1, 1, 1, 1, 1, 0, 0, 0, 0
1, 1, 1, 1, 1, 1, 0, 0, 1, 0
1, 1, 1, 1, 1, 1, 0, 1, 0, 0
1, 1, 1, 1, 1, 1, 0, 1, 1, 0
1, 1, 1, 1, 1, 1, 1, 0, 0, 0
1, 1, 1, 1, 1, 1, 1, 0, 1, 0
1, 1, 1, 1, 1, 1, 1, 1, 0, 0
1, 1, 1, 1, 1, 1, 1, 1, 1, 0
# Meta2 (3MBz, Crc, ProX, RpoD, RpoH, RpoS, Upper, XylS, XylSh, m-xyl, Meta2)
0, 0, 0, 0, 0, 0, 0, 0, 0, 0, 0
0, 0, 0, 0, 0, 0, 0, 0, 0, 1, 0
0, 0, 0, 0, 0, 0, 0, 0, 1, 0, 0
0, 0, 0, 0, 0, 0, 0, 0, 1, 1, 0
0, 0, 0, 0, 0, 0, 0, 1, 0, 0, 0
0, 0, 0, 0, 0, 0, 0, 1, 0, 1, 0
0, 0, 0, 0, 0, 0, 0, 1, 1, 0, 0
0, 0, 0, 0, 0, 0, 0, 1, 1, 1, 0
0, 0, 0, 0, 0, 0, 1, 0, 0, 0, 0
0, 0, 0, 0, 0, 0, 1, 0, 0, 1, 0
0, 0, 0, 0, 0, 0, 1, 0, 1, 0, 0
0, 0, 0, 0, 0, 0, 1, 0, 1, 1, 0
0, 0, 0, 0, 0, 0, 1, 1, 0, 0, 0
0, 0, 0, 0, 0, 0, 1, 1, 0, 1, 0
0, 0, 0, 0, 0, 0, 1, 1, 1, 0, 0
0, 0, 0, 0, 0, 0, 1, 1, 1, 1, 0
0, 0, 0, 0, 0, 1, 0, 0, 0, 0, 0
0, 0, 0, 0, 0, 1, 0, 0, 0, 1, 0
0, 0, 0, 0, 0, 1, 0, 0, 1, 0, 1
0, 0, 0, 0, 0, 1, 0, 0, 1, 1, 1
0, 0, 0, 0, 0, 1, 0, 1, 0, 0, 0
0, 0, 0, 0, 0, 1, 0, 1, 0, 1, 0
0, 0, 0, 0, 0, 1, 0, 1, 1, 0, 1
0, 0, 0, 0, 0, 1, 0, 1, 1, 1, 1
0, 0, 0, 0, 0, 1, 1, 0, 0, 0, 0
0, 0, 0, 0, 0, 1, 1, 0, 0, 1, 0
0, 0, 0, 0, 0, 1, 1, 0, 1, 0, 1
0, 0, 0, 0, 0, 1, 1, 0, 1, 1, 1
0, 0, 0, 0, 0, 1, 1, 1, 0, 0, 0
0, 0, 0, 0, 0, 1, 1, 1, 0, 1, 1
0, 0, 0, 0, 0, 1, 1, 1, 1, 0, 1
0, 0, 0, 0, 0, 1, 1, 1, 1, 1, 1
0, 0, 0, 0, 1, 0, 0, 0, 0, 0, 0
0, 0, 0, 0, 1, 0, 0, 0, 0, 1, 0
0, 0, 0, 0, 1, 0, 0, 0, 1, 0, 1
0, 0, 0, 0, 1, 0, 0, 0, 1, 1, 1
0, 0, 0, 0, 1, 0, 0, 1, 0, 0, 0
0, 0, 0, 0, 1, 0, 0, 1, 0, 1, 0
0, 0, 0, 0, 1, 0, 0, 1, 1, 0, 1
0, 0, 0, 0, 1, 0, 0, 1, 1, 1, 1
0, 0, 0, 0, 1, 0, 1, 0, 0, 0, 0
0, 0, 0, 0, 1, 0, 1, 0, 0, 1, 0
0, 0, 0, 0, 1, 0, 1, 0, 1, 0, 1
0, 0, 0, 0, 1, 0, 1, 0, 1, 1, 1
0, 0, 0, 0, 1, 0, 1, 1, 0, 0, 0
0, 0, 0, 0, 1, 0, 1, 1, 0, 1, 1
0, 0, 0, 0, 1, 0, 1, 1, 1, 0, 1
0, 0, 0, 0, 1, 0, 1, 1, 1, 1, 1
0, 0, 0, 0, 1, 1, 0, 0, 0, 0, 0
0, 0, 0, 0, 1, 1, 0, 0, 0, 1, 0
0, 0, 0, 0, 1, 1, 0, 0, 1, 0, 1
0, 0, 0, 0, 1, 1, 0, 0, 1, 1, 1
0, 0, 0, 0, 1, 1, 0, 1, 0, 0, 0
0, 0, 0, 0, 1, 1, 0, 1, 0, 1, 0
0, 0, 0, 0, 1, 1, 0, 1, 1, 0, 1
0, 0, 0, 0, 1, 1, 0, 1, 1, 1, 1
0, 0, 0, 0, 1, 1, 1, 0, 0, 0, 0
0, 0, 0, 0, 1, 1, 1, 0, 0, 1, 0
0, 0, 0, 0, 1, 1, 1, 0, 1, 0, 1
0, 0, 0, 0, 1, 1, 1, 0, 1, 1, 1
0, 0, 0, 0, 1, 1, 1, 1, 0, 0, 0
0, 0, 0, 0, 1, 1, 1, 1, 0, 1, 1
0, 0, 0, 0, 1, 1, 1, 1, 1, 0, 1
0, 0, 0, 0, 1, 1, 1, 1, 1, 1, 1
0, 0, 0, 1, 0, 0, 0, 0, 0, 0, 0
0, 0, 0, 1, 0, 0, 0, 0, 0, 1, 0
0, 0, 0, 1, 0, 0, 0, 0, 1, 0, 1
0, 0, 0, 1, 0, 0, 0, 0, 1, 1, 1
0, 0, 0, 1, 0, 0, 0, 1, 0, 0, 0
0, 0, 0, 1, 0, 0, 0, 1, 0, 1, 0
0, 0, 0, 1, 0, 0, 0, 1, 1, 0, 1
0, 0, 0, 1, 0, 0, 0, 1, 1, 1, 1
0, 0, 0, 1, 0, 0, 1, 0, 0, 0, 0
0, 0, 0, 1, 0, 0, 1, 0, 0, 1, 0
0, 0, 0, 1, 0, 0, 1, 0, 1, 0, 1
0, 0, 0, 1, 0, 0, 1, 0, 1, 1, 1
0, 0, 0, 1, 0, 0, 1, 1, 0, 0, 0
0, 0, 0, 1, 0, 0, 1, 1, 0, 1, 1
0, 0, 0, 1, 0, 0, 1, 1, 1, 0, 1
0, 0, 0, 1, 0, 0, 1, 1, 1, 1, 1
0, 0, 0, 1, 0, 1, 0, 0, 0, 0, 0
0, 0, 0, 1, 0, 1, 0, 0, 0, 1, 0
0, 0, 0, 1, 0, 1, 0, 0, 1, 0, 1
0, 0, 0, 1, 0, 1, 0, 0, 1, 1, 1
0, 0, 0, 1, 0, 1, 0, 1, 0, 0, 0
0, 0, 0, 1, 0, 1, 0, 1, 0, 1, 0
0, 0, 0, 1, 0, 1, 0, 1, 1, 0, 1
0, 0, 0, 1, 0, 1, 0, 1, 1, 1, 1
0, 0, 0, 1, 0, 1, 1, 0, 0, 0, 0
0, 0, 0, 1, 0, 1, 1, 0, 0, 1, 0
0, 0, 0, 1, 0, 1, 1, 0, 1, 0, 1
0, 0, 0, 1, 0, 1, 1, 0, 1, 1, 1
0, 0, 0, 1, 0, 1, 1, 1, 0, 0, 0
0, 0, 0, 1, 0, 1, 1, 1, 0, 1, 1
0, 0, 0, 1, 0, 1, 1, 1, 1, 0, 1
0, 0, 0, 1, 0, 1, 1, 1, 1, 1, 1
0, 0, 0, 1, 1, 0, 0, 0, 0, 0, 0
0, 0, 0, 1, 1, 0, 0, 0, 0, 1, 0
0, 0, 0, 1, 1, 0, 0, 0, 1, 0, 1
0, 0, 0, 1, 1, 0, 0, 0, 1, 1, 1
0, 0, 0, 1, 1, 0, 0, 1, 0, 0, 0
0, 0, 0, 1, 1, 0, 0, 1, 0, 1, 0
0, 0, 0, 1, 1, 0, 0, 1, 1, 0, 1
0, 0, 0, 1, 1, 0, 0, 1, 1, 1, 1
0, 0, 0, 1, 1, 0, 1, 0, 0, 0, 0
0, 0, 0, 1, 1, 0, 1, 0, 0, 1, 0
0, 0, 0, 1, 1, 0, 1, 0, 1, 0, 1
0, 0, 0, 1, 1, 0, 1, 0, 1, 1, 1
0, 0, 0, 1, 1, 0, 1, 1, 0, 0, 0
0, 0, 0, 1, 1, 0, 1, 1, 0, 1, 1
0, 0, 0, 1, 1, 0, 1, 1, 1, 0, 1
0, 0, 0, 1, 1, 0, 1, 1, 1, 1, 1
0, 0, 0, 1, 1, 1, 0, 0, 0, 0, 0
0, 0, 0, 1, 1, 1, 0, 0, 0, 1, 0
0, 0, 0, 1, 1, 1, 0, 0, 1, 0, 1
0, 0, 0, 1, 1, 1, 0, 0, 1, 1, 1
0, 0, 0, 1, 1, 1, 0, 1, 0, 0, 0
0, 0, 0, 1, 1, 1, 0, 1, 0, 1, 0
0, 0, 0, 1, 1, 1, 0, 1, 1, 0, 1
0, 0, 0, 1, 1, 1, 0, 1, 1, 1, 1
0, 0, 0, 1, 1, 1, 1, 0, 0, 0, 0
0, 0, 0, 1, 1, 1, 1, 0, 0, 1, 0
0, 0, 0, 1, 1, 1, 1, 0, 1, 0, 1
0, 0, 0, 1, 1, 1, 1, 0, 1, 1, 1
0, 0, 0, 1, 1, 1, 1, 1, 0, 0, 0
0, 0, 0, 1, 1, 1, 1, 1, 0, 1, 1
0, 0, 0, 1, 1, 1, 1, 1, 1, 0, 1
0, 0, 0, 1, 1, 1, 1, 1, 1, 1, 1
0, 0, 1, 0, 0, 0, 0, 0, 0, 0, 0
0, 0, 1, 0, 0, 0, 0, 0, 0, 1, 0
0, 0, 1, 0, 0, 0, 0, 0, 1, 0, 0
0, 0, 1, 0, 0, 0, 0, 0, 1, 1, 0
0, 0, 1, 0, 0, 0, 0, 1, 0, 0, 0
0, 0, 1, 0, 0, 0, 0, 1, 0, 1, 0
0, 0, 1, 0, 0, 0, 0, 1, 1, 0, 0
0, 0, 1, 0, 0, 0, 0, 1, 1, 1, 0
0, 0, 1, 0, 0, 0, 1, 0, 0, 0, 0
0, 0, 1, 0, 0, 0, 1, 0, 0, 1, 0
0, 0, 1, 0, 0, 0, 1, 0, 1, 0, 0
0, 0, 1, 0, 0, 0, 1, 0, 1, 1, 0
0, 0, 1, 0, 0, 0, 1, 1, 0, 0, 0
0, 0, 1, 0, 0, 0, 1, 1, 0, 1, 0
0, 0, 1, 0, 0, 0, 1, 1, 1, 0, 0
0, 0, 1, 0, 0, 0, 1, 1, 1, 1, 0
0, 0, 1, 0, 0, 1, 0, 0, 0, 0, 0
0, 0, 1, 0, 0, 1, 0, 0, 0, 1, 0
0, 0, 1, 0, 0, 1, 0, 0, 1, 0, 0
0, 0, 1, 0, 0, 1, 0, 0, 1, 1, 0
0, 0, 1, 0, 0, 1, 0, 1, 0, 0, 0
0, 0, 1, 0, 0, 1, 0, 1, 0, 1, 0
0, 0, 1, 0, 0, 1, 0, 1, 1, 0, 0
0, 0, 1, 0, 0, 1, 0, 1, 1, 1, 0
0, 0, 1, 0, 0, 1, 1, 0, 0, 0, 0
0, 0, 1, 0, 0, 1, 1, 0, 0, 1, 0
0, 0, 1, 0, 0, 1, 1, 0, 1, 0, 0
0, 0, 1, 0, 0, 1, 1, 0, 1, 1, 0
0, 0, 1, 0, 0, 1, 1, 1, 0, 0, 0
0, 0, 1, 0, 0, 1, 1, 1, 0, 1, 0
0, 0, 1, 0, 0, 1, 1, 1, 1, 0, 0
0, 0, 1, 0, 0, 1, 1, 1, 1, 1, 0
0, 0, 1, 0, 1, 0, 0, 0, 0, 0, 0
0, 0, 1, 0, 1, 0, 0, 0, 0, 1, 0
0, 0, 1, 0, 1, 0, 0, 0, 1, 0, 0
0, 0, 1, 0, 1, 0, 0, 0, 1, 1, 0
0, 0, 1, 0, 1, 0, 0, 1, 0, 0, 0
0, 0, 1, 0, 1, 0, 0, 1, 0, 1, 0
0, 0, 1, 0, 1, 0, 0, 1, 1, 0, 0
0, 0, 1, 0, 1, 0, 0, 1, 1, 1, 0
0, 0, 1, 0, 1, 0, 1, 0, 0, 0, 0
0, 0, 1, 0, 1, 0, 1, 0, 0, 1, 0
0, 0, 1, 0, 1, 0, 1, 0, 1, 0, 0
0, 0, 1, 0, 1, 0, 1, 0, 1, 1, 0
0, 0, 1, 0, 1, 0, 1, 1, 0, 0, 0
0, 0, 1, 0, 1, 0, 1, 1, 0, 1, 0
0, 0, 1, 0, 1, 0, 1, 1, 1, 0, 0
0, 0, 1, 0, 1, 0, 1, 1, 1, 1, 0
0, 0, 1, 0, 1, 1, 0, 0, 0, 0, 0
0, 0, 1, 0, 1, 1, 0, 0, 0, 1, 0
0, 0, 1, 0, 1, 1, 0, 0, 1, 0, 0
0, 0, 1, 0, 1, 1, 0, 0, 1, 1, 0
0, 0, 1, 0, 1, 1, 0, 1, 0, 0, 0
0, 0, 1, 0, 1, 1, 0, 1, 0, 1, 0
0, 0, 1, 0, 1, 1, 0, 1, 1, 0, 0
0, 0, 1, 0, 1, 1, 0, 1, 1, 1, 0
0, 0, 1, 0, 1, 1, 1, 0, 0, 0, 0
0, 0, 1, 0, 1, 1, 1, 0, 0, 1, 0
0, 0, 1, 0, 1, 1, 1, 0, 1, 0, 0
0, 0, 1, 0, 1, 1, 1, 0, 1, 1, 0
0, 0, 1, 0, 1, 1, 1, 1, 0, 0, 0
0, 0, 1, 0, 1, 1, 1, 1, 0, 1, 0
0, 0, 1, 0, 1, 1, 1, 1, 1, 0, 0
0, 0, 1, 0, 1, 1, 1, 1, 1, 1, 0
0, 0, 1, 1, 0, 0, 0, 0, 0, 0, 0
0, 0, 1, 1, 0, 0, 0, 0, 0, 1, 0
0, 0, 1, 1, 0, 0, 0, 0, 1, 0, 0
0, 0, 1, 1, 0, 0, 0, 0, 1, 1, 0
0, 0, 1, 1, 0, 0, 0, 1, 0, 0, 0
0, 0, 1, 1, 0, 0, 0, 1, 0, 1, 0
0, 0, 1, 1, 0, 0, 0, 1, 1, 0, 0
0, 0, 1, 1, 0, 0, 0, 1, 1, 1, 0
0, 0, 1, 1, 0, 0, 1, 0, 0, 0, 0
0, 0, 1, 1, 0, 0, 1, 0, 0, 1, 0
0, 0, 1, 1, 0, 0, 1, 0, 1, 0, 0
0, 0, 1, 1, 0, 0, 1, 0, 1, 1, 0
0, 0, 1, 1, 0, 0, 1, 1, 0, 0, 0
0, 0, 1, 1, 0, 0, 1, 1, 0, 1, 0
0, 0, 1, 1, 0, 0, 1, 1, 1, 0, 0
0, 0, 1, 1, 0, 0, 1, 1, 1, 1, 0
0, 0, 1, 1, 0, 1, 0, 0, 0, 0, 0
0, 0, 1, 1, 0, 1, 0, 0, 0, 1, 0
0, 0, 1, 1, 0, 1, 0, 0, 1, 0, 0
0, 0, 1, 1, 0, 1, 0, 0, 1, 1, 0
0, 0, 1, 1, 0, 1, 0, 1, 0, 0, 0
0, 0, 1, 1, 0, 1, 0, 1, 0, 1, 0
0, 0, 1, 1, 0, 1, 0, 1, 1, 0, 0
0, 0, 1, 1, 0, 1, 0, 1, 1, 1, 0
0, 0, 1, 1, 0, 1, 1, 0, 0, 0, 0
0, 0, 1, 1, 0, 1, 1, 0, 0, 1, 0
0, 0, 1, 1, 0, 1, 1, 0, 1, 0, 0
0, 0, 1, 1, 0, 1, 1, 0, 1, 1, 0
0, 0, 1, 1, 0, 1, 1, 1, 0, 0, 0
0, 0, 1, 1, 0, 1, 1, 1, 0, 1, 0
0, 0, 1, 1, 0, 1, 1, 1, 1, 0, 0
0, 0, 1, 1, 0, 1, 1, 1, 1, 1, 0
0, 0, 1, 1, 1, 0, 0, 0, 0, 0, 0
0, 0, 1, 1, 1, 0, 0, 0, 0, 1, 0
0, 0, 1, 1, 1, 0, 0, 0, 1, 0, 0
0, 0, 1, 1, 1, 0, 0, 0, 1, 1, 0
0, 0, 1, 1, 1, 0, 0, 1, 0, 0, 0
0, 0, 1, 1, 1, 0, 0, 1, 0, 1, 0
0, 0, 1, 1, 1, 0, 0, 1, 1, 0, 0
0, 0, 1, 1, 1, 0, 0, 1, 1, 1, 0
0, 0, 1, 1, 1, 0, 1, 0, 0, 0, 0
0, 0, 1, 1, 1, 0, 1, 0, 0, 1, 0
0, 0, 1, 1, 1, 0, 1, 0, 1, 0, 0
0, 0, 1, 1, 1, 0, 1, 0, 1, 1, 0
0, 0, 1, 1, 1, 0, 1, 1, 0, 0, 0
0, 0, 1, 1, 1, 0, 1, 1, 0, 1, 0
0, 0, 1, 1, 1, 0, 1, 1, 1, 0, 0
0, 0, 1, 1, 1, 0, 1, 1, 1, 1, 0
0, 0, 1, 1, 1, 1, 0, 0, 0, 0, 0
0, 0, 1, 1, 1, 1, 0, 0, 0, 1, 0
0, 0, 1, 1, 1, 1, 0, 0, 1, 0, 0
0, 0, 1, 1, 1, 1, 0, 0, 1, 1, 0
0, 0, 1, 1, 1, 1, 0, 1, 0, 0, 0
0, 0, 1, 1, 1, 1, 0, 1, 0, 1, 0
0, 0, 1, 1, 1, 1, 0, 1, 1, 0, 0
0, 0, 1, 1, 1, 1, 0, 1, 1, 1, 0
0, 0, 1, 1, 1, 1, 1, 0, 0, 0, 0
0, 0, 1, 1, 1, 1, 1, 0, 0, 1, 0
0, 0, 1, 1, 1, 1, 1, 0, 1, 0, 0
0, 0, 1, 1, 1, 1, 1, 0, 1, 1, 0
0, 0, 1, 1, 1, 1, 1, 1, 0, 0, 0
0, 0, 1, 1, 1, 1, 1, 1, 0, 1, 0
0, 0, 1, 1, 1, 1, 1, 1, 1, 0, 0
0, 0, 1, 1, 1, 1, 1, 1, 1, 1, 0
0, 1, 0, 0, 0, 0, 0, 0, 0, 0, 0
0, 1, 0, 0, 0, 0, 0, 0, 0, 1, 0
0, 1, 0, 0, 0, 0, 0, 0, 1, 0, 0
0, 1, 0, 0, 0, 0, 0, 0, 1, 1, 0
0, 1, 0, 0, 0, 0, 0, 1, 0, 0, 0
0, 1, 0, 0, 0, 0, 0, 1, 0, 1, 0
0, 1, 0, 0, 0, 0, 0, 1, 1, 0, 0
0, 1, 0, 0, 0, 0, 0, 1, 1, 1, 0
0, 1, 0, 0, 0, 0, 1, 0, 0, 0, 0
0, 1, 0, 0, 0, 0, 1, 0, 0, 1, 0
0, 1, 0, 0, 0, 0, 1, 0, 1, 0, 0
0, 1, 0, 0, 0, 0, 1, 0, 1, 1, 0
0, 1, 0, 0, 0, 0, 1, 1, 0, 0, 0
0, 1, 0, 0, 0, 0, 1, 1, 0, 1, 0
0, 1, 0, 0, 0, 0, 1, 1, 1, 0, 0
0, 1, 0, 0, 0, 0, 1, 1, 1, 1, 0
0, 1, 0, 0, 0, 1, 0, 0, 0, 0, 0
0, 1, 0, 0, 0, 1, 0, 0, 0, 1, 0
0, 1, 0, 0, 0, 1, 0, 0, 1, 0, 0
0, 1, 0, 0, 0, 1, 0, 0, 1, 1, 0
0, 1, 0, 0, 0, 1, 0, 1, 0, 0, 0
0, 1, 0, 0, 0, 1, 0, 1, 0, 1, 0
0, 1, 0, 0, 0, 1, 0, 1, 1, 0, 0
0, 1, 0, 0, 0, 1, 0, 1, 1, 1, 0
0, 1, 0, 0, 0, 1, 1, 0, 0, 0, 0
0, 1, 0, 0, 0, 1, 1, 0, 0, 1, 0
0, 1, 0, 0, 0, 1, 1, 0, 1, 0, 0
0, 1, 0, 0, 0, 1, 1, 0, 1, 1, 0
0, 1, 0, 0, 0, 1, 1, 1, 0, 0, 0
0, 1, 0, 0, 0, 1, 1, 1, 0, 1, 0
0, 1, 0, 0, 0, 1, 1, 1, 1, 0, 0
0, 1, 0, 0, 0, 1, 1, 1, 1, 1, 0
0, 1, 0, 0, 1, 0, 0, 0, 0, 0, 0
0, 1, 0, 0, 1, 0, 0, 0, 0, 1, 0
0, 1, 0, 0, 1, 0, 0, 0, 1, 0, 0
0, 1, 0, 0, 1, 0, 0, 0, 1, 1, 0
0, 1, 0, 0, 1, 0, 0, 1, 0, 0, 0
0, 1, 0, 0, 1, 0, 0, 1, 0, 1, 0
0, 1, 0, 0, 1, 0, 0, 1, 1, 0, 0
0, 1, 0, 0, 1, 0, 0, 1, 1, 1, 0
0, 1, 0, 0, 1, 0, 1, 0, 0, 0, 0
0, 1, 0, 0, 1, 0, 1, 0, 0, 1, 0
0, 1, 0, 0, 1, 0, 1, 0, 1, 0, 0
0, 1, 0, 0, 1, 0, 1, 0, 1, 1, 0
0, 1, 0, 0, 1, 0, 1, 1, 0, 0, 0
0, 1, 0, 0, 1, 0, 1, 1, 0, 1, 0
0, 1, 0, 0, 1, 0, 1, 1, 1, 0, 0
0, 1, 0, 0, 1, 0, 1, 1, 1, 1, 0
0, 1, 0, 0, 1, 1, 0, 0, 0, 0, 0
0, 1, 0, 0, 1, 1, 0, 0, 0, 1, 0
0, 1, 0, 0, 1, 1, 0, 0, 1, 0, 0
0, 1, 0, 0, 1, 1, 0, 0, 1, 1, 0
0, 1, 0, 0, 1, 1, 0, 1, 0, 0, 0
0, 1, 0, 0, 1, 1, 0, 1, 0, 1, 0
0, 1, 0, 0, 1, 1, 0, 1, 1, 0, 0
0, 1, 0, 0, 1, 1, 0, 1, 1, 1, 0
0, 1, 0, 0, 1, 1, 1, 0, 0, 0, 0
0, 1, 0, 0, 1, 1, 1, 0, 0, 1, 0
0, 1, 0, 0, 1, 1, 1, 0, 1, 0, 0
0, 1, 0, 0, 1, 1, 1, 0, 1, 1, 0
0, 1, 0, 0, 1, 1, 1, 1, 0, 0, 0
0, 1, 0, 0, 1, 1, 1, 1, 0, 1, 0
0, 1, 0, 0, 1, 1, 1, 1, 1, 0, 0
0, 1, 0, 0, 1, 1, 1, 1, 1, 1, 0
0, 1, 0, 1, 0, 0, 0, 0, 0, 0, 0
0, 1, 0, 1, 0, 0, 0, 0, 0, 1, 0
0, 1, 0, 1, 0, 0, 0, 0, 1, 0, 0
0, 1, 0, 1, 0, 0, 0, 0, 1, 1, 0
0, 1, 0, 1, 0, 0, 0, 1, 0, 0, 0
0, 1, 0, 1, 0, 0, 0, 1, 0, 1, 0
0, 1, 0, 1, 0, 0, 0, 1, 1, 0, 0
0, 1, 0, 1, 0, 0, 0, 1, 1, 1, 0
0, 1, 0, 1, 0, 0, 1, 0, 0, 0, 0
0, 1, 0, 1, 0, 0, 1, 0, 0, 1, 0
0, 1, 0, 1, 0, 0, 1, 0, 1, 0, 0
0, 1, 0, 1, 0, 0, 1, 0, 1, 1, 0
0, 1, 0, 1, 0, 0, 1, 1, 0, 0, 0
0, 1, 0, 1, 0, 0, 1, 1, 0, 1, 0
0, 1, 0, 1, 0, 0, 1, 1, 1, 0, 0
0, 1, 0, 1, 0, 0, 1, 1, 1, 1, 0
0, 1, 0, 1, 0, 1, 0, 0, 0, 0, 0
0, 1, 0, 1, 0, 1, 0, 0, 0, 1, 0
0, 1, 0, 1, 0, 1, 0, 0, 1, 0, 0
0, 1, 0, 1, 0, 1, 0, 0, 1, 1, 0
0, 1, 0, 1, 0, 1, 0, 1, 0, 0, 0
0, 1, 0, 1, 0, 1, 0, 1, 0, 1, 0
0, 1, 0, 1, 0, 1, 0, 1, 1, 0, 0
0, 1, 0, 1, 0, 1, 0, 1, 1, 1, 0
0, 1, 0, 1, 0, 1, 1, 0, 0, 0, 0
0, 1, 0, 1, 0, 1, 1, 0, 0, 1, 0
0, 1, 0, 1, 0, 1, 1, 0, 1, 0, 0
0, 1, 0, 1, 0, 1, 1, 0, 1, 1, 0
0, 1, 0, 1, 0, 1, 1, 1, 0, 0, 0
0, 1, 0, 1, 0, 1, 1, 1, 0, 1, 0
0, 1, 0, 1, 0, 1, 1, 1, 1, 0, 0
0, 1, 0, 1, 0, 1, 1, 1, 1, 1, 0
0, 1, 0, 1, 1, 0, 0, 0, 0, 0, 0
0, 1, 0, 1, 1, 0, 0, 0, 0, 1, 0
0, 1, 0, 1, 1, 0, 0, 0, 1, 0, 0
0, 1, 0, 1, 1, 0, 0, 0, 1, 1, 0
0, 1, 0, 1, 1, 0, 0, 1, 0, 0, 0
0, 1, 0, 1, 1, 0, 0, 1, 0, 1, 0
0, 1, 0, 1, 1, 0, 0, 1, 1, 0, 0
0, 1, 0, 1, 1, 0, 0, 1, 1, 1, 0
0, 1, 0, 1, 1, 0, 1, 0, 0, 0, 0
0, 1, 0, 1, 1, 0, 1, 0, 0, 1, 0
0, 1, 0, 1, 1, 0, 1, 0, 1, 0, 0
0, 1, 0, 1, 1, 0, 1, 0, 1, 1, 0
0, 1, 0, 1, 1, 0, 1, 1, 0, 0, 0
0, 1, 0, 1, 1, 0, 1, 1, 0, 1, 0
0, 1, 0, 1, 1, 0, 1, 1, 1, 0, 0
0, 1, 0, 1, 1, 0, 1, 1, 1, 1, 0
0, 1, 0, 1, 1, 1, 0, 0, 0, 0, 0
0, 1, 0, 1, 1, 1, 0, 0, 0, 1, 0
0, 1, 0, 1, 1, 1, 0, 0, 1, 0, 0
0, 1, 0, 1, 1, 1, 0, 0, 1, 1, 0
0, 1, 0, 1, 1, 1, 0, 1, 0, 0, 0
0, 1, 0, 1, 1, 1, 0, 1, 0, 1, 0
0, 1, 0, 1, 1, 1, 0, 1, 1, 0, 0
0, 1, 0, 1, 1, 1, 0, 1, 1, 1, 0
0, 1, 0, 1, 1, 1, 1, 0, 0, 0, 0
0, 1, 0, 1, 1, 1, 1, 0, 0, 1, 0
0, 1, 0, 1, 1, 1, 1, 0, 1, 0, 0
0, 1, 0, 1, 1, 1, 1, 0, 1, 1, 0
0, 1, 0, 1, 1, 1, 1, 1, 0, 0, 0
0, 1, 0, 1, 1, 1, 1, 1, 0, 1, 0
0, 1, 0, 1, 1, 1, 1, 1, 1, 0, 0
0, 1, 0, 1, 1, 1, 1, 1, 1, 1, 0
0, 1, 1, 0, 0, 0, 0, 0, 0, 0, 0
0, 1, 1, 0, 0, 0, 0, 0, 0, 1, 0
0, 1, 1, 0, 0, 0, 0, 0, 1, 0, 0
0, 1, 1, 0, 0, 0, 0, 0, 1, 1, 0
0, 1, 1, 0, 0, 0, 0, 1, 0, 0, 0
0, 1, 1, 0, 0, 0, 0, 1, 0, 1, 0
0, 1, 1, 0, 0, 0, 0, 1, 1, 0, 0
0, 1, 1, 0, 0, 0, 0, 1, 1, 1, 0
0, 1, 1, 0, 0, 0, 1, 0, 0, 0, 0
0, 1, 1, 0, 0, 0, 1, 0, 0, 1, 0
0, 1, 1, 0, 0, 0, 1, 0, 1, 0, 0
0, 1, 1, 0, 0, 0, 1, 0, 1, 1, 0
0, 1, 1, 0, 0, 0, 1, 1, 0, 0, 0
0, 1, 1, 0, 0, 0, 1, 1, 0, 1, 0
0, 1, 1, 0, 0, 0, 1, 1, 1, 0, 0
0, 1, 1, 0, 0, 0, 1, 1, 1, 1, 0
0, 1, 1, 0, 0, 1, 0, 0, 0, 0, 0
0, 1, 1, 0, 0, 1, 0, 0, 0, 1, 0
0, 1, 1, 0, 0, 1, 0, 0, 1, 0, 0
0, 1, 1, 0, 0, 1, 0, 0, 1, 1, 0
0, 1, 1, 0, 0, 1, 0, 1, 0, 0, 0
0, 1, 1, 0, 0, 1, 0, 1, 0, 1, 0
0, 1, 1, 0, 0, 1, 0, 1, 1, 0, 0
0, 1, 1, 0, 0, 1, 0, 1, 1, 1, 0
0, 1, 1, 0, 0, 1, 1, 0, 0, 0, 0
0, 1, 1, 0, 0, 1, 1, 0, 0, 1, 0
0, 1, 1, 0, 0, 1, 1, 0, 1, 0, 0
0, 1, 1, 0, 0, 1, 1, 0, 1, 1, 0
0, 1, 1, 0, 0, 1, 1, 1, 0, 0, 0
0, 1, 1, 0, 0, 1, 1, 1, 0, 1, 0
0, 1, 1, 0, 0, 1, 1, 1, 1, 0, 0
0, 1, 1, 0, 0, 1, 1, 1, 1, 1, 0
0, 1, 1, 0, 1, 0, 0, 0, 0, 0, 0
0, 1, 1, 0, 1, 0, 0, 0, 0, 1, 0
0, 1, 1, 0, 1, 0, 0, 0, 1, 0, 0
0, 1, 1, 0, 1, 0, 0, 0, 1, 1, 0
0, 1, 1, 0, 1, 0, 0, 1, 0, 0, 0
0, 1, 1, 0, 1, 0, 0, 1, 0, 1, 0
0, 1, 1, 0, 1, 0, 0, 1, 1, 0, 0
0, 1, 1, 0, 1, 0, 0, 1, 1, 1, 0
0, 1, 1, 0, 1, 0, 1, 0, 0, 0, 0
0, 1, 1, 0, 1, 0, 1, 0, 0, 1, 0
0, 1, 1, 0, 1, 0, 1, 0, 1, 0, 0
0, 1, 1, 0, 1, 0, 1, 0, 1, 1, 0
0, 1, 1, 0, 1, 0, 1, 1, 0, 0, 0
0, 1, 1, 0, 1, 0, 1, 1, 0, 1, 0
0, 1, 1, 0, 1, 0, 1, 1, 1, 0, 0
0, 1, 1, 0, 1, 0, 1, 1, 1, 1, 0
0, 1, 1, 0, 1, 1, 0, 0, 0, 0, 0
0, 1, 1, 0, 1, 1, 0, 0, 0, 1, 0
0, 1, 1, 0, 1, 1, 0, 0, 1, 0, 0
0, 1, 1, 0, 1, 1, 0, 0, 1, 1, 0
0, 1, 1, 0, 1, 1, 0, 1, 0, 0, 0
0, 1, 1, 0, 1, 1, 0, 1, 0, 1, 0
0, 1, 1, 0, 1, 1, 0, 1, 1, 0, 0
0, 1, 1, 0, 1, 1, 0, 1, 1, 1, 0
0, 1, 1, 0, 1, 1, 1, 0, 0, 0, 0
0, 1, 1, 0, 1, 1, 1, 0, 0, 1, 0
0, 1, 1, 0, 1, 1, 1, 0, 1, 0, 0
0, 1, 1, 0, 1, 1, 1, 0, 1, 1, 0
0, 1, 1, 0, 1, 1, 1, 1, 0, 0, 0
0, 1, 1, 0, 1, 1, 1, 1, 0, 1, 0
0, 1, 1, 0, 1, 1, 1, 1, 1, 0, 0
0, 1, 1, 0, 1, 1, 1, 1, 1, 1, 0
0, 1, 1, 1, 0, 0, 0, 0, 0, 0, 0
0, 1, 1, 1, 0, 0, 0, 0, 0, 1, 0
0, 1, 1, 1, 0, 0, 0, 0, 1, 0, 0
0, 1, 1, 1, 0, 0, 0, 0, 1, 1, 0
0, 1, 1, 1, 0, 0, 0, 1, 0, 0, 0
0, 1, 1, 1, 0, 0, 0, 1, 0, 1, 0
0, 1, 1, 1, 0, 0, 0, 1, 1, 0, 0
0, 1, 1, 1, 0, 0, 0, 1, 1, 1, 0
0, 1, 1, 1, 0, 0, 1, 0, 0, 0, 0
0, 1, 1, 1, 0, 0, 1, 0, 0, 1, 0
0, 1, 1, 1, 0, 0, 1, 0, 1, 0, 0
0, 1, 1, 1, 0, 0, 1, 0, 1, 1, 0
0, 1, 1, 1, 0, 0, 1, 1, 0, 0, 0
0, 1, 1, 1, 0, 0, 1, 1, 0, 1, 0
0, 1, 1, 1, 0, 0, 1, 1, 1, 0, 0
0, 1, 1, 1, 0, 0, 1, 1, 1, 1, 0
0, 1, 1, 1, 0, 1, 0, 0, 0, 0, 0
0, 1, 1, 1, 0, 1, 0, 0, 0, 1, 0
0, 1, 1, 1, 0, 1, 0, 0, 1, 0, 0
0, 1, 1, 1, 0, 1, 0, 0, 1, 1, 0
0, 1, 1, 1, 0, 1, 0, 1, 0, 0, 0
0, 1, 1, 1, 0, 1, 0, 1, 0, 1, 0
0, 1, 1, 1, 0, 1, 0, 1, 1, 0, 0
0, 1, 1, 1, 0, 1, 0, 1, 1, 1, 0
0, 1, 1, 1, 0, 1, 1, 0, 0, 0, 0
0, 1, 1, 1, 0, 1, 1, 0, 0, 1, 0
0, 1, 1, 1, 0, 1, 1, 0, 1, 0, 0
0, 1, 1, 1, 0, 1, 1, 0, 1, 1, 0
0, 1, 1, 1, 0, 1, 1, 1, 0, 0, 0
0, 1, 1, 1, 0, 1, 1, 1, 0, 1, 0
0, 1, 1, 1, 0, 1, 1, 1, 1, 0, 0
0, 1, 1, 1, 0, 1, 1, 1, 1, 1, 0
0, 1, 1, 1, 1, 0, 0, 0, 0, 0, 0
0, 1, 1, 1, 1, 0, 0, 0, 0, 1, 0
0, 1, 1, 1, 1, 0, 0, 0, 1, 0, 0
0, 1, 1, 1, 1, 0, 0, 0, 1, 1, 0
0, 1, 1, 1, 1, 0, 0, 1, 0, 0, 0
0, 1, 1, 1, 1, 0, 0, 1, 0, 1, 0
0, 1, 1, 1, 1, 0, 0, 1, 1, 0, 0
0, 1, 1, 1, 1, 0, 0, 1, 1, 1, 0
0, 1, 1, 1, 1, 0, 1, 0, 0, 0, 0
0, 1, 1, 1, 1, 0, 1, 0, 0, 1, 0
0, 1, 1, 1, 1, 0, 1, 0, 1, 0, 0
0, 1, 1, 1, 1, 0, 1, 0, 1, 1, 0
0, 1, 1, 1, 1, 0, 1, 1, 0, 0, 0
0, 1, 1, 1, 1, 0, 1, 1, 0, 1, 0
0, 1, 1, 1, 1, 0, 1, 1, 1, 0, 0
0, 1, 1, 1, 1, 0, 1, 1, 1, 1, 0
0, 1, 1, 1, 1, 1, 0, 0, 0, 0, 0
0, 1, 1, 1, 1, 1, 0, 0, 0, 1, 0
0, 1, 1, 1, 1, 1, 0, 0, 1, 0, 0
0, 1, 1, 1, 1, 1, 0, 0, 1, 1, 0
0, 1, 1, 1, 1, 1, 0, 1, 0, 0, 0
0, 1, 1, 1, 1, 1, 0, 1, 0, 1, 0
0, 1, 1, 1, 1, 1, 0, 1, 1, 0, 0
0, 1, 1, 1, 1, 1, 0, 1, 1, 1, 0
0, 1, 1, 1, 1, 1, 1, 0, 0, 0, 0
0, 1, 1, 1, 1, 1, 1, 0, 0, 1, 0
0, 1, 1, 1, 1, 1, 1, 0, 1, 0, 0
0, 1, 1, 1, 1, 1, 1, 0, 1, 1, 0
0, 1, 1, 1, 1, 1, 1, 1, 0, 0, 0
0, 1, 1, 1, 1, 1, 1, 1, 0, 1, 0
0, 1, 1, 1, 1, 1, 1, 1, 1, 0, 0
0, 1, 1, 1, 1, 1, 1, 1, 1, 1, 0
1, 0, 0, 0, 0, 0, 0, 0, 0, 0, 0
1, 0, 0, 0, 0, 0, 0, 0, 0, 1, 0
1, 0, 0, 0, 0, 0, 0, 0, 1, 0, 0
1, 0, 0, 0, 0, 0, 0, 0, 1, 1, 0
1, 0, 0, 0, 0, 0, 0, 1, 0, 0, 0
1, 0, 0, 0, 0, 0, 0, 1, 0, 1, 0
1, 0, 0, 0, 0, 0, 0, 1, 1, 0, 0
1, 0, 0, 0, 0, 0, 0, 1, 1, 1, 0
1, 0, 0, 0, 0, 0, 1, 0, 0, 0, 0
1, 0, 0, 0, 0, 0, 1, 0, 0, 1, 0
1, 0, 0, 0, 0, 0, 1, 0, 1, 0, 0
1, 0, 0, 0, 0, 0, 1, 0, 1, 1, 0
1, 0, 0, 0, 0, 0, 1, 1, 0, 0, 0
1, 0, 0, 0, 0, 0, 1, 1, 0, 1, 0
1, 0, 0, 0, 0, 0, 1, 1, 1, 0, 0
1, 0, 0, 0, 0, 0, 1, 1, 1, 1, 0
1, 0, 0, 0, 0, 1, 0, 0, 0, 0, 0
1, 0, 0, 0, 0, 1, 0, 0, 0, 1, 0
1, 0, 0, 0, 0, 1, 0, 0, 1, 0, 1
1, 0, 0, 0, 0, 1, 0, 0, 1, 1, 1
1, 0, 0, 0, 0, 1, 0, 1, 0, 0, 1
1, 0, 0, 0, 0, 1, 0, 1, 0, 1, 1
1, 0, 0, 0, 0, 1, 0, 1, 1, 0, 1
1, 0, 0, 0, 0, 1, 0, 1, 1, 1, 1
1, 0, 0, 0, 0, 1, 1, 0, 0, 0, 0
1, 0, 0, 0, 0, 1, 1, 0, 0, 1, 0
1, 0, 0, 0, 0, 1, 1, 0, 1, 0, 1
1, 0, 0, 0, 0, 1, 1, 0, 1, 1, 1
1, 0, 0, 0, 0, 1, 1, 1, 0, 0, 1
1, 0, 0, 0, 0, 1, 1, 1, 0, 1, 1
1, 0, 0, 0, 0, 1, 1, 1, 1, 0, 1
1, 0, 0, 0, 0, 1, 1, 1, 1, 1, 1
1, 0, 0, 0, 1, 0, 0, 0, 0, 0, 0
1, 0, 0, 0, 1, 0, 0, 0, 0, 1, 0
1, 0, 0, 0, 1, 0, 0, 0, 1, 0, 1
1, 0, 0, 0, 1, 0, 0, 0, 1, 1, 1
1, 0, 0, 0, 1, 0, 0, 1, 0, 0, 1
1, 0, 0, 0, 1, 0, 0, 1, 0, 1, 1
1, 0, 0, 0, 1, 0, 0, 1, 1, 0, 1
1, 0, 0, 0, 1, 0, 0, 1, 1, 1, 1
1, 0, 0, 0, 1, 0, 1, 0, 0, 0, 0
1, 0, 0, 0, 1, 0, 1, 0, 0, 1, 0
1, 0, 0, 0, 1, 0, 1, 0, 1, 0, 1
1, 0, 0, 0, 1, 0, 1, 0, 1, 1, 1
1, 0, 0, 0, 1, 0, 1, 1, 0, 0, 1
1, 0, 0, 0, 1, 0, 1, 1, 0, 1, 1
1, 0, 0, 0, 1, 0, 1, 1, 1, 0, 1
1, 0, 0, 0, 1, 0, 1, 1, 1, 1, 1
1, 0, 0, 0, 1, 1, 0, 0, 0, 0, 0
1, 0, 0, 0, 1, 1, 0, 0, 0, 1, 0
1, 0, 0, 0, 1, 1, 0, 0, 1, 0, 1
1, 0, 0, 0, 1, 1, 0, 0, 1, 1, 1
1, 0, 0, 0, 1, 1, 0, 1, 0, 0, 1
1, 0, 0, 0, 1, 1, 0, 1, 0, 1, 1
1, 0, 0, 0, 1, 1, 0, 1, 1, 0, 1
1, 0, 0, 0, 1, 1, 0, 1, 1, 1, 1
1, 0, 0, 0, 1, 1, 1, 0, 0, 0, 0
1, 0, 0, 0, 1, 1, 1, 0, 0, 1, 0
1, 0, 0, 0, 1, 1, 1, 0, 1, 0, 1
1, 0, 0, 0, 1, 1, 1, 0, 1, 1, 1
1, 0, 0, 0, 1, 1, 1, 1, 0, 0, 1
1, 0, 0, 0, 1, 1, 1, 1, 0, 1, 1
1, 0, 0, 0, 1, 1, 1, 1, 1, 0, 1
1, 0, 0, 0, 1, 1, 1, 1, 1, 1, 1
1, 0, 0, 1, 0, 0, 0, 0, 0, 0, 0
1, 0, 0, 1, 0, 0, 0, 0, 0, 1, 0
1, 0, 0, 1, 0, 0, 0, 0, 1, 0, 1
1, 0, 0, 1, 0, 0, 0, 0, 1, 1, 1
1, 0, 0, 1, 0, 0, 0, 1, 0, 0, 1
1, 0, 0, 1, 0, 0, 0, 1, 0, 1, 1
1, 0, 0, 1, 0, 0, 0, 1, 1, 0, 1
1, 0, 0, 1, 0, 0, 0, 1, 1, 1, 1
1, 0, 0, 1, 0, 0, 1, 0, 0, 0, 0
1, 0, 0, 1, 0, 0, 1, 0, 0, 1, 0
1, 0, 0, 1, 0, 0, 1, 0, 1, 0, 1
1, 0, 0, 1, 0, 0, 1, 0, 1, 1, 1
1, 0, 0, 1, 0, 0, 1, 1, 0, 0, 1
1, 0, 0, 1, 0, 0, 1, 1, 0, 1, 1
1, 0, 0, 1, 0, 0, 1, 1, 1, 0, 1
1, 0, 0, 1, 0, 0, 1, 1, 1, 1, 1
1, 0, 0, 1, 0, 1, 0, 0, 0, 0, 0
1, 0, 0, 1, 0, 1, 0, 0, 0, 1, 0
1, 0, 0, 1, 0, 1, 0, 0, 1, 0, 1
1, 0, 0, 1, 0, 1, 0, 0, 1, 1, 1
1, 0, 0, 1, 0, 1, 0, 1, 0, 0, 1
1, 0, 0, 1, 0, 1, 0, 1, 0, 1, 1
1, 0, 0, 1, 0, 1, 0, 1, 1, 0, 1
1, 0, 0, 1, 0, 1, 0, 1, 1, 1, 1
1, 0, 0, 1, 0, 1, 1, 0, 0, 0, 0
1, 0, 0, 1, 0, 1, 1, 0, 0, 1, 0
1, 0, 0, 1, 0, 1, 1, 0, 1, 0, 1
1, 0, 0, 1, 0, 1, 1, 0, 1, 1, 1
1, 0, 0, 1, 0, 1, 1, 1, 0, 0, 1
1, 0, 0, 1, 0, 1, 1, 1, 0, 1, 1
1, 0, 0, 1, 0, 1, 1, 1, 1, 0, 1
1, 0, 0, 1, 0, 1, 1, 1, 1, 1, 1
1, 0, 0, 1, 1, 0, 0, 0, 0, 0, 0
1, 0, 0, 1, 1, 0, 0, 0, 0, 1, 0
1, 0, 0, 1, 1, 0, 0, 0, 1, 0, 1
1, 0, 0, 1, 1, 0, 0, 0, 1, 1, 1
1, 0, 0, 1, 1, 0, 0, 1, 0, 0, 1
1, 0, 0, 1, 1, 0, 0, 1, 0, 1, 1
1, 0, 0, 1, 1, 0, 0, 1, 1, 0, 1
1, 0, 0, 1, 1, 0, 0, 1, 1, 1, 1
1, 0, 0, 1, 1, 0, 1, 0, 0, 0, 0
1, 0, 0, 1, 1, 0, 1, 0, 0, 1, 0
1, 0, 0, 1, 1, 0, 1, 0, 1, 0, 1
1, 0, 0, 1, 1, 0, 1, 0, 1, 1, 1
1, 0, 0, 1, 1, 0, 1, 1, 0, 0, 1
1, 0, 0, 1, 1, 0, 1, 1, 0, 1, 1
1, 0, 0, 1, 1, 0, 1, 1, 1, 0, 1
1, 0, 0, 1, 1, 0, 1, 1, 1, 1, 1
1, 0, 0, 1, 1, 1, 0, 0, 0, 0, 0
1, 0, 0, 1, 1, 1, 0, 0, 0, 1, 0
1, 0, 0, 1, 1, 1, 0, 0, 1, 0, 1
1, 0, 0, 1, 1, 1, 0, 0, 1, 1, 1
1, 0, 0, 1, 1, 1, 0, 1, 0, 0, 1
1, 0, 0, 1, 1, 1, 0, 1, 0, 1, 1
1, 0, 0, 1, 1, 1, 0, 1, 1, 0, 1
1, 0, 0, 1, 1, 1, 0, 1, 1, 1, 1
1, 0, 0, 1, 1, 1, 1, 0, 0, 0, 0
1, 0, 0, 1, 1, 1, 1, 0, 0, 1, 0
1, 0, 0, 1, 1, 1, 1, 0, 1, 0, 1
1, 0, 0, 1, 1, 1, 1, 0, 1, 1, 1
1, 0, 0, 1, 1, 1, 1, 1, 0, 0, 1
1, 0, 0, 1, 1, 1, 1, 1, 0, 1, 1
1, 0, 0, 1, 1, 1, 1, 1, 1, 0, 1
1, 0, 0, 1, 1, 1, 1, 1, 1, 1, 1
1, 0, 1, 0, 0, 0, 0, 0, 0, 0, 0
1, 0, 1, 0, 0, 0, 0, 0, 0, 1, 0
1, 0, 1, 0, 0, 0, 0, 0, 1, 0, 0
1, 0, 1, 0, 0, 0, 0, 0, 1, 1, 0
1, 0, 1, 0, 0, 0, 0, 1, 0, 0, 0
1, 0, 1, 0, 0, 0, 0, 1, 0, 1, 0
1, 0, 1, 0, 0, 0, 0, 1, 1, 0, 0
1, 0, 1, 0, 0, 0, 0, 1, 1, 1, 0
1, 0, 1, 0, 0, 0, 1, 0, 0, 0, 0
1, 0, 1, 0, 0, 0, 1, 0, 0, 1, 0
1, 0, 1, 0, 0, 0, 1, 0, 1, 0, 0
1, 0, 1, 0, 0, 0, 1, 0, 1, 1, 0
1, 0, 1, 0, 0, 0, 1, 1, 0, 0, 0
1, 0, 1, 0, 0, 0, 1, 1, 0, 1, 0
1, 0, 1, 0, 0, 0, 1, 1, 1, 0, 0
1, 0, 1, 0, 0, 0, 1, 1, 1, 1, 0
1, 0, 1, 0, 0, 1, 0, 0, 0, 0, 0
1, 0, 1, 0, 0, 1, 0, 0, 0, 1, 0
1, 0, 1, 0, 0, 1, 0, 0, 1, 0, 0
1, 0, 1, 0, 0, 1, 0, 0, 1, 1, 0
1, 0, 1, 0, 0, 1, 0, 1, 0, 0, 0
1, 0, 1, 0, 0, 1, 0, 1, 0, 1, 0
1, 0, 1, 0, 0, 1, 0, 1, 1, 0, 0
1, 0, 1, 0, 0, 1, 0, 1, 1, 1, 0
1, 0, 1, 0, 0, 1, 1, 0, 0, 0, 0
1, 0, 1, 0, 0, 1, 1, 0, 0, 1, 0
1, 0, 1, 0, 0, 1, 1, 0, 1, 0, 0
1, 0, 1, 0, 0, 1, 1, 0, 1, 1, 0
1, 0, 1, 0, 0, 1, 1, 1, 0, 0, 0
1, 0, 1, 0, 0, 1, 1, 1, 0, 1, 0
1, 0, 1, 0, 0, 1, 1, 1, 1, 0, 0
1, 0, 1, 0, 0, 1, 1, 1, 1, 1, 0
1, 0, 1, 0, 1, 0, 0, 0, 0, 0, 0
1, 0, 1, 0, 1, 0, 0, 0, 0, 1, 0
1, 0, 1, 0, 1, 0, 0, 0, 1, 0, 0
1, 0, 1, 0, 1, 0, 0, 0, 1, 1, 0
1, 0, 1, 0, 1, 0, 0, 1, 0, 0, 0
1, 0, 1, 0, 1, 0, 0, 1, 0, 1, 0
1, 0, 1, 0, 1, 0, 0, 1, 1, 0, 0
1, 0, 1, 0, 1, 0, 0, 1, 1, 1, 0
1, 0, 1, 0, 1, 0, 1, 0, 0, 0, 0
1, 0, 1, 0, 1, 0, 1, 0, 0, 1, 0
1, 0, 1, 0, 1, 0, 1, 0, 1, 0, 0
1, 0, 1, 0, 1, 0, 1, 0, 1, 1, 0
1, 0, 1, 0, 1, 0, 1, 1, 0, 0, 0
1, 0, 1, 0, 1, 0, 1, 1, 0, 1, 0
1, 0, 1, 0, 1, 0, 1, 1, 1, 0, 0
1, 0, 1, 0, 1, 0, 1, 1, 1, 1, 0
1, 0, 1, 0, 1, 1, 0, 0, 0, 0, 0
1, 0, 1, 0, 1, 1, 0, 0, 0, 1, 0
1, 0, 1, 0, 1, 1, 0, 0, 1, 0, 0
1, 0, 1, 0, 1, 1, 0, 0, 1, 1, 0
1, 0, 1, 0, 1, 1, 0, 1, 0, 0, 0
1, 0, 1, 0, 1, 1, 0, 1, 0, 1, 0
1, 0, 1, 0, 1, 1, 0, 1, 1, 0, 0
1, 0, 1, 0, 1, 1, 0, 1, 1, 1, 0
1, 0, 1, 0, 1, 1, 1, 0, 0, 0, 0
1, 0, 1, 0, 1, 1, 1, 0, 0, 1, 0
1, 0, 1, 0, 1, 1, 1, 0, 1, 0, 0
1, 0, 1, 0, 1, 1, 1, 0, 1, 1, 0
1, 0, 1, 0, 1, 1, 1, 1, 0, 0, 0
1, 0, 1, 0, 1, 1, 1, 1, 0, 1, 0
1, 0, 1, 0, 1, 1, 1, 1, 1, 0, 0
1, 0, 1, 0, 1, 1, 1, 1, 1, 1, 0
1, 0, 1, 1, 0, 0, 0, 0, 0, 0, 0
1, 0, 1, 1, 0, 0, 0, 0, 0, 1, 0
1, 0, 1, 1, 0, 0, 0, 0, 1, 0, 0
1, 0, 1, 1, 0, 0, 0, 0, 1, 1, 0
1, 0, 1, 1, 0, 0, 0, 1, 0, 0, 0
1, 0, 1, 1, 0, 0, 0, 1, 0, 1, 0
1, 0, 1, 1, 0, 0, 0, 1, 1, 0, 0
1, 0, 1, 1, 0, 0, 0, 1, 1, 1, 0
1, 0, 1, 1, 0, 0, 1, 0, 0, 0, 0
1, 0, 1, 1, 0, 0, 1, 0, 0, 1, 0
1, 0, 1, 1, 0, 0, 1, 0, 1, 0, 0
1, 0, 1, 1, 0, 0, 1, 0, 1, 1, 0
1, 0, 1, 1, 0, 0, 1, 1, 0, 0, 0
1, 0, 1, 1, 0, 0, 1, 1, 0, 1, 0
1, 0, 1, 1, 0, 0, 1, 1, 1, 0, 0
1, 0, 1, 1, 0, 0, 1, 1, 1, 1, 0
1, 0, 1, 1, 0, 1, 0, 0, 0, 0, 0
1, 0, 1, 1, 0, 1, 0, 0, 0, 1, 0
1, 0, 1, 1, 0, 1, 0, 0, 1, 0, 0
1, 0, 1, 1, 0, 1, 0, 0, 1, 1, 0
1, 0, 1, 1, 0, 1, 0, 1, 0, 0, 0
1, 0, 1, 1, 0, 1, 0, 1, 0, 1, 0
1, 0, 1, 1, 0, 1, 0, 1, 1, 0, 0
1, 0, 1, 1, 0, 1, 0, 1, 1, 1, 0
1, 0, 1, 1, 0, 1, 1, 0, 0, 0, 0
1, 0, 1, 1, 0, 1, 1, 0, 0, 1, 0
1, 0, 1, 1, 0, 1, 1, 0, 1, 0, 0
1, 0, 1, 1, 0, 1, 1, 0, 1, 1, 0
1, 0, 1, 1, 0, 1, 1, 1, 0, 0, 0
1, 0, 1, 1, 0, 1, 1, 1, 0, 1, 0
1, 0, 1, 1, 0, 1, 1, 1, 1, 0, 0
1, 0, 1, 1, 0, 1, 1, 1, 1, 1, 0
1, 0, 1, 1, 1, 0, 0, 0, 0, 0, 0
1, 0, 1, 1, 1, 0, 0, 0, 0, 1, 0
1, 0, 1, 1, 1, 0, 0, 0, 1, 0, 0
1, 0, 1, 1, 1, 0, 0, 0, 1, 1, 0
1, 0, 1, 1, 1, 0, 0, 1, 0, 0, 0
1, 0, 1, 1, 1, 0, 0, 1, 0, 1, 0
1, 0, 1, 1, 1, 0, 0, 1, 1, 0, 0
1, 0, 1, 1, 1, 0, 0, 1, 1, 1, 0
1, 0, 1, 1, 1, 0, 1, 0, 0, 0, 0
1, 0, 1, 1, 1, 0, 1, 0, 0, 1, 0
1, 0, 1, 1, 1, 0, 1, 0, 1, 0, 0
1, 0, 1, 1, 1, 0, 1, 0, 1, 1, 0
1, 0, 1, 1, 1, 0, 1, 1, 0, 0, 0
1, 0, 1, 1, 1, 0, 1, 1, 0, 1, 0
1, 0, 1, 1, 1, 0, 1, 1, 1, 0, 0
1, 0, 1, 1, 1, 0, 1, 1, 1, 1, 0
1, 0, 1, 1, 1, 1, 0, 0, 0, 0, 0
1, 0, 1, 1, 1, 1, 0, 0, 0, 1, 0
1, 0, 1, 1, 1, 1, 0, 0, 1, 0, 0
1, 0, 1, 1, 1, 1, 0, 0, 1, 1, 0
1, 0, 1, 1, 1, 1, 0, 1, 0, 0, 0
1, 0, 1, 1, 1, 1, 0, 1, 0, 1, 0
1, 0, 1, 1, 1, 1, 0, 1, 1, 0, 0
1, 0, 1, 1, 1, 1, 0, 1, 1, 1, 0
1, 0, 1, 1, 1, 1, 1, 0, 0, 0, 0
1, 0, 1, 1, 1, 1, 1, 0, 0, 1, 0
1, 0, 1, 1, 1, 1, 1, 0, 1, 0, 0
1, 0, 1, 1, 1, 1, 1, 0, 1, 1, 0
1, 0, 1, 1, 1, 1, 1, 1, 0, 0, 0
1, 0, 1, 1, 1, 1, 1, 1, 0, 1, 0
1, 0, 1, 1, 1, 1, 1, 1, 1, 0, 0
1, 0, 1, 1, 1, 1, 1, 1, 1, 1, 0
1, 1, 0, 0, 0, 0, 0, 0, 0, 0, 0
1, 1, 0, 0, 0, 0, 0, 0, 0, 1, 0
1, 1, 0, 0, 0, 0, 0, 0, 1, 0, 0
1, 1, 0, 0, 0, 0, 0, 0, 1, 1, 0
1, 1, 0, 0, 0, 0, 0, 1, 0, 0, 0
1, 1, 0, 0, 0, 0, 0, 1, 0, 1, 0
1, 1, 0, 0, 0, 0, 0, 1, 1, 0, 0
1, 1, 0, 0, 0, 0, 0, 1, 1, 1, 0
1, 1, 0, 0, 0, 0, 1, 0, 0, 0, 0
1, 1, 0, 0, 0, 0, 1, 0, 0, 1, 0
1, 1, 0, 0, 0, 0, 1, 0, 1, 0, 0
1, 1, 0, 0, 0, 0, 1, 0, 1, 1, 0
1, 1, 0, 0, 0, 0, 1, 1, 0, 0, 0
1, 1, 0, 0, 0, 0, 1, 1, 0, 1, 0
1, 1, 0, 0, 0, 0, 1, 1, 1, 0, 0
1, 1, 0, 0, 0, 0, 1, 1, 1, 1, 0
1, 1, 0, 0, 0, 1, 0, 0, 0, 0, 0
1, 1, 0, 0, 0, 1, 0, 0, 0, 1, 0
1, 1, 0, 0, 0, 1, 0, 0, 1, 0, 0
1, 1, 0, 0, 0, 1, 0, 0, 1, 1, 0
1, 1, 0, 0, 0, 1, 0, 1, 0, 0, 0
1, 1, 0, 0, 0, 1, 0, 1, 0, 1, 0
1, 1, 0, 0, 0, 1, 0, 1, 1, 0, 0
1, 1, 0, 0, 0, 1, 0, 1, 1, 1, 0
1, 1, 0, 0, 0, 1, 1, 0, 0, 0, 0
1, 1, 0, 0, 0, 1, 1, 0, 0, 1, 0
1, 1, 0, 0, 0, 1, 1, 0, 1, 0, 0
1, 1, 0, 0, 0, 1, 1, 0, 1, 1, 0
1, 1, 0, 0, 0, 1, 1, 1, 0, 0, 0
1, 1, 0, 0, 0, 1, 1, 1, 0, 1, 0
1, 1, 0, 0, 0, 1, 1, 1, 1, 0, 0
1, 1, 0, 0, 0, 1, 1, 1, 1, 1, 0
1, 1, 0, 0, 1, 0, 0, 0, 0, 0, 0
1, 1, 0, 0, 1, 0, 0, 0, 0, 1, 0
1, 1, 0, 0, 1, 0, 0, 0, 1, 0, 0
1, 1, 0, 0, 1, 0, 0, 0, 1, 1, 0
1, 1, 0, 0, 1, 0, 0, 1, 0, 0, 0
1, 1, 0, 0, 1, 0, 0, 1, 0, 1, 0
1, 1, 0, 0, 1, 0, 0, 1, 1, 0, 0
1, 1, 0, 0, 1, 0, 0, 1, 1, 1, 0
1, 1, 0, 0, 1, 0, 1, 0, 0, 0, 0
1, 1, 0, 0, 1, 0, 1, 0, 0, 1, 0
1, 1, 0, 0, 1, 0, 1, 0, 1, 0, 0
1, 1, 0, 0, 1, 0, 1, 0, 1, 1, 0
1, 1, 0, 0, 1, 0, 1, 1, 0, 0, 0
1, 1, 0, 0, 1, 0, 1, 1, 0, 1, 0
1, 1, 0, 0, 1, 0, 1, 1, 1, 0, 0
1, 1, 0, 0, 1, 0, 1, 1, 1, 1, 0
1, 1, 0, 0, 1, 1, 0, 0, 0, 0, 0
1, 1, 0, 0, 1, 1, 0, 0, 0, 1, 0
1, 1, 0, 0, 1, 1, 0, 0, 1, 0, 0
1, 1, 0, 0, 1, 1, 0, 0, 1, 1, 0
1, 1, 0, 0, 1, 1, 0, 1, 0, 0, 0
1, 1, 0, 0, 1, 1, 0, 1, 0, 1, 0
1, 1, 0, 0, 1, 1, 0, 1, 1, 0, 0
1, 1, 0, 0, 1, 1, 0, 1, 1, 1, 0
1, 1, 0, 0, 1, 1, 1, 0, 0, 0, 0
1, 1, 0, 0, 1, 1, 1, 0, 0, 1, 0
1, 1, 0, 0, 1, 1, 1, 0, 1, 0, 0
1, 1, 0, 0, 1, 1, 1, 0, 1, 1, 0
1, 1, 0, 0, 1, 1, 1, 1, 0, 0, 0
1, 1, 0, 0, 1, 1, 1, 1, 0, 1, 0
1, 1, 0, 0, 1, 1, 1, 1, 1, 0, 0
1, 1, 0, 0, 1, 1, 1, 1, 1, 1, 0
1, 1, 0, 1, 0, 0, 0, 0, 0, 0, 0
1, 1, 0, 1, 0, 0, 0, 0, 0, 1, 0
1, 1, 0, 1, 0, 0, 0, 0, 1, 0, 0
1, 1, 0, 1, 0, 0, 0, 0, 1, 1, 0
1, 1, 0, 1, 0, 0, 0, 1, 0, 0, 0
1, 1, 0, 1, 0, 0, 0, 1, 0, 1, 0
1, 1, 0, 1, 0, 0, 0, 1, 1, 0, 0
1, 1, 0, 1, 0, 0, 0, 1, 1, 1, 0
1, 1, 0, 1, 0, 0, 1, 0, 0, 0, 0
1, 1, 0, 1, 0, 0, 1, 0, 0, 1, 0
1, 1, 0, 1, 0, 0, 1, 0, 1, 0, 0
1, 1, 0, 1, 0, 0, 1, 0, 1, 1, 0
1, 1, 0, 1, 0, 0, 1, 1, 0, 0, 0
1, 1, 0, 1, 0, 0, 1, 1, 0, 1, 0
1, 1, 0, 1, 0, 0, 1, 1, 1, 0, 0
1, 1, 0, 1, 0, 0, 1, 1, 1, 1, 0
1, 1, 0, 1, 0, 1, 0, 0, 0, 0, 0
1, 1, 0, 1, 0, 1, 0, 0, 0, 1, 0
1, 1, 0, 1, 0, 1, 0, 0, 1, 0, 0
1, 1, 0, 1, 0, 1, 0, 0, 1, 1, 0
1, 1, 0, 1, 0, 1, 0, 1, 0, 0, 0
1, 1, 0, 1, 0, 1, 0, 1, 0, 1, 0
1, 1, 0, 1, 0, 1, 0, 1, 1, 0, 0
1, 1, 0, 1, 0, 1, 0, 1, 1, 1, 0
1, 1, 0, 1, 0, 1, 1, 0, 0, 0, 0
1, 1, 0, 1, 0, 1, 1, 0, 0, 1, 0
1, 1, 0, 1, 0, 1, 1, 0, 1, 0, 0
1, 1, 0, 1, 0, 1, 1, 0, 1, 1, 0
1, 1, 0, 1, 0, 1, 1, 1, 0, 0, 0
1, 1, 0, 1, 0, 1, 1, 1, 0, 1, 0
1, 1, 0, 1, 0, 1, 1, 1, 1, 0, 0
1, 1, 0, 1, 0, 1, 1, 1, 1, 1, 0
1, 1, 0, 1, 1, 0, 0, 0, 0, 0, 0
1, 1, 0, 1, 1, 0, 0, 0, 0, 1, 0
1, 1, 0, 1, 1, 0, 0, 0, 1, 0, 0
1, 1, 0, 1, 1, 0, 0, 0, 1, 1, 0
1, 1, 0, 1, 1, 0, 0, 1, 0, 0, 0
1, 1, 0, 1, 1, 0, 0, 1, 0, 1, 0
1, 1, 0, 1, 1, 0, 0, 1, 1, 0, 0
1, 1, 0, 1, 1, 0, 0, 1, 1, 1, 0
1, 1, 0, 1, 1, 0, 1, 0, 0, 0, 0
1, 1, 0, 1, 1, 0, 1, 0, 0, 1, 0
1, 1, 0, 1, 1, 0, 1, 0, 1, 0, 0
1, 1, 0, 1, 1, 0, 1, 0, 1, 1, 0
1, 1, 0, 1, 1, 0, 1, 1, 0, 0, 0
1, 1, 0, 1, 1, 0, 1, 1, 0, 1, 0
1, 1, 0, 1, 1, 0, 1, 1, 1, 0, 0
1, 1, 0, 1, 1, 0, 1, 1, 1, 1, 0
1, 1, 0, 1, 1, 1, 0, 0, 0, 0, 0
1, 1, 0, 1, 1, 1, 0, 0, 0, 1, 0
1, 1, 0, 1, 1, 1, 0, 0, 1, 0, 0
1, 1, 0, 1, 1, 1, 0, 0, 1, 1, 0
1, 1, 0, 1, 1, 1, 0, 1, 0, 0, 0
1, 1, 0, 1, 1, 1, 0, 1, 0, 1, 0
1, 1, 0, 1, 1, 1, 0, 1, 1, 0, 0
1, 1, 0, 1, 1, 1, 0, 1, 1, 1, 0
1, 1, 0, 1, 1, 1, 1, 0, 0, 0, 0
1, 1, 0, 1, 1, 1, 1, 0, 0, 1, 0
1, 1, 0, 1, 1, 1, 1, 0, 1, 0, 0
1, 1, 0, 1, 1, 1, 1, 0, 1, 1, 0
1, 1, 0, 1, 1, 1, 1, 1, 0, 0, 0
1, 1, 0, 1, 1, 1, 1, 1, 0, 1, 0
1, 1, 0, 1, 1, 1, 1, 1, 1, 0, 0
1, 1, 0, 1, 1, 1, 1, 1, 1, 1, 0
1, 1, 1, 0, 0, 0, 0, 0, 0, 0, 0
1, 1, 1, 0, 0, 0, 0, 0, 0, 1, 0
1, 1, 1, 0, 0, 0, 0, 0, 1, 0, 0
1, 1, 1, 0, 0, 0, 0, 0, 1, 1, 0
1, 1, 1, 0, 0, 0, 0, 1, 0, 0, 0
1, 1, 1, 0, 0, 0, 0, 1, 0, 1, 0
1, 1, 1, 0, 0, 0, 0, 1, 1, 0, 0
1, 1, 1, 0, 0, 0, 0, 1, 1, 1, 0
1, 1, 1, 0, 0, 0, 1, 0, 0, 0, 0
1, 1, 1, 0, 0, 0, 1, 0, 0, 1, 0
1, 1, 1, 0, 0, 0, 1, 0, 1, 0, 0
1, 1, 1, 0, 0, 0, 1, 0, 1, 1, 0
1, 1, 1, 0, 0, 0, 1, 1, 0, 0, 0
1, 1, 1, 0, 0, 0, 1, 1, 0, 1, 0
1, 1, 1, 0, 0, 0, 1, 1, 1, 0, 0
1, 1, 1, 0, 0, 0, 1, 1, 1, 1, 0
1, 1, 1, 0, 0, 1, 0, 0, 0, 0, 0
1, 1, 1, 0, 0, 1, 0, 0, 0, 1, 0
1, 1, 1, 0, 0, 1, 0, 0, 1, 0, 0
1, 1, 1, 0, 0, 1, 0, 0, 1, 1, 0
1, 1, 1, 0, 0, 1, 0, 1, 0, 0, 0
1, 1, 1, 0, 0, 1, 0, 1, 0, 1, 0
1, 1, 1, 0, 0, 1, 0, 1, 1, 0, 0
1, 1, 1, 0, 0, 1, 0, 1, 1, 1, 0
1, 1, 1, 0, 0, 1, 1, 0, 0, 0, 0
1, 1, 1, 0, 0, 1, 1, 0, 0, 1, 0
1, 1, 1, 0, 0, 1, 1, 0, 1, 0, 0
1, 1, 1, 0, 0, 1, 1, 0, 1, 1, 0
1, 1, 1, 0, 0, 1, 1, 1, 0, 0, 0
1, 1, 1, 0, 0, 1, 1, 1, 0, 1, 0
1, 1, 1, 0, 0, 1, 1, 1, 1, 0, 0
1, 1, 1, 0, 0, 1, 1, 1, 1, 1, 0
1, 1, 1, 0, 1, 0, 0, 0, 0, 0, 0
1, 1, 1, 0, 1, 0, 0, 0, 0, 1, 0
1, 1, 1, 0, 1, 0, 0, 0, 1, 0, 0
1, 1, 1, 0, 1, 0, 0, 0, 1, 1, 0
1, 1, 1, 0, 1, 0, 0, 1, 0, 0, 0
1, 1, 1, 0, 1, 0, 0, 1, 0, 1, 0
1, 1, 1, 0, 1, 0, 0, 1, 1, 0, 0
1, 1, 1, 0, 1, 0, 0, 1, 1, 1, 0
1, 1, 1, 0, 1, 0, 1, 0, 0, 0, 0
1, 1, 1, 0, 1, 0, 1, 0, 0, 1, 0
1, 1, 1, 0, 1, 0, 1, 0, 1, 0, 0
1, 1, 1, 0, 1, 0, 1, 0, 1, 1, 0
1, 1, 1, 0, 1, 0, 1, 1, 0, 0, 0
1, 1, 1, 0, 1, 0, 1, 1, 0, 1, 0
1, 1, 1, 0, 1, 0, 1, 1, 1, 0, 0
1, 1, 1, 0, 1, 0, 1, 1, 1, 1, 0
1, 1, 1, 0, 1, 1, 0, 0, 0, 0, 0
1, 1, 1, 0, 1, 1, 0, 0, 0, 1, 0
1, 1, 1, 0, 1, 1, 0, 0, 1, 0, 0
1, 1, 1, 0, 1, 1, 0, 0, 1, 1, 0
1, 1, 1, 0, 1, 1, 0, 1, 0, 0, 0
1, 1, 1, 0, 1, 1, 0, 1, 0, 1, 0
1, 1, 1, 0, 1, 1, 0, 1, 1, 0, 0
1, 1, 1, 0, 1, 1, 0, 1, 1, 1, 0
1, 1, 1, 0, 1, 1, 1, 0, 0, 0, 0
1, 1, 1, 0, 1, 1, 1, 0, 0, 1, 0
1, 1, 1, 0, 1, 1, 1, 0, 1, 0, 0
1, 1, 1, 0, 1, 1, 1, 0, 1, 1, 0
1, 1, 1, 0, 1, 1, 1, 1, 0, 0, 0
1, 1, 1, 0, 1, 1, 1, 1, 0, 1, 0
1, 1, 1, 0, 1, 1, 1, 1, 1, 0, 0
1, 1, 1, 0, 1, 1, 1, 1, 1, 1, 0
1, 1, 1, 1, 0, 0, 0, 0, 0, 0, 0
1, 1, 1, 1, 0, 0, 0, 0, 0, 1, 0
1, 1, 1, 1, 0, 0, 0, 0, 1, 0, 0
1, 1, 1, 1, 0, 0, 0, 0, 1, 1, 0
1, 1, 1, 1, 0, 0, 0, 1, 0, 0, 0
1, 1, 1, 1, 0, 0, 0, 1, 0, 1, 0
1, 1, 1, 1, 0, 0, 0, 1, 1, 0, 0
1, 1, 1, 1, 0, 0, 0, 1, 1, 1, 0
1, 1, 1, 1, 0, 0, 1, 0, 0, 0, 0
1, 1, 1, 1, 0, 0, 1, 0, 0, 1, 0
1, 1, 1, 1, 0, 0, 1, 0, 1, 0, 0
1, 1, 1, 1, 0, 0, 1, 0, 1, 1, 0
1, 1, 1, 1, 0, 0, 1, 1, 0, 0, 0
1, 1, 1, 1, 0, 0, 1, 1, 0, 1, 0
1, 1, 1, 1, 0, 0, 1, 1, 1, 0, 0
1, 1, 1, 1, 0, 0, 1, 1, 1, 1, 0
1, 1, 1, 1, 0, 1, 0, 0, 0, 0, 0
1, 1, 1, 1, 0, 1, 0, 0, 0, 1, 0
1, 1, 1, 1, 0, 1, 0, 0, 1, 0, 0
1, 1, 1, 1, 0, 1, 0, 0, 1, 1, 0
1, 1, 1, 1, 0, 1, 0, 1, 0, 0, 0
1, 1, 1, 1, 0, 1, 0, 1, 0, 1, 0
1, 1, 1, 1, 0, 1, 0, 1, 1, 0, 0
1, 1, 1, 1, 0, 1, 0, 1, 1, 1, 0
1, 1, 1, 1, 0, 1, 1, 0, 0, 0, 0
1, 1, 1, 1, 0, 1, 1, 0, 0, 1, 0
1, 1, 1, 1, 0, 1, 1, 0, 1, 0, 0
1, 1, 1, 1, 0, 1, 1, 0, 1, 1, 0
1, 1, 1, 1, 0, 1, 1, 1, 0, 0, 0
1, 1, 1, 1, 0, 1, 1, 1, 0, 1, 0
1, 1, 1, 1, 0, 1, 1, 1, 1, 0, 0
1, 1, 1, 1, 0, 1, 1, 1, 1, 1, 0
1, 1, 1, 1, 1, 0, 0, 0, 0, 0, 0
1, 1, 1, 1, 1, 0, 0, 0, 0, 1, 0
1, 1, 1, 1, 1, 0, 0, 0, 1, 0, 0
1, 1, 1, 1, 1, 0, 0, 0, 1, 1, 0
1, 1, 1, 1, 1, 0, 0, 1, 0, 0, 0
1, 1, 1, 1, 1, 0, 0, 1, 0, 1, 0
1, 1, 1, 1, 1, 0, 0, 1, 1, 0, 0
1, 1, 1, 1, 1, 0, 0, 1, 1, 1, 0
1, 1, 1, 1, 1, 0, 1, 0, 0, 0, 0
1, 1, 1, 1, 1, 0, 1, 0, 0, 1, 0
1, 1, 1, 1, 1, 0, 1, 0, 1, 0, 0
1, 1, 1, 1, 1, 0, 1, 0, 1, 1, 0
1, 1, 1, 1, 1, 0, 1, 1, 0, 0, 0
1, 1, 1, 1, 1, 0, 1, 1, 0, 1, 0
1, 1, 1, 1, 1, 0, 1, 1, 1, 0, 0
1, 1, 1, 1, 1, 0, 1, 1, 1, 1, 0
1, 1, 1, 1, 1, 1, 0, 0, 0, 0, 0
1, 1, 1, 1, 1, 1, 0, 0, 0, 1, 0
1, 1, 1, 1, 1, 1, 0, 0, 1, 0, 0
1, 1, 1, 1, 1, 1, 0, 0, 1, 1, 0
1, 1, 1, 1, 1, 1, 0, 1, 0, 0, 0
1, 1, 1, 1, 1, 1, 0, 1, 0, 1, 0
1, 1, 1, 1, 1, 1, 0, 1, 1, 0, 0
1, 1, 1, 1, 1, 1, 0, 1, 1, 1, 0
1, 1, 1, 1, 1, 1, 1, 0, 0, 0, 0
1, 1, 1, 1, 1, 1, 1, 0, 0, 1, 0
1, 1, 1, 1, 1, 1, 1, 0, 1, 0, 0
1, 1, 1, 1, 1, 1, 1, 0, 1, 1, 0
1, 1, 1, 1, 1, 1, 1, 1, 0, 0, 0
1, 1, 1, 1, 1, 1, 1, 1, 0, 1, 0
1, 1, 1, 1, 1, 1, 1, 1, 1, 0, 0
1, 1, 1, 1, 1, 1, 1, 1, 1, 1, 0
# PprA (Cold, PprA)
0, 0
1, 1
# ProX (CellDens, Glu, ProX)
0, 0, 0
0, 1, 1
1, 0, 0
1, 1, 0
# PtsN (CellDens, Glu, PtsN)
0, 0, 0
0, 1, 1
1, 0, 0
1, 1, 0
# RpoH (Heat, RpoH)
0, 0
1, 1
# RpoS (CellDens, RpoS)
0, 0
1, 1
# TurA (Cold, TurA)
0, 0
1, 1
# Upper (Crc, IHF, PprA, PtsN, RpoN, TurA, XylR, m-xyl, Upper)
0, 0, 0, 0, 0, 0, 0, 0, 0
0, 0, 0, 0, 0, 0, 0, 1, 0
0, 0, 0, 0, 0, 0, 1, 0, 0
0, 0, 0, 0, 0, 0, 1, 1, 0
0, 0, 0, 0, 0, 1, 0, 0, 0
0, 0, 0, 0, 0, 1, 0, 1, 0
0, 0, 0, 0, 0, 1, 1, 0, 0
0, 0, 0, 0, 0, 1, 1, 1, 0
0, 0, 0, 0, 1, 0, 0, 0, 0
0, 0, 0, 0, 1, 0, 0, 1, 0
0, 0, 0, 0, 1, 0, 1, 0, 0
0, 0, 0, 0, 1, 0, 1, 1, 0
0, 0, 0, 0, 1, 1, 0, 0, 0
0, 0, 0, 0, 1, 1, 0, 1, 0
0, 0, 0, 0, 1, 1, 1, 0, 0
0, 0, 0, 0, 1, 1, 1, 1, 0
0, 0, 0, 1, 0, 0, 0, 0, 0
0, 0, 0, 1, 0, 0, 0, 1, 0
0, 0, 0, 1, 0, 0, 1, 0, 0
0, 0, 0, 1, 0, 0, 1, 1, 0
0, 0, 0, 1, 0, 1, 0, 0, 0
0, 0, 0, 1, 0, 1, 0, 1, 0
0, 0, 0, 1, 0, 1, 1, 0, 0
0, 0, 0, 1, 0, 1, 1, 1, 0
0, 0, 0, 1, 1, 0, 0, 0, 0
0, 0, 0, 1, 1, 0, 0, 1, 0
0, 0, 0, 1, 1, 0, 1, 0, 0
0, 0, 0, 1, 1, 0, 1, 1, 0
0, 0, 0, 1, 1, 1, 0, 0, 0
0, 0, 0, 1, 1, 1, 0, 1, 0
0, 0, 0, 1, 1, 1, 1, 0, 0
0, 0, 0, 1, 1, 1, 1, 1, 0
0, 0, 1, 0, 0, 0, 0, 0, 0
0, 0, 1, 0, 0, 0, 0, 1, 0
0, 0, 1, 0, 0, 0, 1, 0, 0
0, 0, 1, 0, 0, 0, 1, 1, 0
0, 0, 1, 0, 0, 1, 0, 0, 0
0, 0, 1, 0, 0, 1, 0, 1, 0
0, 0, 1, 0, 0, 1, 1, 0, 0
0, 0, 1, 0, 0, 1, 1, 1, 0
0, 0, 1, 0, 1, 0, 0, 0, 0
0, 0, 1, 0, 1, 0, 0, 1, 0
0, 0, 1, 0, 1, 0, 1, 0, 0
0, 0, 1, 0, 1, 0, 1, 1, 0
0, 0, 1, 0, 1, 1, 0, 0, 0
0, 0, 1, 0, 1, 1, 0, 1, 0
0, 0, 1, 0, 1, 1, 1, 0, 0
0, 0, 1, 0, 1, 1, 1, 1, 0
0, 0, 1, 1, 0, 0, 0, 0, 0
0, 0, 1, 1, 0, 0, 0, 1, 0
0, 0, 1, 1, 0, 0, 1, 0, 0
0, 0, 1, 1, 0, 0, 1, 1, 0
0, 0, 1, 1, 0, 1, 0, 0, 0
0, 0, 1, 1, 0, 1, 0, 1, 0
0, 0, 1, 1, 0, 1, 1, 0, 0
0, 0, 1, 1, 0, 1, 1, 1, 0
0, 0, 1, 1, 1, 0, 0, 0, 0
0, 0, 1, 1, 1, 0, 0, 1, 0
0, 0, 1, 1, 1, 0, 1, 0, 0
0, 0, 1, 1, 1, 0, 1, 1, 0
0, 0, 1, 1, 1, 1, 0, 0, 0
0, 0, 1, 1, 1, 1, 0, 1, 0
0, 0, 1, 1, 1, 1, 1, 0, 0
0, 0, 1, 1, 1, 1, 1, 1, 0
0, 1, 0, 0, 0, 0, 0, 0, 0
0, 1, 0, 0, 0, 0, 0, 1, 0
0, 1, 0, 0, 0, 0, 1, 0, 0
0, 1, 0, 0, 0, 0, 1, 1, 0
0, 1, 0, 0, 0, 1, 0, 0, 0
0, 1, 0, 0, 0, 1, 0, 1, 0
0, 1, 0, 0, 0, 1, 1, 0, 0
0, 1, 0, 0, 0, 1, 1, 1, 0
0, 1, 0, 0, 1, 0, 0, 0, 0
0, 1, 0, 0, 1, 0, 0, 1, 0
0, 1, 0, 0, 1, 0, 1, 0, 0
0, 1, 0, 0, 1, 0, 1, 1, 1
0, 1, 0, 0, 1, 1, 0, 0, 0
0, 1, 0, 0, 1, 1, 0, 1, 0
0, 1, 0, 0, 1, 1, 1, 0, 0
0, 1, 0, 0, 1, 1, 1, 1, 0
0, 1, 0, 1, 0, 0, 0, 0, 0
0, 1, 0, 1, 0, 0, 0, 1, 0
0, 1, 0, 1, 0, 0, 1, 0, 0
0, 1, 0, 1, 0, 0, 1, 1, 0
0, 1, 0, 1, 0, 1, 0, 0, 0
0, 1, 0, 1, 0, 1, 0, 1, 0
0, 1, 0, 1, 0, 1, 1, 0, 0
0, 1, 0, 1, 0, 1, 1, 1, 0
0, 1, 0, 1, 1, 0, 0, 0, 0
0, 1, 0, 1, 1, 0, 0, 1, 0
0, 1, 0, 1, 1, 0, 1, 0, 0
0, 1, 0, 1, 1, 0, 1, 1, 0
0, 1, 0, 1, 1, 1, 0, 0, 0
0, 1, 0, 1, 1, 1, 0, 1, 0
0, 1, 0, 1, 1, 1, 1, 0, 0
0, 1, 0, 1, 1, 1, 1, 1, 0
0, 1, 1, 0, 0, 0, 0, 0, 0
0, 1, 1, 0, 0, 0, 0, 1, 0
0, 1, 1, 0, 0, 0, 1, 0, 0
0, 1, 1, 0, 0, 0, 1, 1, 0
0, 1, 1, 0, 0, 1, 0, 0, 0
0, 1, 1, 0, 0, 1, 0, 1, 0
0, 1, 1, 0, 0, 1, 1, 0, 0
0, 1, 1, 0, 0, 1, 1, 1, 0
0, 1, 1, 0, 1, 0, 0, 0, 0
0, 1, 1, 0, 1, 0, 0, 1, 0
0, 1, 1, 0, 1, 0, 1, 0, 0
0, 1, 1, 0, 1, 0, 1, 1, 0
0, 1, 1, 0, 1, 1, 0, 0, 0
0, 1, 1, 0, 1, 1, 0, 1, 0
0, 1, 1, 0, 1, 1, 1, 0, 0
0, 1, 1, 0, 1, 1, 1, 1, 0
0, 1, 1, 1, 0, 0, 0, 0, 0
0, 1, 1, 1, 0, 0, 0, 1, 0
0, 1, 1, 1, 0, 0, 1, 0, 0
0, 1, 1, 1, 0, 0, 1, 1, 0
0, 1, 1, 1, 0, 1, 0, 0, 0
0, 1, 1, 1, 0, 1, 0, 1, 0
0, 1, 1, 1, 0, 1, 1, 0, 0
0, 1, 1, 1, 0, 1, 1, 1, 0
0, 1, 1, 1, 1, 0, 0, 0, 0
0, 1, 1, 1, 1, 0, 0, 1, 0
0, 1, 1, 1, 1, 0, 1, 0, 0
0, 1, 1, 1, 1, 0, 1, 1, 0
0, 1, 1, 1, 1, 1, 0, 0, 0
0, 1, 1, 1, 1, 1, 0, 1, 0
0, 1, 1, 1, 1, 1, 1, 0, 0
0, 1, 1, 1, 1, 1, 1, 1, 0
1, 0, 0, 0, 0, 0, 0, 0, 0
1, 0, 0, 0, 0, 0, 0, 1, 0
1, 0, 0, 0, 0, 0, 1, 0, 0
1, 0, 0, 0, 0, 0, 1, 1, 0
1, 0, 0, 0, 0, 1, 0, 0, 0
1, 0, 0, 0, 0, 1, 0, 1, 0
1, 0, 0, 0, 0, 1, 1, 0, 0
1, 0, 0, 0, 0, 1, 1, 1, 0
1, 0, 0, 0, 1, 0, 0, 0, 0
1, 0, 0, 0, 1, 0, 0, 1, 0
1, 0, 0, 0, 1, 0, 1, 0, 0
1, 0, 0, 0, 1, 0, 1, 1, 0
1, 0, 0, 0, 1, 1, 0, 0, 0
1, 0, 0, 0, 1, 1, 0, 1, 0
1, 0, 0, 0, 1, 1, 1, 0, 0
1, 0, 0, 0, 1, 1, 1, 1, 0
1, 0, 0, 1, 0, 0, 0, 0, 0
1, 0, 0, 1, 0, 0, 0, 1, 0
1, 0, 0, 1, 0, 0, 1, 0, 0
1, 0, 0, 1, 0, 0, 1, 1, 0
1, 0, 0, 1, 0, 1, 0, 0, 0
1, 0, 0, 1, 0, 1, 0, 1, 0
1, 0, 0, 1, 0, 1, 1, 0, 0
1, 0, 0, 1, 0, 1, 1, 1, 0
1, 0, 0, 1, 1, 0, 0, 0, 0
1, 0, 0, 1, 1, 0, 0, 1, 0
1, 0, 0, 1, 1, 0, 1, 0, 0
1, 0, 0, 1, 1, 0, 1, 1, 0
1, 0, 0, 1, 1, 1, 0, 0, 0
1, 0, 0, 1, 1, 1, 0, 1, 0
1, 0, 0, 1, 1, 1, 1, 0, 0
1, 0, 0, 1, 1, 1, 1, 1, 0
1, 0, 1, 0, 0, 0, 0, 0, 0
1, 0, 1, 0, 0, 0, 0, 1, 0
1, 0, 1, 0, 0, 0, 1, 0, 0
1, 0, 1, 0, 0, 0, 1, 1, 0
1, 0, 1, 0, 0, 1, 0, 0, 0
1, 0, 1, 0, 0, 1, 0, 1, 0
1, 0, 1, 0, 0, 1, 1, 0, 0
1, 0, 1, 0, 0, 1, 1, 1, 0
1, 0, 1, 0, 1, 0, 0, 0, 0
1, 0, 1, 0, 1, 0, 0, 1, 0
1, 0, 1, 0, 1, 0, 1, 0, 0
1, 0, 1, 0, 1, 0, 1, 1, 0
1, 0, 1, 0, 1, 1, 0, 0, 0
1, 0, 1, 0, 1, 1, 0, 1, 0
1, 0, 1, 0, 1, 1, 1, 0, 0
1, 0, 1, 0, 1, 1, 1, 1, 0
1, 0, 1, 1, 0, 0, 0, 0, 0
1, 0, 1, 1, 0, 0, 0, 1, 0
1, 0, 1, 1, 0, 0, 1, 0, 0
1, 0, 1, 1, 0, 0, 1, 1, 0
1, 0, 1, 1, 0, 1, 0, 0, 0
1, 0, 1, 1, 0, 1, 0, 1, 0
1, 0, 1, 1, 0, 1, 1, 0, 0
1, 0, 1, 1, 0, 1, 1, 1, 0
1, 0, 1, 1, 1, 0, 0, 0, 0
1, 0, 1, 1, 1, 0, 0, 1, 0
1, 0, 1, 1, 1, 0, 1, 0, 0
1, 0, 1, 1, 1, 0, 1, 1, 0
1, 0, 1, 1, 1, 1, 0, 0, 0
1, 0, 1, 1, 1, 1, 0, 1, 0
1, 0, 1, 1, 1, 1, 1, 0, 0
1, 0, 1, 1, 1, 1, 1, 1, 0
1, 1, 0, 0, 0, 0, 0, 0, 0
1, 1, 0, 0, 0, 0, 0, 1, 0
1, 1, 0, 0, 0, 0, 1, 0, 0
1, 1, 0, 0, 0, 0, 1, 1, 0
1, 1, 0, 0, 0, 1, 0, 0, 0
1, 1, 0, 0, 0, 1, 0, 1, 0
1, 1, 0, 0, 0, 1, 1, 0, 0
1, 1, 0, 0, 0, 1, 1, 1, 0
1, 1, 0, 0, 1, 0, 0, 0, 0
1, 1, 0, 0, 1, 0, 0, 1, 0
1, 1, 0, 0, 1, 0, 1, 0, 0
1, 1, 0, 0, 1, 0, 1, 1, 0
1, 1, 0, 0, 1, 1, 0, 0, 0
1, 1, 0, 0, 1, 1, 0, 1, 0
1, 1, 0, 0, 1, 1, 1, 0, 0
1, 1, 0, 0, 1, 1, 1, 1, 0
1, 1, 0, 1, 0, 0, 0, 0, 0
1, 1, 0, 1, 0, 0, 0, 1, 0
1, 1, 0, 1, 0, 0, 1, 0, 0
1, 1, 0, 1, 0, 0, 1, 1, 0
1, 1, 0, 1, 0, 1, 0, 0, 0
1, 1, 0, 1, 0, 1, 0, 1, 0
1, 1, 0, 1, 0, 1, 1, 0, 0
1, 1, 0, 1, 0, 1, 1, 1, 0
1, 1, 0, 1, 1, 0, 0, 0, 0
1, 1, 0, 1, 1, 0, 0, 1, 0
1, 1, 0, 1, 1, 0, 1, 0, 0
1, 1, 0, 1, 1, 0, 1, 1, 0
1, 1, 0, 1, 1, 1, 0, 0, 0
1, 1, 0, 1, 1, 1, 0, 1, 0
1, 1, 0, 1, 1, 1, 1, 0, 0
1, 1, 0, 1, 1, 1, 1, 1, 0
1, 1, 1, 0, 0, 0, 0, 0, 0
1, 1, 1, 0, 0, 0, 0, 1, 0
1, 1, 1, 0, 0, 0, 1, 0, 0
1, 1, 1, 0, 0, 0, 1, 1, 0
1, 1, 1, 0, 0, 1, 0, 0, 0
1, 1, 1, 0, 0, 1, 0, 1, 0
1, 1, 1, 0, 0, 1, 1, 0, 0
1, 1, 1, 0, 0, 1, 1, 1, 0
1, 1, 1, 0, 1, 0, 0, 0, 0
1, 1, 1, 0, 1, 0, 0, 1, 0
1, 1, 1, 0, 1, 0, 1, 0, 0
1, 1, 1, 0, 1, 0, 1, 1, 0
1, 1, 1, 0, 1, 1, 0, 0, 0
1, 1, 1, 0, 1, 1, 0, 1, 0
1, 1, 1, 0, 1, 1, 1, 0, 0
1, 1, 1, 0, 1, 1, 1, 1, 0
1, 1, 1, 1, 0, 0, 0, 0, 0
1, 1, 1, 1, 0, 0, 0, 1, 0
1, 1, 1, 1, 0, 0, 1, 0, 0
1, 1, 1, 1, 0, 0, 1, 1, 0
1, 1, 1, 1, 0, 1, 0, 0, 0
1, 1, 1, 1, 0, 1, 0, 1, 0
1, 1, 1, 1, 0, 1, 1, 0, 0
1, 1, 1, 1, 0, 1, 1, 1, 0
1, 1, 1, 1, 1, 0, 0, 0, 0
1, 1, 1, 1, 1, 0, 0, 1, 0
1, 1, 1, 1, 1, 0, 1, 0, 0
1, 1, 1, 1, 1, 0, 1, 1, 0
1, 1, 1, 1, 1, 1, 0, 0, 0
1, 1, 1, 1, 1, 1, 0, 1, 0
1, 1, 1, 1, 1, 1, 1, 0, 0
1, 1, 1, 1, 1, 1, 1, 1, 0
# XylR (Crc, ProX, RpoD, XylR)
0, 0, 0, 0
0, 0, 1, 1
0, 1, 0, 0
0, 1, 1, 0
1, 0, 0, 0
1, 0, 1, 0
1, 1, 0, 0
1, 1, 1, 0
# XylS (RpoD, XylS)
0, 0
1, 1
# XylSh (Crc, HU, PtsN, RpoN, XylR, m-xyl, XylSh)
0, 0, 0, 0, 0, 0, 0
0, 0, 0, 0, 0, 1, 0
0, 0, 0, 0, 1, 0, 0
0, 0, 0, 0, 1, 1, 0
0, 0, 0, 1, 0, 0, 0
0, 0, 0, 1, 0, 1, 0
0, 0, 0, 1, 1, 0, 0
0, 0, 0, 1, 1, 1, 0
0, 0, 1, 0, 0, 0, 0
0, 0, 1, 0, 0, 1, 0
0, 0, 1, 0, 1, 0, 0
0, 0, 1, 0, 1, 1, 0
0, 0, 1, 1, 0, 0, 0
0, 0, 1, 1, 0, 1, 0
0, 0, 1, 1, 1, 0, 0
0, 0, 1, 1, 1, 1, 0
0, 1, 0, 0, 0, 0, 0
0, 1, 0, 0, 0, 1, 0
0, 1, 0, 0, 1, 0, 0
0, 1, 0, 0, 1, 1, 0
0, 1, 0, 1, 0, 0, 0
0, 1, 0, 1, 0, 1, 0
0, 1, 0, 1, 1, 0, 0
0, 1, 0, 1, 1, 1, 1
0, 1, 1, 0, 0, 0, 0
0, 1, 1, 0, 0, 1, 0
0, 1, 1, 0, 1, 0, 0
0, 1, 1, 0, 1, 1, 0
0, 1, 1, 1, 0, 0, 0
0, 1, 1, 1, 0, 1, 0
0, 1, 1, 1, 1, 0, 0
0, 1, 1, 1, 1, 1, 0
1, 0, 0, 0, 0, 0, 0
1, 0, 0, 0, 0, 1, 0
1, 0, 0, 0, 1, 0, 0
1, 0, 0, 0, 1, 1, 0
1, 0, 0, 1, 0, 0, 0
1, 0, 0, 1, 0, 1, 0
1, 0, 0, 1, 1, 0, 0
1, 0, 0, 1, 1, 1, 0
1, 0, 1, 0, 0, 0, 0
1, 0, 1, 0, 0, 1, 0
1, 0, 1, 0, 1, 0, 0
1, 0, 1, 0, 1, 1, 0
1, 0, 1, 1, 0, 0, 0
1, 0, 1, 1, 0, 1, 0
1, 0, 1, 1, 1, 0, 0
1, 0, 1, 1, 1, 1, 0
1, 1, 0, 0, 0, 0, 0
1, 1, 0, 0, 0, 1, 0
1, 1, 0, 0, 1, 0, 0
1, 1, 0, 0, 1, 1, 0
1, 1, 0, 1, 0, 0, 0
1, 1, 0, 1, 0, 1, 0
1, 1, 0, 1, 1, 0, 0
1, 1, 0, 1, 1, 1, 0
1, 1, 1, 0, 0, 0, 0
1, 1, 1, 0, 0, 1, 0
1, 1, 1, 0, 1, 0, 0
1, 1, 1, 0, 1, 1, 0
1, 1, 1, 1, 0, 0, 0
1, 1, 1, 1, 0, 1, 0
1, 1, 1, 1, 1, 0, 0
1, 1, 1, 1, 1, 1, 0
