## AD BC DCI DCII EC EL EL2 IFNgI IgA IgE IgG IL10I IL12II IL13 IL4I IL4II IL5 NE PIC T0 TEL Th1I Th1II Th2I Th2II IS
# AD (AD, IS, IgG, NE, AD)
0, 0, 0, 0, 0
0, 0, 0, 1, 0
0, 0, 1, 0, 0
0, 0, 1, 1, 0
0, 1, 0, 0, 1
0, 1, 0, 1, 1
0, 1, 1, 0, 1
0, 1, 1, 1, 0
1, 0, 0, 0, 1
1, 0, 0, 1, 1
1, 0, 1, 0, 1
1, 0, 1, 1, 0
1, 1, 0, 0, 1
1, 1, 0, 1, 1
1, 1, 1, 0, 1
1, 1, 1, 1, 0
# BC (BC, T0, BC)
0, 0, 0
0, 1, 1
1, 0, 1
1, 1, 1
# DCI (PIC, DCI)
0, 0
1, 1
# DCII (DCI, DCII)
0, 0
1, 1
# EC (AD, IS, EC)
0, 0, 0
0, 1, 1
1, 0, 1
1, 1, 1
# EL (EL2, IS, EL)
0, 0, 0
0, 1, 1
1, 0, 0
1, 1, 0
# EL2 (IL13, IL5, IgE, EL2)
0, 0, 0, 0
0, 0, 1, 0
0, 1, 0, 0
0, 1, 1, 1
1, 0, 0, 0
1, 0, 1, 0
1, 1, 0, 1
1, 1, 1, 1
# IFNgI (DCI, Th1I, IFNgI)
0, 0, 0
0, 1, 1
1, 0, 1
1, 1, 1
# IgA (BC, IS, IgA)
0, 0, 0
0, 1, 0
1, 0, 0
1, 1, 1
# IgE (BC, IL13, IL4II, IgE)
0, 0, 0, 0
0, 0, 1, 0
0, 1, 0, 0
0, 1, 1, 0
1, 0, 0, 0
1, 0, 1, 1
1, 1, 0, 1
1, 1, 1, 1
# IgG (BC, IgG)
0, 0
1, 1
# IL10I (Th2I, IL10I)
0, 0
1, 1
# IL12II (DCII, IL4II, T0, IL12II)
0, 0, 0, 0
0, 0, 1, 0
0, 1, 0, 0
0, 1, 1, 0
1, 0, 0, 0
1, 0, 1, 1
1, 1, 0, 0
1, 1, 1, 0
# IL13 (EL, EL2, IS, Th2I, IL13)
0, 0, 0, 0, 0
0, 0, 0, 1, 1
0, 0, 1, 0, 0
0, 0, 1, 1, 1
0, 1, 0, 0, 1
0, 1, 0, 1, 1
0, 1, 1, 0, 1
0, 1, 1, 1, 1
1, 0, 0, 0, 0
1, 0, 0, 1, 1
1, 0, 1, 0, 1
1, 0, 1, 1, 1
1, 1, 0, 0, 1
1, 1, 0, 1, 1
1, 1, 1, 0, 1
1, 1, 1, 1, 1
# IL4I (IL4II, IL4I)
0, 0
1, 1
# IL4II (DCII, EL2, IL12II, T0, Th2II, IL4II)
0, 0, 0, 0, 0, 0
0, 0, 0, 0, 1, 1
0, 0, 0, 1, 0, 0
0, 0, 0, 1, 1, 1
0, 0, 1, 0, 0, 0
0, 0, 1, 0, 1, 0
0, 0, 1, 1, 0, 0
0, 0, 1, 1, 1, 0
0, 1, 0, 0, 0, 1
0, 1, 0, 0, 1, 1
0, 1, 0, 1, 0, 1
0, 1, 0, 1, 1, 1
0, 1, 1, 0, 0, 1
0, 1, 1, 0, 1, 1
0, 1, 1, 1, 0, 1
0, 1, 1, 1, 1, 1
1, 0, 0, 0, 0, 0
1, 0, 0, 0, 1, 1
1, 0, 0, 1, 0, 1
1, 0, 0, 1, 1, 1
1, 0, 1, 0, 0, 0
1, 0, 1, 0, 1, 0
1, 0, 1, 1, 0, 0
1, 0, 1, 1, 1, 0
1, 1, 0, 0, 0, 1
1, 1, 0, 0, 1, 1
1, 1, 0, 1, 0, 1
1, 1, 0, 1, 1, 1
1, 1, 1, 0, 0, 1
1, 1, 1, 0, 1, 1
1, 1, 1, 1, 0, 1
1, 1, 1, 1, 1, 1
# IL5 (EL2, Th2I, IL5)
0, 0, 0
0, 1, 1
1, 0, 1
1, 1, 1
# NE (AD, IFNgI, IL10I, IL4I, PIC, NE)
0, 0, 0, 0, 0, 0
0, 0, 0, 0, 1, 0
0, 0, 0, 1, 0, 0
0, 0, 0, 1, 1, 0
0, 0, 1, 0, 0, 0
0, 0, 1, 0, 1, 0
0, 0, 1, 1, 0, 0
0, 0, 1, 1, 1, 0
0, 1, 0, 0, 0, 1
0, 1, 0, 0, 1, 1
0, 1, 0, 1, 0, 0
0, 1, 0, 1, 1, 0
0, 1, 1, 0, 0, 0
0, 1, 1, 0, 1, 0
0, 1, 1, 1, 0, 0
0, 1, 1, 1, 1, 0
1, 0, 0, 0, 0, 0
1, 0, 0, 0, 1, 1
1, 0, 0, 1, 0, 0
1, 0, 0, 1, 1, 0
1, 0, 1, 0, 0, 0
1, 0, 1, 0, 1, 0
1, 0, 1, 1, 0, 0
1, 0, 1, 1, 1, 0
1, 1, 0, 0, 0, 1
1, 1, 0, 0, 1, 1
1, 1, 0, 1, 0, 0
1, 1, 0, 1, 1, 0
1, 1, 1, 0, 0, 0
1, 1, 1, 0, 1, 0
1, 1, 1, 1, 0, 0
1, 1, 1, 1, 1, 0
# PIC (EC, IL10I, IgA, PIC)
0, 0, 0, 0
0, 0, 1, 0
0, 1, 0, 0
0, 1, 1, 0
1, 0, 0, 1
1, 0, 1, 0
1, 1, 0, 0
1, 1, 1, 0
# T0 (DCII, T0)
0, 0
1, 1
# TEL (EL, EL2, TEL)
0, 0, 0
0, 1, 1
1, 0, 1
1, 1, 1
# Th1I (Th1II, Th1I)
0, 0
1, 1
# Th1II (DCII, IL12II, T0, Th1II)
0, 0, 0, 0
0, 0, 1, 0
0, 1, 0, 0
0, 1, 1, 0
1, 0, 0, 0
1, 0, 1, 0
1, 1, 0, 0
1, 1, 1, 1
# Th2I (Th2II, Th2I)
0, 0
1, 1
# Th2II (DCII, IL12II, T0, Th2II)
0, 0, 0, 0
0, 0, 1, 0
0, 1, 0, 0
0, 1, 1, 0
1, 0, 0, 0
1, 0, 1, 1
1, 1, 0, 0
1, 1, 1, 0
