## AKT1 AKT2 Apoptosis CDH1 CDH2 CellCycleArrest CTNNB1 DKK1 EMT ERK GF Invasion Metastasis Migration miR200 miR203 miR34 NICD p21 p53 p63 p73 SMAD SNAI1 SNAI2 TGFbeta TWIST1 VIM ZEB1 ZEB2 ECM DNAdamage
# AKT1 (CDH1, CDH2, CTNNB1, GF, NICD, TGFbeta, miR34, p53, AKT1)
0, 0, 0, 0, 0, 0, 0, 0, 0
0, 0, 0, 0, 0, 0, 0, 1, 0
0, 0, 0, 0, 0, 0, 1, 0, 0
0, 0, 0, 0, 0, 0, 1, 1, 0
0, 0, 0, 0, 0, 1, 0, 0, 0
0, 0, 0, 0, 0, 1, 0, 1, 0
0, 0, 0, 0, 0, 1, 1, 0, 0
0, 0, 0, 0, 0, 1, 1, 1, 0
0, 0, 0, 0, 1, 0, 0, 0, 0
0, 0, 0, 0, 1, 0, 0, 1, 0
0, 0, 0, 0, 1, 0, 1, 0, 0
0, 0, 0, 0, 1, 0, 1, 1, 0
0, 0, 0, 0, 1, 1, 0, 0, 0
0, 0, 0, 0, 1, 1, 0, 1, 0
0, 0, 0, 0, 1, 1, 1, 0, 0
0, 0, 0, 0, 1, 1, 1, 1, 0
0, 0, 0, 1, 0, 0, 0, 0, 0
0, 0, 0, 1, 0, 0, 0, 1, 0
0, 0, 0, 1, 0, 0, 1, 0, 0
0, 0, 0, 1, 0, 0, 1, 1, 0
0, 0, 0, 1, 0, 1, 0, 0, 0
0, 0, 0, 1, 0, 1, 0, 1, 0
0, 0, 0, 1, 0, 1, 1, 0, 0
0, 0, 0, 1, 0, 1, 1, 1, 0
0, 0, 0, 1, 1, 0, 0, 0, 0
0, 0, 0, 1, 1, 0, 0, 1, 0
0, 0, 0, 1, 1, 0, 1, 0, 0
0, 0, 0, 1, 1, 0, 1, 1, 0
0, 0, 0, 1, 1, 1, 0, 0, 0
0, 0, 0, 1, 1, 1, 0, 1, 0
0, 0, 0, 1, 1, 1, 1, 0, 0
0, 0, 0, 1, 1, 1, 1, 1, 0
0, 0, 1, 0, 0, 0, 0, 0, 0
0, 0, 1, 0, 0, 0, 0, 1, 0
0, 0, 1, 0, 0, 0, 1, 0, 0
0, 0, 1, 0, 0, 0, 1, 1, 0
0, 0, 1, 0, 0, 1, 0, 0, 1
0, 0, 1, 0, 0, 1, 0, 1, 0
0, 0, 1, 0, 0, 1, 1, 0, 0
0, 0, 1, 0, 0, 1, 1, 1, 0
0, 0, 1, 0, 1, 0, 0, 0, 1
0, 0, 1, 0, 1, 0, 0, 1, 0
0, 0, 1, 0, 1, 0, 1, 0, 0
0, 0, 1, 0, 1, 0, 1, 1, 0
0, 0, 1, 0, 1, 1, 0, 0, 1
0, 0, 1, 0, 1, 1, 0, 1, 0
0, 0, 1, 0, 1, 1, 1, 0, 0
0, 0, 1, 0, 1, 1, 1, 1, 0
0, 0, 1, 1, 0, 0, 0, 0, 1
0, 0, 1, 1, 0, 0, 0, 1, 0
0, 0, 1, 1, 0, 0, 1, 0, 0
0, 0, 1, 1, 0, 0, 1, 1, 0
0, 0, 1, 1, 0, 1, 0, 0, 1
0, 0, 1, 1, 0, 1, 0, 1, 0
0, 0, 1, 1, 0, 1, 1, 0, 0
0, 0, 1, 1, 0, 1, 1, 1, 0
0, 0, 1, 1, 1, 0, 0, 0, 1
0, 0, 1, 1, 1, 0, 0, 1, 0
0, 0, 1, 1, 1, 0, 1, 0, 0
0, 0, 1, 1, 1, 0, 1, 1, 0
0, 0, 1, 1, 1, 1, 0, 0, 1
0, 0, 1, 1, 1, 1, 0, 1, 0
0, 0, 1, 1, 1, 1, 1, 0, 0
0, 0, 1, 1, 1, 1, 1, 1, 0
0, 1, 0, 0, 0, 0, 0, 0, 0
0, 1, 0, 0, 0, 0, 0, 1, 0
0, 1, 0, 0, 0, 0, 1, 0, 0
0, 1, 0, 0, 0, 0, 1, 1, 0
0, 1, 0, 0, 0, 1, 0, 0, 0
0, 1, 0, 0, 0, 1, 0, 1, 0
0, 1, 0, 0, 0, 1, 1, 0, 0
0, 1, 0, 0, 0, 1, 1, 1, 0
0, 1, 0, 0, 1, 0, 0, 0, 0
0, 1, 0, 0, 1, 0, 0, 1, 0
0, 1, 0, 0, 1, 0, 1, 0, 0
0, 1, 0, 0, 1, 0, 1, 1, 0
0, 1, 0, 0, 1, 1, 0, 0, 0
0, 1, 0, 0, 1, 1, 0, 1, 0
0, 1, 0, 0, 1, 1, 1, 0, 0
0, 1, 0, 0, 1, 1, 1, 1, 0
0, 1, 0, 1, 0, 0, 0, 0, 0
0, 1, 0, 1, 0, 0, 0, 1, 0
0, 1, 0, 1, 0, 0, 1, 0, 0
0, 1, 0, 1, 0, 0, 1, 1, 0
0, 1, 0, 1, 0, 1, 0, 0, 0
0, 1, 0, 1, 0, 1, 0, 1, 0
0, 1, 0, 1, 0, 1, 1, 0, 0
0, 1, 0, 1, 0, 1, 1, 1, 0
0, 1, 0, 1, 1, 0, 0, 0, 0
0, 1, 0, 1, 1, 0, 0, 1, 0
0, 1, 0, 1, 1, 0, 1, 0, 0
0, 1, 0, 1, 1, 0, 1, 1, 0
0, 1, 0, 1, 1, 1, 0, 0, 0
0, 1, 0, 1, 1, 1, 0, 1, 0
0, 1, 0, 1, 1, 1, 1, 0, 0
0, 1, 0, 1, 1, 1, 1, 1, 0
0, 1, 1, 0, 0, 0, 0, 0, 1
0, 1, 1, 0, 0, 0, 0, 1, 0
0, 1, 1, 0, 0, 0, 1, 0, 0
0, 1, 1, 0, 0, 0, 1, 1, 0
0, 1, 1, 0, 0, 1, 0, 0, 1
0, 1, 1, 0, 0, 1, 0, 1, 0
0, 1, 1, 0, 0, 1, 1, 0, 0
0, 1, 1, 0, 0, 1, 1, 1, 0
0, 1, 1, 0, 1, 0, 0, 0, 1
0, 1, 1, 0, 1, 0, 0, 1, 0
0, 1, 1, 0, 1, 0, 1, 0, 0
0, 1, 1, 0, 1, 0, 1, 1, 0
0, 1, 1, 0, 1, 1, 0, 0, 1
0, 1, 1, 0, 1, 1, 0, 1, 0
0, 1, 1, 0, 1, 1, 1, 0, 0
0, 1, 1, 0, 1, 1, 1, 1, 0
0, 1, 1, 1, 0, 0, 0, 0, 1
0, 1, 1, 1, 0, 0, 0, 1, 0
0, 1, 1, 1, 0, 0, 1, 0, 0
0, 1, 1, 1, 0, 0, 1, 1, 0
0, 1, 1, 1, 0, 1, 0, 0, 1
0, 1, 1, 1, 0, 1, 0, 1, 0
0, 1, 1, 1, 0, 1, 1, 0, 0
0, 1, 1, 1, 0, 1, 1, 1, 0
0, 1, 1, 1, 1, 0, 0, 0, 1
0, 1, 1, 1, 1, 0, 0, 1, 0
0, 1, 1, 1, 1, 0, 1, 0, 0
0, 1, 1, 1, 1, 0, 1, 1, 0
0, 1, 1, 1, 1, 1, 0, 0, 1
0, 1, 1, 1, 1, 1, 0, 1, 0
0, 1, 1, 1, 1, 1, 1, 0, 0
0, 1, 1, 1, 1, 1, 1, 1, 0
1, 0, 0, 0, 0, 0, 0, 0, 0
1, 0, 0, 0, 0, 0, 0, 1, 0
1, 0, 0, 0, 0, 0, 1, 0, 0
1, 0, 0, 0, 0, 0, 1, 1, 0
1, 0, 0, 0, 0, 1, 0, 0, 0
1, 0, 0, 0, 0, 1, 0, 1, 0
1, 0, 0, 0, 0, 1, 1, 0, 0
1, 0, 0, 0, 0, 1, 1, 1, 0
1, 0, 0, 0, 1, 0, 0, 0, 0
1, 0, 0, 0, 1, 0, 0, 1, 0
1, 0, 0, 0, 1, 0, 1, 0, 0
1, 0, 0, 0, 1, 0, 1, 1, 0
1, 0, 0, 0, 1, 1, 0, 0, 0
1, 0, 0, 0, 1, 1, 0, 1, 0
1, 0, 0, 0, 1, 1, 1, 0, 0
1, 0, 0, 0, 1, 1, 1, 1, 0
1, 0, 0, 1, 0, 0, 0, 0, 0
1, 0, 0, 1, 0, 0, 0, 1, 0
1, 0, 0, 1, 0, 0, 1, 0, 0
1, 0, 0, 1, 0, 0, 1, 1, 0
1, 0, 0, 1, 0, 1, 0, 0, 0
1, 0, 0, 1, 0, 1, 0, 1, 0
1, 0, 0, 1, 0, 1, 1, 0, 0
1, 0, 0, 1, 0, 1, 1, 1, 0
1, 0, 0, 1, 1, 0, 0, 0, 0
1, 0, 0, 1, 1, 0, 0, 1, 0
1, 0, 0, 1, 1, 0, 1, 0, 0
1, 0, 0, 1, 1, 0, 1, 1, 0
1, 0, 0, 1, 1, 1, 0, 0, 0
1, 0, 0, 1, 1, 1, 0, 1, 0
1, 0, 0, 1, 1, 1, 1, 0, 0
1, 0, 0, 1, 1, 1, 1, 1, 0
1, 0, 1, 0, 0, 0, 0, 0, 0
1, 0, 1, 0, 0, 0, 0, 1, 0
1, 0, 1, 0, 0, 0, 1, 0, 0
1, 0, 1, 0, 0, 0, 1, 1, 0
1, 0, 1, 0, 0, 1, 0, 0, 0
1, 0, 1, 0, 0, 1, 0, 1, 0
1, 0, 1, 0, 0, 1, 1, 0, 0
1, 0, 1, 0, 0, 1, 1, 1, 0
1, 0, 1, 0, 1, 0, 0, 0, 0
1, 0, 1, 0, 1, 0, 0, 1, 0
1, 0, 1, 0, 1, 0, 1, 0, 0
1, 0, 1, 0, 1, 0, 1, 1, 0
1, 0, 1, 0, 1, 1, 0, 0, 0
1, 0, 1, 0, 1, 1, 0, 1, 0
1, 0, 1, 0, 1, 1, 1, 0, 0
1, 0, 1, 0, 1, 1, 1, 1, 0
1, 0, 1, 1, 0, 0, 0, 0, 0
1, 0, 1, 1, 0, 0, 0, 1, 0
1, 0, 1, 1, 0, 0, 1, 0, 0
1, 0, 1, 1, 0, 0, 1, 1, 0
1, 0, 1, 1, 0, 1, 0, 0, 0
1, 0, 1, 1, 0, 1, 0, 1, 0
1, 0, 1, 1, 0, 1, 1, 0, 0
1, 0, 1, 1, 0, 1, 1, 1, 0
1, 0, 1, 1, 1, 0, 0, 0, 0
1, 0, 1, 1, 1, 0, 0, 1, 0
1, 0, 1, 1, 1, 0, 1, 0, 0
1, 0, 1, 1, 1, 0, 1, 1, 0
1, 0, 1, 1, 1, 1, 0, 0, 0
1, 0, 1, 1, 1, 1, 0, 1, 0
1, 0, 1, 1, 1, 1, 1, 0, 0
1, 0, 1, 1, 1, 1, 1, 1, 0
1, 1, 0, 0, 0, 0, 0, 0, 0
1, 1, 0, 0, 0, 0, 0, 1, 0
1, 1, 0, 0, 0, 0, 1, 0, 0
1, 1, 0, 0, 0, 0, 1, 1, 0
1, 1, 0, 0, 0, 1, 0, 0, 0
1, 1, 0, 0, 0, 1, 0, 1, 0
1, 1, 0, 0, 0, 1, 1, 0, 0
1, 1, 0, 0, 0, 1, 1, 1, 0
1, 1, 0, 0, 1, 0, 0, 0, 0
1, 1, 0, 0, 1, 0, 0, 1, 0
1, 1, 0, 0, 1, 0, 1, 0, 0
1, 1, 0, 0, 1, 0, 1, 1, 0
1, 1, 0, 0, 1, 1, 0, 0, 0
1, 1, 0, 0, 1, 1, 0, 1, 0
1, 1, 0, 0, 1, 1, 1, 0, 0
1, 1, 0, 0, 1, 1, 1, 1, 0
1, 1, 0, 1, 0, 0, 0, 0, 0
1, 1, 0, 1, 0, 0, 0, 1, 0
1, 1, 0, 1, 0, 0, 1, 0, 0
1, 1, 0, 1, 0, 0, 1, 1, 0
1, 1, 0, 1, 0, 1, 0, 0, 0
1, 1, 0, 1, 0, 1, 0, 1, 0
1, 1, 0, 1, 0, 1, 1, 0, 0
1, 1, 0, 1, 0, 1, 1, 1, 0
1, 1, 0, 1, 1, 0, 0, 0, 0
1, 1, 0, 1, 1, 0, 0, 1, 0
1, 1, 0, 1, 1, 0, 1, 0, 0
1, 1, 0, 1, 1, 0, 1, 1, 0
1, 1, 0, 1, 1, 1, 0, 0, 0
1, 1, 0, 1, 1, 1, 0, 1, 0
1, 1, 0, 1, 1, 1, 1, 0, 0
1, 1, 0, 1, 1, 1, 1, 1, 0
1, 1, 1, 0, 0, 0, 0, 0, 0
1, 1, 1, 0, 0, 0, 0, 1, 0
1, 1, 1, 0, 0, 0, 1, 0, 0
1, 1, 1, 0, 0, 0, 1, 1, 0
1, 1, 1, 0, 0, 1, 0, 0, 0
1, 1, 1, 0, 0, 1, 0, 1, 0
1, 1, 1, 0, 0, 1, 1, 0, 0
1, 1, 1, 0, 0, 1, 1, 1, 0
1, 1, 1, 0, 1, 0, 0, 0, 0
1, 1, 1, 0, 1, 0, 0, 1, 0
1, 1, 1, 0, 1, 0, 1, 0, 0
1, 1, 1, 0, 1, 0, 1, 1, 0
1, 1, 1, 0, 1, 1, 0, 0, 0
1, 1, 1, 0, 1, 1, 0, 1, 0
1, 1, 1, 0, 1, 1, 1, 0, 0
1, 1, 1, 0, 1, 1, 1, 1, 0
1, 1, 1, 1, 0, 0, 0, 0, 0
1, 1, 1, 1, 0, 0, 0, 1, 0
1, 1, 1, 1, 0, 0, 1, 0, 0
1, 1, 1, 1, 0, 0, 1, 1, 0
1, 1, 1, 1, 0, 1, 0, 0, 0
1, 1, 1, 1, 0, 1, 0, 1, 0
1, 1, 1, 1, 0, 1, 1, 0, 0
1, 1, 1, 1, 0, 1, 1, 1, 0
1, 1, 1, 1, 1, 0, 0, 0, 0
1, 1, 1, 1, 1, 0, 0, 1, 0
1, 1, 1, 1, 1, 0, 1, 0, 0
1, 1, 1, 1, 1, 0, 1, 1, 0
1, 1, 1, 1, 1, 1, 0, 0, 0
1, 1, 1, 1, 1, 1, 0, 1, 0
1, 1, 1, 1, 1, 1, 1, 0, 0
1, 1, 1, 1, 1, 1, 1, 1, 0
# AKT2 (CDH2, GF, TGFbeta, TWIST1, miR203, miR34, p53, AKT2)
0, 0, 0, 0, 0, 0, 0, 0
0, 0, 0, 0, 0, 0, 1, 0
0, 0, 0, 0, 0, 1, 0, 0
0, 0, 0, 0, 0, 1, 1, 0
0, 0, 0, 0, 1, 0, 0, 0
0, 0, 0, 0, 1, 0, 1, 0
0, 0, 0, 0, 1, 1, 0, 0
0, 0, 0, 0, 1, 1, 1, 0
0, 0, 0, 1, 0, 0, 0, 0
0, 0, 0, 1, 0, 0, 1, 0
0, 0, 0, 1, 0, 1, 0, 0
0, 0, 0, 1, 0, 1, 1, 0
0, 0, 0, 1, 1, 0, 0, 0
0, 0, 0, 1, 1, 0, 1, 0
0, 0, 0, 1, 1, 1, 0, 0
0, 0, 0, 1, 1, 1, 1, 0
0, 0, 1, 0, 0, 0, 0, 0
0, 0, 1, 0, 0, 0, 1, 0
0, 0, 1, 0, 0, 1, 0, 0
0, 0, 1, 0, 0, 1, 1, 0
0, 0, 1, 0, 1, 0, 0, 0
0, 0, 1, 0, 1, 0, 1, 0
0, 0, 1, 0, 1, 1, 0, 0
0, 0, 1, 0, 1, 1, 1, 0
0, 0, 1, 1, 0, 0, 0, 1
0, 0, 1, 1, 0, 0, 1, 0
0, 0, 1, 1, 0, 1, 0, 0
0, 0, 1, 1, 0, 1, 1, 0
0, 0, 1, 1, 1, 0, 0, 0
0, 0, 1, 1, 1, 0, 1, 0
0, 0, 1, 1, 1, 1, 0, 0
0, 0, 1, 1, 1, 1, 1, 0
0, 1, 0, 0, 0, 0, 0, 0
0, 1, 0, 0, 0, 0, 1, 0
0, 1, 0, 0, 0, 1, 0, 0
0, 1, 0, 0, 0, 1, 1, 0
0, 1, 0, 0, 1, 0, 0, 0
0, 1, 0, 0, 1, 0, 1, 0
0, 1, 0, 0, 1, 1, 0, 0
0, 1, 0, 0, 1, 1, 1, 0
0, 1, 0, 1, 0, 0, 0, 1
0, 1, 0, 1, 0, 0, 1, 0
0, 1, 0, 1, 0, 1, 0, 0
0, 1, 0, 1, 0, 1, 1, 0
0, 1, 0, 1, 1, 0, 0, 0
0, 1, 0, 1, 1, 0, 1, 0
0, 1, 0, 1, 1, 1, 0, 0
0, 1, 0, 1, 1, 1, 1, 0
0, 1, 1, 0, 0, 0, 0, 0
0, 1, 1, 0, 0, 0, 1, 0
0, 1, 1, 0, 0, 1, 0, 0
0, 1, 1, 0, 0, 1, 1, 0
0, 1, 1, 0, 1, 0, 0, 0
0, 1, 1, 0, 1, 0, 1, 0
0, 1, 1, 0, 1, 1, 0, 0
0, 1, 1, 0, 1, 1, 1, 0
0, 1, 1, 1, 0, 0, 0, 1
0, 1, 1, 1, 0, 0, 1, 0
0, 1, 1, 1, 0, 1, 0, 0
0, 1, 1, 1, 0, 1, 1, 0
0, 1, 1, 1, 1, 0, 0, 0
0, 1, 1, 1, 1, 0, 1, 0
0, 1, 1, 1, 1, 1, 0, 0
0, 1, 1, 1, 1, 1, 1, 0
1, 0, 0, 0, 0, 0, 0, 0
1, 0, 0, 0, 0, 0, 1, 0
1, 0, 0, 0, 0, 1, 0, 0
1, 0, 0, 0, 0, 1, 1, 0
1, 0, 0, 0, 1, 0, 0, 0
1, 0, 0, 0, 1, 0, 1, 0
1, 0, 0, 0, 1, 1, 0, 0
1, 0, 0, 0, 1, 1, 1, 0
1, 0, 0, 1, 0, 0, 0, 1
1, 0, 0, 1, 0, 0, 1, 0
1, 0, 0, 1, 0, 1, 0, 0
1, 0, 0, 1, 0, 1, 1, 0
1, 0, 0, 1, 1, 0, 0, 0
1, 0, 0, 1, 1, 0, 1, 0
1, 0, 0, 1, 1, 1, 0, 0
1, 0, 0, 1, 1, 1, 1, 0
1, 0, 1, 0, 0, 0, 0, 0
1, 0, 1, 0, 0, 0, 1, 0
1, 0, 1, 0, 0, 1, 0, 0
1, 0, 1, 0, 0, 1, 1, 0
1, 0, 1, 0, 1, 0, 0, 0
1, 0, 1, 0, 1, 0, 1, 0
1, 0, 1, 0, 1, 1, 0, 0
1, 0, 1, 0, 1, 1, 1, 0
1, 0, 1, 1, 0, 0, 0, 1
1, 0, 1, 1, 0, 0, 1, 0
1, 0, 1, 1, 0, 1, 0, 0
1, 0, 1, 1, 0, 1, 1, 0
1, 0, 1, 1, 1, 0, 0, 0
1, 0, 1, 1, 1, 0, 1, 0
1, 0, 1, 1, 1, 1, 0, 0
1, 0, 1, 1, 1, 1, 1, 0
1, 1, 0, 0, 0, 0, 0, 0
1, 1, 0, 0, 0, 0, 1, 0
1, 1, 0, 0, 0, 1, 0, 0
1, 1, 0, 0, 0, 1, 1, 0
1, 1, 0, 0, 1, 0, 0, 0
1, 1, 0, 0, 1, 0, 1, 0
1, 1, 0, 0, 1, 1, 0, 0
1, 1, 0, 0, 1, 1, 1, 0
1, 1, 0, 1, 0, 0, 0, 1
1, 1, 0, 1, 0, 0, 1, 0
1, 1, 0, 1, 0, 1, 0, 0
1, 1, 0, 1, 0, 1, 1, 0
1, 1, 0, 1, 1, 0, 0, 0
1, 1, 0, 1, 1, 0, 1, 0
1, 1, 0, 1, 1, 1, 0, 0
1, 1, 0, 1, 1, 1, 1, 0
1, 1, 1, 0, 0, 0, 0, 0
1, 1, 1, 0, 0, 0, 1, 0
1, 1, 1, 0, 0, 1, 0, 0
1, 1, 1, 0, 0, 1, 1, 0
1, 1, 1, 0, 1, 0, 0, 0
1, 1, 1, 0, 1, 0, 1, 0
1, 1, 1, 0, 1, 1, 0, 0
1, 1, 1, 0, 1, 1, 1, 0
1, 1, 1, 1, 0, 0, 0, 1
1, 1, 1, 1, 0, 0, 1, 0
1, 1, 1, 1, 0, 1, 0, 0
1, 1, 1, 1, 0, 1, 1, 0
1, 1, 1, 1, 1, 0, 0, 0
1, 1, 1, 1, 1, 0, 1, 0
1, 1, 1, 1, 1, 1, 0, 0
1, 1, 1, 1, 1, 1, 1, 0
# Apoptosis (AKT1, ERK, ZEB2, miR200, miR34, p53, p63, p73, Apoptosis)
0, 0, 0, 0, 0, 0, 0, 0, 0
0, 0, 0, 0, 0, 0, 0, 1, 1
0, 0, 0, 0, 0, 0, 1, 0, 1
0, 0, 0, 0, 0, 0, 1, 1, 1
0, 0, 0, 0, 0, 1, 0, 0, 1
0, 0, 0, 0, 0, 1, 0, 1, 1
0, 0, 0, 0, 0, 1, 1, 0, 1
0, 0, 0, 0, 0, 1, 1, 1, 1
0, 0, 0, 0, 1, 0, 0, 0, 1
0, 0, 0, 0, 1, 0, 0, 1, 1
0, 0, 0, 0, 1, 0, 1, 0, 1
0, 0, 0, 0, 1, 0, 1, 1, 1
0, 0, 0, 0, 1, 1, 0, 0, 1
0, 0, 0, 0, 1, 1, 0, 1, 1
0, 0, 0, 0, 1, 1, 1, 0, 1
0, 0, 0, 0, 1, 1, 1, 1, 1
0, 0, 0, 1, 0, 0, 0, 0, 1
0, 0, 0, 1, 0, 0, 0, 1, 1
0, 0, 0, 1, 0, 0, 1, 0, 1
0, 0, 0, 1, 0, 0, 1, 1, 1
0, 0, 0, 1, 0, 1, 0, 0, 1
0, 0, 0, 1, 0, 1, 0, 1, 1
0, 0, 0, 1, 0, 1, 1, 0, 1
0, 0, 0, 1, 0, 1, 1, 1, 1
0, 0, 0, 1, 1, 0, 0, 0, 1
0, 0, 0, 1, 1, 0, 0, 1, 1
0, 0, 0, 1, 1, 0, 1, 0, 1
0, 0, 0, 1, 1, 0, 1, 1, 1
0, 0, 0, 1, 1, 1, 0, 0, 1
0, 0, 0, 1, 1, 1, 0, 1, 1
0, 0, 0, 1, 1, 1, 1, 0, 1
0, 0, 0, 1, 1, 1, 1, 1, 1
0, 0, 1, 0, 0, 0, 0, 0, 0
0, 0, 1, 0, 0, 0, 0, 1, 0
0, 0, 1, 0, 0, 0, 1, 0, 0
0, 0, 1, 0, 0, 0, 1, 1, 0
0, 0, 1, 0, 0, 1, 0, 0, 0
0, 0, 1, 0, 0, 1, 0, 1, 0
0, 0, 1, 0, 0, 1, 1, 0, 0
0, 0, 1, 0, 0, 1, 1, 1, 0
0, 0, 1, 0, 1, 0, 0, 0, 0
0, 0, 1, 0, 1, 0, 0, 1, 0
0, 0, 1, 0, 1, 0, 1, 0, 0
0, 0, 1, 0, 1, 0, 1, 1, 0
0, 0, 1, 0, 1, 1, 0, 0, 0
0, 0, 1, 0, 1, 1, 0, 1, 0
0, 0, 1, 0, 1, 1, 1, 0, 0
0, 0, 1, 0, 1, 1, 1, 1, 0
0, 0, 1, 1, 0, 0, 0, 0, 0
0, 0, 1, 1, 0, 0, 0, 1, 0
0, 0, 1, 1, 0, 0, 1, 0, 0
0, 0, 1, 1, 0, 0, 1, 1, 0
0, 0, 1, 1, 0, 1, 0, 0, 0
0, 0, 1, 1, 0, 1, 0, 1, 0
0, 0, 1, 1, 0, 1, 1, 0, 0
0, 0, 1, 1, 0, 1, 1, 1, 0
0, 0, 1, 1, 1, 0, 0, 0, 0
0, 0, 1, 1, 1, 0, 0, 1, 0
0, 0, 1, 1, 1, 0, 1, 0, 0
0, 0, 1, 1, 1, 0, 1, 1, 0
0, 0, 1, 1, 1, 1, 0, 0, 0
0, 0, 1, 1, 1, 1, 0, 1, 0
0, 0, 1, 1, 1, 1, 1, 0, 0
0, 0, 1, 1, 1, 1, 1, 1, 0
0, 1, 0, 0, 0, 0, 0, 0, 0
0, 1, 0, 0, 0, 0, 0, 1, 0
0, 1, 0, 0, 0, 0, 1, 0, 0
0, 1, 0, 0, 0, 0, 1, 1, 0
0, 1, 0, 0, 0, 1, 0, 0, 0
0, 1, 0, 0, 0, 1, 0, 1, 0
0, 1, 0, 0, 0, 1, 1, 0, 0
0, 1, 0, 0, 0, 1, 1, 1, 0
0, 1, 0, 0, 1, 0, 0, 0, 0
0, 1, 0, 0, 1, 0, 0, 1, 0
0, 1, 0, 0, 1, 0, 1, 0, 0
0, 1, 0, 0, 1, 0, 1, 1, 0
0, 1, 0, 0, 1, 1, 0, 0, 0
0, 1, 0, 0, 1, 1, 0, 1, 0
0, 1, 0, 0, 1, 1, 1, 0, 0
0, 1, 0, 0, 1, 1, 1, 1, 0
0, 1, 0, 1, 0, 0, 0, 0, 0
0, 1, 0, 1, 0, 0, 0, 1, 0
0, 1, 0, 1, 0, 0, 1, 0, 0
0, 1, 0, 1, 0, 0, 1, 1, 0
0, 1, 0, 1, 0, 1, 0, 0, 0
0, 1, 0, 1, 0, 1, 0, 1, 0
0, 1, 0, 1, 0, 1, 1, 0, 0
0, 1, 0, 1, 0, 1, 1, 1, 0
0, 1, 0, 1, 1, 0, 0, 0, 0
0, 1, 0, 1, 1, 0, 0, 1, 0
0, 1, 0, 1, 1, 0, 1, 0, 0
0, 1, 0, 1, 1, 0, 1, 1, 0
0, 1, 0, 1, 1, 1, 0, 0, 0
0, 1, 0, 1, 1, 1, 0, 1, 0
0, 1, 0, 1, 1, 1, 1, 0, 0
0, 1, 0, 1, 1, 1, 1, 1, 0
0, 1, 1, 0, 0, 0, 0, 0, 0
0, 1, 1, 0, 0, 0, 0, 1, 0
0, 1, 1, 0, 0, 0, 1, 0, 0
0, 1, 1, 0, 0, 0, 1, 1, 0
0, 1, 1, 0, 0, 1, 0, 0, 0
0, 1, 1, 0, 0, 1, 0, 1, 0
0, 1, 1, 0, 0, 1, 1, 0, 0
0, 1, 1, 0, 0, 1, 1, 1, 0
0, 1, 1, 0, 1, 0, 0, 0, 0
0, 1, 1, 0, 1, 0, 0, 1, 0
0, 1, 1, 0, 1, 0, 1, 0, 0
0, 1, 1, 0, 1, 0, 1, 1, 0
0, 1, 1, 0, 1, 1, 0, 0, 0
0, 1, 1, 0, 1, 1, 0, 1, 0
0, 1, 1, 0, 1, 1, 1, 0, 0
0, 1, 1, 0, 1, 1, 1, 1, 0
0, 1, 1, 1, 0, 0, 0, 0, 0
0, 1, 1, 1, 0, 0, 0, 1, 0
0, 1, 1, 1, 0, 0, 1, 0, 0
0, 1, 1, 1, 0, 0, 1, 1, 0
0, 1, 1, 1, 0, 1, 0, 0, 0
0, 1, 1, 1, 0, 1, 0, 1, 0
0, 1, 1, 1, 0, 1, 1, 0, 0
0, 1, 1, 1, 0, 1, 1, 1, 0
0, 1, 1, 1, 1, 0, 0, 0, 0
0, 1, 1, 1, 1, 0, 0, 1, 0
0, 1, 1, 1, 1, 0, 1, 0, 0
0, 1, 1, 1, 1, 0, 1, 1, 0
0, 1, 1, 1, 1, 1, 0, 0, 0
0, 1, 1, 1, 1, 1, 0, 1, 0
0, 1, 1, 1, 1, 1, 1, 0, 0
0, 1, 1, 1, 1, 1, 1, 1, 0
1, 0, 0, 0, 0, 0, 0, 0, 0
1, 0, 0, 0, 0, 0, 0, 1, 0
1, 0, 0, 0, 0, 0, 1, 0, 0
1, 0, 0, 0, 0, 0, 1, 1, 0
1, 0, 0, 0, 0, 1, 0, 0, 0
1, 0, 0, 0, 0, 1, 0, 1, 0
1, 0, 0, 0, 0, 1, 1, 0, 0
1, 0, 0, 0, 0, 1, 1, 1, 0
1, 0, 0, 0, 1, 0, 0, 0, 0
1, 0, 0, 0, 1, 0, 0, 1, 0
1, 0, 0, 0, 1, 0, 1, 0, 0
1, 0, 0, 0, 1, 0, 1, 1, 0
1, 0, 0, 0, 1, 1, 0, 0, 0
1, 0, 0, 0, 1, 1, 0, 1, 0
1, 0, 0, 0, 1, 1, 1, 0, 0
1, 0, 0, 0, 1, 1, 1, 1, 0
1, 0, 0, 1, 0, 0, 0, 0, 0
1, 0, 0, 1, 0, 0, 0, 1, 0
1, 0, 0, 1, 0, 0, 1, 0, 0
1, 0, 0, 1, 0, 0, 1, 1, 0
1, 0, 0, 1, 0, 1, 0, 0, 0
1, 0, 0, 1, 0, 1, 0, 1, 0
1, 0, 0, 1, 0, 1, 1, 0, 0
1, 0, 0, 1, 0, 1, 1, 1, 0
1, 0, 0, 1, 1, 0, 0, 0, 0
1, 0, 0, 1, 1, 0, 0, 1, 0
1, 0, 0, 1, 1, 0, 1, 0, 0
1, 0, 0, 1, 1, 0, 1, 1, 0
1, 0, 0, 1, 1, 1, 0, 0, 0
1, 0, 0, 1, 1, 1, 0, 1, 0
1, 0, 0, 1, 1, 1, 1, 0, 0
1, 0, 0, 1, 1, 1, 1, 1, 0
1, 0, 1, 0, 0, 0, 0, 0, 0
1, 0, 1, 0, 0, 0, 0, 1, 0
1, 0, 1, 0, 0, 0, 1, 0, 0
1, 0, 1, 0, 0, 0, 1, 1, 0
1, 0, 1, 0, 0, 1, 0, 0, 0
1, 0, 1, 0, 0, 1, 0, 1, 0
1, 0, 1, 0, 0, 1, 1, 0, 0
1, 0, 1, 0, 0, 1, 1, 1, 0
1, 0, 1, 0, 1, 0, 0, 0, 0
1, 0, 1, 0, 1, 0, 0, 1, 0
1, 0, 1, 0, 1, 0, 1, 0, 0
1, 0, 1, 0, 1, 0, 1, 1, 0
1, 0, 1, 0, 1, 1, 0, 0, 0
1, 0, 1, 0, 1, 1, 0, 1, 0
1, 0, 1, 0, 1, 1, 1, 0, 0
1, 0, 1, 0, 1, 1, 1, 1, 0
1, 0, 1, 1, 0, 0, 0, 0, 0
1, 0, 1, 1, 0, 0, 0, 1, 0
1, 0, 1, 1, 0, 0, 1, 0, 0
1, 0, 1, 1, 0, 0, 1, 1, 0
1, 0, 1, 1, 0, 1, 0, 0, 0
1, 0, 1, 1, 0, 1, 0, 1, 0
1, 0, 1, 1, 0, 1, 1, 0, 0
1, 0, 1, 1, 0, 1, 1, 1, 0
1, 0, 1, 1, 1, 0, 0, 0, 0
1, 0, 1, 1, 1, 0, 0, 1, 0
1, 0, 1, 1, 1, 0, 1, 0, 0
1, 0, 1, 1, 1, 0, 1, 1, 0
1, 0, 1, 1, 1, 1, 0, 0, 0
1, 0, 1, 1, 1, 1, 0, 1, 0
1, 0, 1, 1, 1, 1, 1, 0, 0
1, 0, 1, 1, 1, 1, 1, 1, 0
1, 1, 0, 0, 0, 0, 0, 0, 0
1, 1, 0, 0, 0, 0, 0, 1, 0
1, 1, 0, 0, 0, 0, 1, 0, 0
1, 1, 0, 0, 0, 0, 1, 1, 0
1, 1, 0, 0, 0, 1, 0, 0, 0
1, 1, 0, 0, 0, 1, 0, 1, 0
1, 1, 0, 0, 0, 1, 1, 0, 0
1, 1, 0, 0, 0, 1, 1, 1, 0
1, 1, 0, 0, 1, 0, 0, 0, 0
1, 1, 0, 0, 1, 0, 0, 1, 0
1, 1, 0, 0, 1, 0, 1, 0, 0
1, 1, 0, 0, 1, 0, 1, 1, 0
1, 1, 0, 0, 1, 1, 0, 0, 0
1, 1, 0, 0, 1, 1, 0, 1, 0
1, 1, 0, 0, 1, 1, 1, 0, 0
1, 1, 0, 0, 1, 1, 1, 1, 0
1, 1, 0, 1, 0, 0, 0, 0, 0
1, 1, 0, 1, 0, 0, 0, 1, 0
1, 1, 0, 1, 0, 0, 1, 0, 0
1, 1, 0, 1, 0, 0, 1, 1, 0
1, 1, 0, 1, 0, 1, 0, 0, 0
1, 1, 0, 1, 0, 1, 0, 1, 0
1, 1, 0, 1, 0, 1, 1, 0, 0
1, 1, 0, 1, 0, 1, 1, 1, 0
1, 1, 0, 1, 1, 0, 0, 0, 0
1, 1, 0, 1, 1, 0, 0, 1, 0
1, 1, 0, 1, 1, 0, 1, 0, 0
1, 1, 0, 1, 1, 0, 1, 1, 0
1, 1, 0, 1, 1, 1, 0, 0, 0
1, 1, 0, 1, 1, 1, 0, 1, 0
1, 1, 0, 1, 1, 1, 1, 0, 0
1, 1, 0, 1, 1, 1, 1, 1, 0
1, 1, 1, 0, 0, 0, 0, 0, 0
1, 1, 1, 0, 0, 0, 0, 1, 0
1, 1, 1, 0, 0, 0, 1, 0, 0
1, 1, 1, 0, 0, 0, 1, 1, 0
1, 1, 1, 0, 0, 1, 0, 0, 0
1, 1, 1, 0, 0, 1, 0, 1, 0
1, 1, 1, 0, 0, 1, 1, 0, 0
1, 1, 1, 0, 0, 1, 1, 1, 0
1, 1, 1, 0, 1, 0, 0, 0, 0
1, 1, 1, 0, 1, 0, 0, 1, 0
1, 1, 1, 0, 1, 0, 1, 0, 0
1, 1, 1, 0, 1, 0, 1, 1, 0
1, 1, 1, 0, 1, 1, 0, 0, 0
1, 1, 1, 0, 1, 1, 0, 1, 0
1, 1, 1, 0, 1, 1, 1, 0, 0
1, 1, 1, 0, 1, 1, 1, 1, 0
1, 1, 1, 1, 0, 0, 0, 0, 0
1, 1, 1, 1, 0, 0, 0, 1, 0
1, 1, 1, 1, 0, 0, 1, 0, 0
1, 1, 1, 1, 0, 0, 1, 1, 0
1, 1, 1, 1, 0, 1, 0, 0, 0
1, 1, 1, 1, 0, 1, 0, 1, 0
1, 1, 1, 1, 0, 1, 1, 0, 0
1, 1, 1, 1, 0, 1, 1, 1, 0
1, 1, 1, 1, 1, 0, 0, 0, 0
1, 1, 1, 1, 1, 0, 0, 1, 0
1, 1, 1, 1, 1, 0, 1, 0, 0
1, 1, 1, 1, 1, 0, 1, 1, 0
1, 1, 1, 1, 1, 1, 0, 0, 0
1, 1, 1, 1, 1, 1, 0, 1, 0
1, 1, 1, 1, 1, 1, 1, 0, 0
1, 1, 1, 1, 1, 1, 1, 1, 0
# CDH1 (AKT2, SNAI1, SNAI2, TWIST1, ZEB1, ZEB2, CDH1)
0, 0, 0, 0, 0, 0, 1
0, 0, 0, 0, 0, 1, 0
0, 0, 0, 0, 1, 0, 0
0, 0, 0, 0, 1, 1, 0
0, 0, 0, 1, 0, 0, 0
0, 0, 0, 1, 0, 1, 0
0, 0, 0, 1, 1, 0, 0
0, 0, 0, 1, 1, 1, 0
0, 0, 1, 0, 0, 0, 0
0, 0, 1, 0, 0, 1, 0
0, 0, 1, 0, 1, 0, 0
0, 0, 1, 0, 1, 1, 0
0, 0, 1, 1, 0, 0, 0
0, 0, 1, 1, 0, 1, 0
0, 0, 1, 1, 1, 0, 0
0, 0, 1, 1, 1, 1, 0
0, 1, 0, 0, 0, 0, 0
0, 1, 0, 0, 0, 1, 0
0, 1, 0, 0, 1, 0, 0
0, 1, 0, 0, 1, 1, 0
0, 1, 0, 1, 0, 0, 0
0, 1, 0, 1, 0, 1, 0
0, 1, 0, 1, 1, 0, 0
0, 1, 0, 1, 1, 1, 0
0, 1, 1, 0, 0, 0, 0
0, 1, 1, 0, 0, 1, 0
0, 1, 1, 0, 1, 0, 0
0, 1, 1, 0, 1, 1, 0
0, 1, 1, 1, 0, 0, 0
0, 1, 1, 1, 0, 1, 0
0, 1, 1, 1, 1, 0, 0
0, 1, 1, 1, 1, 1, 0
1, 0, 0, 0, 0, 0, 0
1, 0, 0, 0, 0, 1, 0
1, 0, 0, 0, 1, 0, 0
1, 0, 0, 0, 1, 1, 0
1, 0, 0, 1, 0, 0, 0
1, 0, 0, 1, 0, 1, 0
1, 0, 0, 1, 1, 0, 0
1, 0, 0, 1, 1, 1, 0
1, 0, 1, 0, 0, 0, 0
1, 0, 1, 0, 0, 1, 0
1, 0, 1, 0, 1, 0, 0
1, 0, 1, 0, 1, 1, 0
1, 0, 1, 1, 0, 0, 0
1, 0, 1, 1, 0, 1, 0
1, 0, 1, 1, 1, 0, 0
1, 0, 1, 1, 1, 1, 0
1, 1, 0, 0, 0, 0, 0
1, 1, 0, 0, 0, 1, 0
1, 1, 0, 0, 1, 0, 0
1, 1, 0, 0, 1, 1, 0
1, 1, 0, 1, 0, 0, 0
1, 1, 0, 1, 0, 1, 0
1, 1, 0, 1, 1, 0, 0
1, 1, 0, 1, 1, 1, 0
1, 1, 1, 0, 0, 0, 0
1, 1, 1, 0, 0, 1, 0
1, 1, 1, 0, 1, 0, 0
1, 1, 1, 0, 1, 1, 0
1, 1, 1, 1, 0, 0, 0
1, 1, 1, 1, 0, 1, 0
1, 1, 1, 1, 1, 0, 0
1, 1, 1, 1, 1, 1, 0
# CDH2 (TWIST1, CDH2)
0, 0
1, 1
# CellCycleArrest (AKT1, ZEB2, miR200, miR203, miR34, p21, CellCycleArrest)
0, 0, 0, 0, 0, 0, 0
0, 0, 0, 0, 0, 1, 1
0, 0, 0, 0, 1, 0, 1
0, 0, 0, 0, 1, 1, 1
0, 0, 0, 1, 0, 0, 1
0, 0, 0, 1, 0, 1, 1
0, 0, 0, 1, 1, 0, 1
0, 0, 0, 1, 1, 1, 1
0, 0, 1, 0, 0, 0, 1
0, 0, 1, 0, 0, 1, 1
0, 0, 1, 0, 1, 0, 1
0, 0, 1, 0, 1, 1, 1
0, 0, 1, 1, 0, 0, 1
0, 0, 1, 1, 0, 1, 1
0, 0, 1, 1, 1, 0, 1
0, 0, 1, 1, 1, 1, 1
0, 1, 0, 0, 0, 0, 1
0, 1, 0, 0, 0, 1, 1
0, 1, 0, 0, 1, 0, 1
0, 1, 0, 0, 1, 1, 1
0, 1, 0, 1, 0, 0, 1
0, 1, 0, 1, 0, 1, 1
0, 1, 0, 1, 1, 0, 1
0, 1, 0, 1, 1, 1, 1
0, 1, 1, 0, 0, 0, 1
0, 1, 1, 0, 0, 1, 1
0, 1, 1, 0, 1, 0, 1
0, 1, 1, 0, 1, 1, 1
0, 1, 1, 1, 0, 0, 1
0, 1, 1, 1, 0, 1, 1
0, 1, 1, 1, 1, 0, 1
0, 1, 1, 1, 1, 1, 1
1, 0, 0, 0, 0, 0, 0
1, 0, 0, 0, 0, 1, 0
1, 0, 0, 0, 1, 0, 0
1, 0, 0, 0, 1, 1, 0
1, 0, 0, 1, 0, 0, 0
1, 0, 0, 1, 0, 1, 0
1, 0, 0, 1, 1, 0, 0
1, 0, 0, 1, 1, 1, 0
1, 0, 1, 0, 0, 0, 0
1, 0, 1, 0, 0, 1, 0
1, 0, 1, 0, 1, 0, 0
1, 0, 1, 0, 1, 1, 0
1, 0, 1, 1, 0, 0, 0
1, 0, 1, 1, 0, 1, 0
1, 0, 1, 1, 1, 0, 0
1, 0, 1, 1, 1, 1, 0
1, 1, 0, 0, 0, 0, 0
1, 1, 0, 0, 0, 1, 0
1, 1, 0, 0, 1, 0, 0
1, 1, 0, 0, 1, 1, 0
1, 1, 0, 1, 0, 0, 0
1, 1, 0, 1, 0, 1, 0
1, 1, 0, 1, 1, 0, 0
1, 1, 0, 1, 1, 1, 0
1, 1, 1, 0, 0, 0, 0
1, 1, 1, 0, 0, 1, 0
1, 1, 1, 0, 1, 0, 0
1, 1, 1, 0, 1, 1, 0
1, 1, 1, 1, 0, 0, 0
1, 1, 1, 1, 0, 1, 0
1, 1, 1, 1, 1, 0, 0
1, 1, 1, 1, 1, 1, 0
# CTNNB1 (AKT1, CDH1, CDH2, DKK1, miR200, miR34, p53, p63, CTNNB1)
0, 0, 0, 0, 0, 0, 0, 0, 1
0, 0, 0, 0, 0, 0, 0, 1, 0
0, 0, 0, 0, 0, 0, 1, 0, 0
0, 0, 0, 0, 0, 0, 1, 1, 0
0, 0, 0, 0, 0, 1, 0, 0, 0
0, 0, 0, 0, 0, 1, 0, 1, 0
0, 0, 0, 0, 0, 1, 1, 0, 0
0, 0, 0, 0, 0, 1, 1, 1, 0
0, 0, 0, 0, 1, 0, 0, 0, 0
0, 0, 0, 0, 1, 0, 0, 1, 0
0, 0, 0, 0, 1, 0, 1, 0, 0
0, 0, 0, 0, 1, 0, 1, 1, 0
0, 0, 0, 0, 1, 1, 0, 0, 0
0, 0, 0, 0, 1, 1, 0, 1, 0
0, 0, 0, 0, 1, 1, 1, 0, 0
0, 0, 0, 0, 1, 1, 1, 1, 0
0, 0, 0, 1, 0, 0, 0, 0, 0
0, 0, 0, 1, 0, 0, 0, 1, 0
0, 0, 0, 1, 0, 0, 1, 0, 0
0, 0, 0, 1, 0, 0, 1, 1, 0
0, 0, 0, 1, 0, 1, 0, 0, 0
0, 0, 0, 1, 0, 1, 0, 1, 0
0, 0, 0, 1, 0, 1, 1, 0, 0
0, 0, 0, 1, 0, 1, 1, 1, 0
0, 0, 0, 1, 1, 0, 0, 0, 0
0, 0, 0, 1, 1, 0, 0, 1, 0
0, 0, 0, 1, 1, 0, 1, 0, 0
0, 0, 0, 1, 1, 0, 1, 1, 0
0, 0, 0, 1, 1, 1, 0, 0, 0
0, 0, 0, 1, 1, 1, 0, 1, 0
0, 0, 0, 1, 1, 1, 1, 0, 0
0, 0, 0, 1, 1, 1, 1, 1, 0
0, 0, 1, 0, 0, 0, 0, 0, 0
0, 0, 1, 0, 0, 0, 0, 1, 0
0, 0, 1, 0, 0, 0, 1, 0, 0
0, 0, 1, 0, 0, 0, 1, 1, 0
0, 0, 1, 0, 0, 1, 0, 0, 0
0, 0, 1, 0, 0, 1, 0, 1, 0
0, 0, 1, 0, 0, 1, 1, 0, 0
0, 0, 1, 0, 0, 1, 1, 1, 0
0, 0, 1, 0, 1, 0, 0, 0, 0
0, 0, 1, 0, 1, 0, 0, 1, 0
0, 0, 1, 0, 1, 0, 1, 0, 0
0, 0, 1, 0, 1, 0, 1, 1, 0
0, 0, 1, 0, 1, 1, 0, 0, 0
0, 0, 1, 0, 1, 1, 0, 1, 0
0, 0, 1, 0, 1, 1, 1, 0, 0
0, 0, 1, 0, 1, 1, 1, 1, 0
0, 0, 1, 1, 0, 0, 0, 0, 0
0, 0, 1, 1, 0, 0, 0, 1, 0
0, 0, 1, 1, 0, 0, 1, 0, 0
0, 0, 1, 1, 0, 0, 1, 1, 0
0, 0, 1, 1, 0, 1, 0, 0, 0
0, 0, 1, 1, 0, 1, 0, 1, 0
0, 0, 1, 1, 0, 1, 1, 0, 0
0, 0, 1, 1, 0, 1, 1, 1, 0
0, 0, 1, 1, 1, 0, 0, 0, 0
0, 0, 1, 1, 1, 0, 0, 1, 0
0, 0, 1, 1, 1, 0, 1, 0, 0
0, 0, 1, 1, 1, 0, 1, 1, 0
0, 0, 1, 1, 1, 1, 0, 0, 0
0, 0, 1, 1, 1, 1, 0, 1, 0
0, 0, 1, 1, 1, 1, 1, 0, 0
0, 0, 1, 1, 1, 1, 1, 1, 0
0, 1, 0, 0, 0, 0, 0, 0, 0
0, 1, 0, 0, 0, 0, 0, 1, 0
0, 1, 0, 0, 0, 0, 1, 0, 0
0, 1, 0, 0, 0, 0, 1, 1, 0
0, 1, 0, 0, 0, 1, 0, 0, 0
0, 1, 0, 0, 0, 1, 0, 1, 0
0, 1, 0, 0, 0, 1, 1, 0, 0
0, 1, 0, 0, 0, 1, 1, 1, 0
0, 1, 0, 0, 1, 0, 0, 0, 0
0, 1, 0, 0, 1, 0, 0, 1, 0
0, 1, 0, 0, 1, 0, 1, 0, 0
0, 1, 0, 0, 1, 0, 1, 1, 0
0, 1, 0, 0, 1, 1, 0, 0, 0
0, 1, 0, 0, 1, 1, 0, 1, 0
0, 1, 0, 0, 1, 1, 1, 0, 0
0, 1, 0, 0, 1, 1, 1, 1, 0
0, 1, 0, 1, 0, 0, 0, 0, 0
0, 1, 0, 1, 0, 0, 0, 1, 0
0, 1, 0, 1, 0, 0, 1, 0, 0
0, 1, 0, 1, 0, 0, 1, 1, 0
0, 1, 0, 1, 0, 1, 0, 0, 0
0, 1, 0, 1, 0, 1, 0, 1, 0
0, 1, 0, 1, 0, 1, 1, 0, 0
0, 1, 0, 1, 0, 1, 1, 1, 0
0, 1, 0, 1, 1, 0, 0, 0, 0
0, 1, 0, 1, 1, 0, 0, 1, 0
0, 1, 0, 1, 1, 0, 1, 0, 0
0, 1, 0, 1, 1, 0, 1, 1, 0
0, 1, 0, 1, 1, 1, 0, 0, 0
0, 1, 0, 1, 1, 1, 0, 1, 0
0, 1, 0, 1, 1, 1, 1, 0, 0
0, 1, 0, 1, 1, 1, 1, 1, 0
0, 1, 1, 0, 0, 0, 0, 0, 0
0, 1, 1, 0, 0, 0, 0, 1, 0
0, 1, 1, 0, 0, 0, 1, 0, 0
0, 1, 1, 0, 0, 0, 1, 1, 0
0, 1, 1, 0, 0, 1, 0, 0, 0
0, 1, 1, 0, 0, 1, 0, 1, 0
0, 1, 1, 0, 0, 1, 1, 0, 0
0, 1, 1, 0, 0, 1, 1, 1, 0
0, 1, 1, 0, 1, 0, 0, 0, 0
0, 1, 1, 0, 1, 0, 0, 1, 0
0, 1, 1, 0, 1, 0, 1, 0, 0
0, 1, 1, 0, 1, 0, 1, 1, 0
0, 1, 1, 0, 1, 1, 0, 0, 0
0, 1, 1, 0, 1, 1, 0, 1, 0
0, 1, 1, 0, 1, 1, 1, 0, 0
0, 1, 1, 0, 1, 1, 1, 1, 0
0, 1, 1, 1, 0, 0, 0, 0, 0
0, 1, 1, 1, 0, 0, 0, 1, 0
0, 1, 1, 1, 0, 0, 1, 0, 0
0, 1, 1, 1, 0, 0, 1, 1, 0
0, 1, 1, 1, 0, 1, 0, 0, 0
0, 1, 1, 1, 0, 1, 0, 1, 0
0, 1, 1, 1, 0, 1, 1, 0, 0
0, 1, 1, 1, 0, 1, 1, 1, 0
0, 1, 1, 1, 1, 0, 0, 0, 0
0, 1, 1, 1, 1, 0, 0, 1, 0
0, 1, 1, 1, 1, 0, 1, 0, 0
0, 1, 1, 1, 1, 0, 1, 1, 0
0, 1, 1, 1, 1, 1, 0, 0, 0
0, 1, 1, 1, 1, 1, 0, 1, 0
0, 1, 1, 1, 1, 1, 1, 0, 0
0, 1, 1, 1, 1, 1, 1, 1, 0
1, 0, 0, 0, 0, 0, 0, 0, 0
1, 0, 0, 0, 0, 0, 0, 1, 0
1, 0, 0, 0, 0, 0, 1, 0, 0
1, 0, 0, 0, 0, 0, 1, 1, 0
1, 0, 0, 0, 0, 1, 0, 0, 0
1, 0, 0, 0, 0, 1, 0, 1, 0
1, 0, 0, 0, 0, 1, 1, 0, 0
1, 0, 0, 0, 0, 1, 1, 1, 0
1, 0, 0, 0, 1, 0, 0, 0, 0
1, 0, 0, 0, 1, 0, 0, 1, 0
1, 0, 0, 0, 1, 0, 1, 0, 0
1, 0, 0, 0, 1, 0, 1, 1, 0
1, 0, 0, 0, 1, 1, 0, 0, 0
1, 0, 0, 0, 1, 1, 0, 1, 0
1, 0, 0, 0, 1, 1, 1, 0, 0
1, 0, 0, 0, 1, 1, 1, 1, 0
1, 0, 0, 1, 0, 0, 0, 0, 0
1, 0, 0, 1, 0, 0, 0, 1, 0
1, 0, 0, 1, 0, 0, 1, 0, 0
1, 0, 0, 1, 0, 0, 1, 1, 0
1, 0, 0, 1, 0, 1, 0, 0, 0
1, 0, 0, 1, 0, 1, 0, 1, 0
1, 0, 0, 1, 0, 1, 1, 0, 0
1, 0, 0, 1, 0, 1, 1, 1, 0
1, 0, 0, 1, 1, 0, 0, 0, 0
1, 0, 0, 1, 1, 0, 0, 1, 0
1, 0, 0, 1, 1, 0, 1, 0, 0
1, 0, 0, 1, 1, 0, 1, 1, 0
1, 0, 0, 1, 1, 1, 0, 0, 0
1, 0, 0, 1, 1, 1, 0, 1, 0
1, 0, 0, 1, 1, 1, 1, 0, 0
1, 0, 0, 1, 1, 1, 1, 1, 0
1, 0, 1, 0, 0, 0, 0, 0, 0
1, 0, 1, 0, 0, 0, 0, 1, 0
1, 0, 1, 0, 0, 0, 1, 0, 0
1, 0, 1, 0, 0, 0, 1, 1, 0
1, 0, 1, 0, 0, 1, 0, 0, 0
1, 0, 1, 0, 0, 1, 0, 1, 0
1, 0, 1, 0, 0, 1, 1, 0, 0
1, 0, 1, 0, 0, 1, 1, 1, 0
1, 0, 1, 0, 1, 0, 0, 0, 0
1, 0, 1, 0, 1, 0, 0, 1, 0
1, 0, 1, 0, 1, 0, 1, 0, 0
1, 0, 1, 0, 1, 0, 1, 1, 0
1, 0, 1, 0, 1, 1, 0, 0, 0
1, 0, 1, 0, 1, 1, 0, 1, 0
1, 0, 1, 0, 1, 1, 1, 0, 0
1, 0, 1, 0, 1, 1, 1, 1, 0
1, 0, 1, 1, 0, 0, 0, 0, 0
1, 0, 1, 1, 0, 0, 0, 1, 0
1, 0, 1, 1, 0, 0, 1, 0, 0
1, 0, 1, 1, 0, 0, 1, 1, 0
1, 0, 1, 1, 0, 1, 0, 0, 0
1, 0, 1, 1, 0, 1, 0, 1, 0
1, 0, 1, 1, 0, 1, 1, 0, 0
1, 0, 1, 1, 0, 1, 1, 1, 0
1, 0, 1, 1, 1, 0, 0, 0, 0
1, 0, 1, 1, 1, 0, 0, 1, 0
1, 0, 1, 1, 1, 0, 1, 0, 0
1, 0, 1, 1, 1, 0, 1, 1, 0
1, 0, 1, 1, 1, 1, 0, 0, 0
1, 0, 1, 1, 1, 1, 0, 1, 0
1, 0, 1, 1, 1, 1, 1, 0, 0
1, 0, 1, 1, 1, 1, 1, 1, 0
1, 1, 0, 0, 0, 0, 0, 0, 0
1, 1, 0, 0, 0, 0, 0, 1, 0
1, 1, 0, 0, 0, 0, 1, 0, 0
1, 1, 0, 0, 0, 0, 1, 1, 0
1, 1, 0, 0, 0, 1, 0, 0, 0
1, 1, 0, 0, 0, 1, 0, 1, 0
1, 1, 0, 0, 0, 1, 1, 0, 0
1, 1, 0, 0, 0, 1, 1, 1, 0
1, 1, 0, 0, 1, 0, 0, 0, 0
1, 1, 0, 0, 1, 0, 0, 1, 0
1, 1, 0, 0, 1, 0, 1, 0, 0
1, 1, 0, 0, 1, 0, 1, 1, 0
1, 1, 0, 0, 1, 1, 0, 0, 0
1, 1, 0, 0, 1, 1, 0, 1, 0
1, 1, 0, 0, 1, 1, 1, 0, 0
1, 1, 0, 0, 1, 1, 1, 1, 0
1, 1, 0, 1, 0, 0, 0, 0, 0
1, 1, 0, 1, 0, 0, 0, 1, 0
1, 1, 0, 1, 0, 0, 1, 0, 0
1, 1, 0, 1, 0, 0, 1, 1, 0
1, 1, 0, 1, 0, 1, 0, 0, 0
1, 1, 0, 1, 0, 1, 0, 1, 0
1, 1, 0, 1, 0, 1, 1, 0, 0
1, 1, 0, 1, 0, 1, 1, 1, 0
1, 1, 0, 1, 1, 0, 0, 0, 0
1, 1, 0, 1, 1, 0, 0, 1, 0
1, 1, 0, 1, 1, 0, 1, 0, 0
1, 1, 0, 1, 1, 0, 1, 1, 0
1, 1, 0, 1, 1, 1, 0, 0, 0
1, 1, 0, 1, 1, 1, 0, 1, 0
1, 1, 0, 1, 1, 1, 1, 0, 0
1, 1, 0, 1, 1, 1, 1, 1, 0
1, 1, 1, 0, 0, 0, 0, 0, 0
1, 1, 1, 0, 0, 0, 0, 1, 0
1, 1, 1, 0, 0, 0, 1, 0, 0
1, 1, 1, 0, 0, 0, 1, 1, 0
1, 1, 1, 0, 0, 1, 0, 0, 0
1, 1, 1, 0, 0, 1, 0, 1, 0
1, 1, 1, 0, 0, 1, 1, 0, 0
1, 1, 1, 0, 0, 1, 1, 1, 0
1, 1, 1, 0, 1, 0, 0, 0, 0
1, 1, 1, 0, 1, 0, 0, 1, 0
1, 1, 1, 0, 1, 0, 1, 0, 0
1, 1, 1, 0, 1, 0, 1, 1, 0
1, 1, 1, 0, 1, 1, 0, 0, 0
1, 1, 1, 0, 1, 1, 0, 1, 0
1, 1, 1, 0, 1, 1, 1, 0, 0
1, 1, 1, 0, 1, 1, 1, 1, 0
1, 1, 1, 1, 0, 0, 0, 0, 0
1, 1, 1, 1, 0, 0, 0, 1, 0
1, 1, 1, 1, 0, 0, 1, 0, 0
1, 1, 1, 1, 0, 0, 1, 1, 0
1, 1, 1, 1, 0, 1, 0, 0, 0
1, 1, 1, 1, 0, 1, 0, 1, 0
1, 1, 1, 1, 0, 1, 1, 0, 0
1, 1, 1, 1, 0, 1, 1, 1, 0
1, 1, 1, 1, 1, 0, 0, 0, 0
1, 1, 1, 1, 1, 0, 0, 1, 0
1, 1, 1, 1, 1, 0, 1, 0, 0
1, 1, 1, 1, 1, 0, 1, 1, 0
1, 1, 1, 1, 1, 1, 0, 0, 0
1, 1, 1, 1, 1, 1, 0, 1, 0
1, 1, 1, 1, 1, 1, 1, 0, 0
1, 1, 1, 1, 1, 1, 1, 1, 0
# DKK1 (CTNNB1, NICD, DKK1)
0, 0, 0
0, 1, 1
1, 0, 1
1, 1, 1
# EMT (CDH1, CDH2, EMT)
0, 0, 0
0, 1, 1
1, 0, 0
1, 1, 0
# ERK (AKT1, CDH2, GF, NICD, SMAD, ERK)
0, 0, 0, 0, 0, 0
0, 0, 0, 0, 1, 1
0, 0, 0, 1, 0, 1
0, 0, 0, 1, 1, 1
0, 0, 1, 0, 0, 1
0, 0, 1, 0, 1, 1
0, 0, 1, 1, 0, 1
0, 0, 1, 1, 1, 1
0, 1, 0, 0, 0, 1
0, 1, 0, 0, 1, 1
0, 1, 0, 1, 0, 1
0, 1, 0, 1, 1, 1
0, 1, 1, 0, 0, 1
0, 1, 1, 0, 1, 1
0, 1, 1, 1, 0, 1
0, 1, 1, 1, 1, 1
1, 0, 0, 0, 0, 0
1, 0, 0, 0, 1, 0
1, 0, 0, 1, 0, 0
1, 0, 0, 1, 1, 0
1, 0, 1, 0, 0, 0
1, 0, 1, 0, 1, 0
1, 0, 1, 1, 0, 0
1, 0, 1, 1, 1, 0
1, 1, 0, 0, 0, 0
1, 1, 0, 0, 1, 0
1, 1, 0, 1, 0, 0
1, 1, 0, 1, 1, 0
1, 1, 1, 0, 0, 0
1, 1, 1, 0, 1, 0
1, 1, 1, 1, 0, 0
1, 1, 1, 1, 1, 0
# GF (CDH1, CDH2, GF, GF)
0, 0, 0, 0
0, 0, 1, 1
0, 1, 0, 1
0, 1, 1, 1
1, 0, 0, 0
1, 0, 1, 0
1, 1, 0, 0
1, 1, 1, 0
# Invasion (CDH2, CTNNB1, SMAD, Invasion)
0, 0, 0, 0
0, 0, 1, 0
0, 1, 0, 1
0, 1, 1, 1
1, 0, 0, 0
1, 0, 1, 1
1, 1, 0, 1
1, 1, 1, 1
# Metastasis (Migration, Metastasis)
0, 0
1, 1
# Migration (AKT1, AKT2, EMT, ERK, Invasion, VIM, miR200, p63, Migration)
0, 0, 0, 0, 0, 0, 0, 0, 0
0, 0, 0, 0, 0, 0, 0, 1, 0
0, 0, 0, 0, 0, 0, 1, 0, 0
0, 0, 0, 0, 0, 0, 1, 1, 0
0, 0, 0, 0, 0, 1, 0, 0, 0
0, 0, 0, 0, 0, 1, 0, 1, 0
0, 0, 0, 0, 0, 1, 1, 0, 0
0, 0, 0, 0, 0, 1, 1, 1, 0
0, 0, 0, 0, 1, 0, 0, 0, 0
0, 0, 0, 0, 1, 0, 0, 1, 0
0, 0, 0, 0, 1, 0, 1, 0, 0
0, 0, 0, 0, 1, 0, 1, 1, 0
0, 0, 0, 0, 1, 1, 0, 0, 0
0, 0, 0, 0, 1, 1, 0, 1, 0
0, 0, 0, 0, 1, 1, 1, 0, 0
0, 0, 0, 0, 1, 1, 1, 1, 0
0, 0, 0, 1, 0, 0, 0, 0, 0
0, 0, 0, 1, 0, 0, 0, 1, 0
0, 0, 0, 1, 0, 0, 1, 0, 0
0, 0, 0, 1, 0, 0, 1, 1, 0
0, 0, 0, 1, 0, 1, 0, 0, 0
0, 0, 0, 1, 0, 1, 0, 1, 0
0, 0, 0, 1, 0, 1, 1, 0, 0
0, 0, 0, 1, 0, 1, 1, 1, 0
0, 0, 0, 1, 1, 0, 0, 0, 0
0, 0, 0, 1, 1, 0, 0, 1, 0
0, 0, 0, 1, 1, 0, 1, 0, 0
0, 0, 0, 1, 1, 0, 1, 1, 0
0, 0, 0, 1, 1, 1, 0, 0, 0
0, 0, 0, 1, 1, 1, 0, 1, 0
0, 0, 0, 1, 1, 1, 1, 0, 0
0, 0, 0, 1, 1, 1, 1, 1, 0
0, 0, 1, 0, 0, 0, 0, 0, 0
0, 0, 1, 0, 0, 0, 0, 1, 0
0, 0, 1, 0, 0, 0, 1, 0, 0
0, 0, 1, 0, 0, 0, 1, 1, 0
0, 0, 1, 0, 0, 1, 0, 0, 0
0, 0, 1, 0, 0, 1, 0, 1, 0
0, 0, 1, 0, 0, 1, 1, 0, 0
0, 0, 1, 0, 0, 1, 1, 1, 0
0, 0, 1, 0, 1, 0, 0, 0, 0
0, 0, 1, 0, 1, 0, 0, 1, 0
0, 0, 1, 0, 1, 0, 1, 0, 0
0, 0, 1, 0, 1, 0, 1, 1, 0
0, 0, 1, 0, 1, 1, 0, 0, 0
0, 0, 1, 0, 1, 1, 0, 1, 0
0, 0, 1, 0, 1, 1, 1, 0, 0
0, 0, 1, 0, 1, 1, 1, 1, 0
0, 0, 1, 1, 0, 0, 0, 0, 0
0, 0, 1, 1, 0, 0, 0, 1, 0
0, 0, 1, 1, 0, 0, 1, 0, 0
0, 0, 1, 1, 0, 0, 1, 1, 0
0, 0, 1, 1, 0, 1, 0, 0, 0
0, 0, 1, 1, 0, 1, 0, 1, 0
0, 0, 1, 1, 0, 1, 1, 0, 0
0, 0, 1, 1, 0, 1, 1, 1, 0
0, 0, 1, 1, 1, 0, 0, 0, 0
0, 0, 1, 1, 1, 0, 0, 1, 0
0, 0, 1, 1, 1, 0, 1, 0, 0
0, 0, 1, 1, 1, 0, 1, 1, 0
0, 0, 1, 1, 1, 1, 0, 0, 0
0, 0, 1, 1, 1, 1, 0, 1, 0
0, 0, 1, 1, 1, 1, 1, 0, 0
0, 0, 1, 1, 1, 1, 1, 1, 0
0, 1, 0, 0, 0, 0, 0, 0, 0
0, 1, 0, 0, 0, 0, 0, 1, 0
0, 1, 0, 0, 0, 0, 1, 0, 0
0, 1, 0, 0, 0, 0, 1, 1, 0
0, 1, 0, 0, 0, 1, 0, 0, 0
0, 1, 0, 0, 0, 1, 0, 1, 0
0, 1, 0, 0, 0, 1, 1, 0, 0
0, 1, 0, 0, 0, 1, 1, 1, 0
0, 1, 0, 0, 1, 0, 0, 0, 0
0, 1, 0, 0, 1, 0, 0, 1, 0
0, 1, 0, 0, 1, 0, 1, 0, 0
0, 1, 0, 0, 1, 0, 1, 1, 0
0, 1, 0, 0, 1, 1, 0, 0, 0
0, 1, 0, 0, 1, 1, 0, 1, 0
0, 1, 0, 0, 1, 1, 1, 0, 0
0, 1, 0, 0, 1, 1, 1, 1, 0
0, 1, 0, 1, 0, 0, 0, 0, 0
0, 1, 0, 1, 0, 0, 0, 1, 0
0, 1, 0, 1, 0, 0, 1, 0, 0
0, 1, 0, 1, 0, 0, 1, 1, 0
0, 1, 0, 1, 0, 1, 0, 0, 0
0, 1, 0, 1, 0, 1, 0, 1, 0
0, 1, 0, 1, 0, 1, 1, 0, 0
0, 1, 0, 1, 0, 1, 1, 1, 0
0, 1, 0, 1, 1, 0, 0, 0, 0
0, 1, 0, 1, 1, 0, 0, 1, 0
0, 1, 0, 1, 1, 0, 1, 0, 0
0, 1, 0, 1, 1, 0, 1, 1, 0
0, 1, 0, 1, 1, 1, 0, 0, 0
0, 1, 0, 1, 1, 1, 0, 1, 0
0, 1, 0, 1, 1, 1, 1, 0, 0
0, 1, 0, 1, 1, 1, 1, 1, 0
0, 1, 1, 0, 0, 0, 0, 0, 0
0, 1, 1, 0, 0, 0, 0, 1, 0
0, 1, 1, 0, 0, 0, 1, 0, 0
0, 1, 1, 0, 0, 0, 1, 1, 0
0, 1, 1, 0, 0, 1, 0, 0, 0
0, 1, 1, 0, 0, 1, 0, 1, 0
0, 1, 1, 0, 0, 1, 1, 0, 0
0, 1, 1, 0, 0, 1, 1, 1, 0
0, 1, 1, 0, 1, 0, 0, 0, 0
0, 1, 1, 0, 1, 0, 0, 1, 0
0, 1, 1, 0, 1, 0, 1, 0, 0
0, 1, 1, 0, 1, 0, 1, 1, 0
0, 1, 1, 0, 1, 1, 0, 0, 0
0, 1, 1, 0, 1, 1, 0, 1, 0
0, 1, 1, 0, 1, 1, 1, 0, 0
0, 1, 1, 0, 1, 1, 1, 1, 0
0, 1, 1, 1, 0, 0, 0, 0, 0
0, 1, 1, 1, 0, 0, 0, 1, 0
0, 1, 1, 1, 0, 0, 1, 0, 0
0, 1, 1, 1, 0, 0, 1, 1, 0
0, 1, 1, 1, 0, 1, 0, 0, 0
0, 1, 1, 1, 0, 1, 0, 1, 0
0, 1, 1, 1, 0, 1, 1, 0, 0
0, 1, 1, 1, 0, 1, 1, 1, 0
0, 1, 1, 1, 1, 0, 0, 0, 0
0, 1, 1, 1, 1, 0, 0, 1, 0
0, 1, 1, 1, 1, 0, 1, 0, 0
0, 1, 1, 1, 1, 0, 1, 1, 0
0, 1, 1, 1, 1, 1, 0, 0, 1
0, 1, 1, 1, 1, 1, 0, 1, 0
0, 1, 1, 1, 1, 1, 1, 0, 0
0, 1, 1, 1, 1, 1, 1, 1, 0
1, 0, 0, 0, 0, 0, 0, 0, 0
1, 0, 0, 0, 0, 0, 0, 1, 0
1, 0, 0, 0, 0, 0, 1, 0, 0
1, 0, 0, 0, 0, 0, 1, 1, 0
1, 0, 0, 0, 0, 1, 0, 0, 0
1, 0, 0, 0, 0, 1, 0, 1, 0
1, 0, 0, 0, 0, 1, 1, 0, 0
1, 0, 0, 0, 0, 1, 1, 1, 0
1, 0, 0, 0, 1, 0, 0, 0, 0
1, 0, 0, 0, 1, 0, 0, 1, 0
1, 0, 0, 0, 1, 0, 1, 0, 0
1, 0, 0, 0, 1, 0, 1, 1, 0
1, 0, 0, 0, 1, 1, 0, 0, 0
1, 0, 0, 0, 1, 1, 0, 1, 0
1, 0, 0, 0, 1, 1, 1, 0, 0
1, 0, 0, 0, 1, 1, 1, 1, 0
1, 0, 0, 1, 0, 0, 0, 0, 0
1, 0, 0, 1, 0, 0, 0, 1, 0
1, 0, 0, 1, 0, 0, 1, 0, 0
1, 0, 0, 1, 0, 0, 1, 1, 0
1, 0, 0, 1, 0, 1, 0, 0, 0
1, 0, 0, 1, 0, 1, 0, 1, 0
1, 0, 0, 1, 0, 1, 1, 0, 0
1, 0, 0, 1, 0, 1, 1, 1, 0
1, 0, 0, 1, 1, 0, 0, 0, 0
1, 0, 0, 1, 1, 0, 0, 1, 0
1, 0, 0, 1, 1, 0, 1, 0, 0
1, 0, 0, 1, 1, 0, 1, 1, 0
1, 0, 0, 1, 1, 1, 0, 0, 0
1, 0, 0, 1, 1, 1, 0, 1, 0
1, 0, 0, 1, 1, 1, 1, 0, 0
1, 0, 0, 1, 1, 1, 1, 1, 0
1, 0, 1, 0, 0, 0, 0, 0, 0
1, 0, 1, 0, 0, 0, 0, 1, 0
1, 0, 1, 0, 0, 0, 1, 0, 0
1, 0, 1, 0, 0, 0, 1, 1, 0
1, 0, 1, 0, 0, 1, 0, 0, 0
1, 0, 1, 0, 0, 1, 0, 1, 0
1, 0, 1, 0, 0, 1, 1, 0, 0
1, 0, 1, 0, 0, 1, 1, 1, 0
1, 0, 1, 0, 1, 0, 0, 0, 0
1, 0, 1, 0, 1, 0, 0, 1, 0
1, 0, 1, 0, 1, 0, 1, 0, 0
1, 0, 1, 0, 1, 0, 1, 1, 0
1, 0, 1, 0, 1, 1, 0, 0, 0
1, 0, 1, 0, 1, 1, 0, 1, 0
1, 0, 1, 0, 1, 1, 1, 0, 0
1, 0, 1, 0, 1, 1, 1, 1, 0
1, 0, 1, 1, 0, 0, 0, 0, 0
1, 0, 1, 1, 0, 0, 0, 1, 0
1, 0, 1, 1, 0, 0, 1, 0, 0
1, 0, 1, 1, 0, 0, 1, 1, 0
1, 0, 1, 1, 0, 1, 0, 0, 0
1, 0, 1, 1, 0, 1, 0, 1, 0
1, 0, 1, 1, 0, 1, 1, 0, 0
1, 0, 1, 1, 0, 1, 1, 1, 0
1, 0, 1, 1, 1, 0, 0, 0, 0
1, 0, 1, 1, 1, 0, 0, 1, 0
1, 0, 1, 1, 1, 0, 1, 0, 0
1, 0, 1, 1, 1, 0, 1, 1, 0
1, 0, 1, 1, 1, 1, 0, 0, 0
1, 0, 1, 1, 1, 1, 0, 1, 0
1, 0, 1, 1, 1, 1, 1, 0, 0
1, 0, 1, 1, 1, 1, 1, 1, 0
1, 1, 0, 0, 0, 0, 0, 0, 0
1, 1, 0, 0, 0, 0, 0, 1, 0
1, 1, 0, 0, 0, 0, 1, 0, 0
1, 1, 0, 0, 0, 0, 1, 1, 0
1, 1, 0, 0, 0, 1, 0, 0, 0
1, 1, 0, 0, 0, 1, 0, 1, 0
1, 1, 0, 0, 0, 1, 1, 0, 0
1, 1, 0, 0, 0, 1, 1, 1, 0
1, 1, 0, 0, 1, 0, 0, 0, 0
1, 1, 0, 0, 1, 0, 0, 1, 0
1, 1, 0, 0, 1, 0, 1, 0, 0
1, 1, 0, 0, 1, 0, 1, 1, 0
1, 1, 0, 0, 1, 1, 0, 0, 0
1, 1, 0, 0, 1, 1, 0, 1, 0
1, 1, 0, 0, 1, 1, 1, 0, 0
1, 1, 0, 0, 1, 1, 1, 1, 0
1, 1, 0, 1, 0, 0, 0, 0, 0
1, 1, 0, 1, 0, 0, 0, 1, 0
1, 1, 0, 1, 0, 0, 1, 0, 0
1, 1, 0, 1, 0, 0, 1, 1, 0
1, 1, 0, 1, 0, 1, 0, 0, 0
1, 1, 0, 1, 0, 1, 0, 1, 0
1, 1, 0, 1, 0, 1, 1, 0, 0
1, 1, 0, 1, 0, 1, 1, 1, 0
1, 1, 0, 1, 1, 0, 0, 0, 0
1, 1, 0, 1, 1, 0, 0, 1, 0
1, 1, 0, 1, 1, 0, 1, 0, 0
1, 1, 0, 1, 1, 0, 1, 1, 0
1, 1, 0, 1, 1, 1, 0, 0, 0
1, 1, 0, 1, 1, 1, 0, 1, 0
1, 1, 0, 1, 1, 1, 1, 0, 0
1, 1, 0, 1, 1, 1, 1, 1, 0
1, 1, 1, 0, 0, 0, 0, 0, 0
1, 1, 1, 0, 0, 0, 0, 1, 0
1, 1, 1, 0, 0, 0, 1, 0, 0
1, 1, 1, 0, 0, 0, 1, 1, 0
1, 1, 1, 0, 0, 1, 0, 0, 0
1, 1, 1, 0, 0, 1, 0, 1, 0
1, 1, 1, 0, 0, 1, 1, 0, 0
1, 1, 1, 0, 0, 1, 1, 1, 0
1, 1, 1, 0, 1, 0, 0, 0, 0
1, 1, 1, 0, 1, 0, 0, 1, 0
1, 1, 1, 0, 1, 0, 1, 0, 0
1, 1, 1, 0, 1, 0, 1, 1, 0
1, 1, 1, 0, 1, 1, 0, 0, 0
1, 1, 1, 0, 1, 1, 0, 1, 0
1, 1, 1, 0, 1, 1, 1, 0, 0
1, 1, 1, 0, 1, 1, 1, 1, 0
1, 1, 1, 1, 0, 0, 0, 0, 0
1, 1, 1, 1, 0, 0, 0, 1, 0
1, 1, 1, 1, 0, 0, 1, 0, 0
1, 1, 1, 1, 0, 0, 1, 1, 0
1, 1, 1, 1, 0, 1, 0, 0, 0
1, 1, 1, 1, 0, 1, 0, 1, 0
1, 1, 1, 1, 0, 1, 1, 0, 0
1, 1, 1, 1, 0, 1, 1, 1, 0
1, 1, 1, 1, 1, 0, 0, 0, 0
1, 1, 1, 1, 1, 0, 0, 1, 0
1, 1, 1, 1, 1, 0, 1, 0, 0
1, 1, 1, 1, 1, 0, 1, 1, 0
1, 1, 1, 1, 1, 1, 0, 0, 0
1, 1, 1, 1, 1, 1, 0, 1, 0
1, 1, 1, 1, 1, 1, 1, 0, 0
1, 1, 1, 1, 1, 1, 1, 1, 0
# miR200 (AKT2, SNAI1, SNAI2, ZEB1, ZEB2, p53, p63, p73, miR200)
0, 0, 0, 0, 0, 0, 0, 0, 0
0, 0, 0, 0, 0, 0, 0, 1, 1
0, 0, 0, 0, 0, 0, 1, 0, 1
0, 0, 0, 0, 0, 0, 1, 1, 1
0, 0, 0, 0, 0, 1, 0, 0, 1
0, 0, 0, 0, 0, 1, 0, 1, 1
0, 0, 0, 0, 0, 1, 1, 0, 1
0, 0, 0, 0, 0, 1, 1, 1, 1
0, 0, 0, 0, 1, 0, 0, 0, 0
0, 0, 0, 0, 1, 0, 0, 1, 0
0, 0, 0, 0, 1, 0, 1, 0, 0
0, 0, 0, 0, 1, 0, 1, 1, 0
0, 0, 0, 0, 1, 1, 0, 0, 0
0, 0, 0, 0, 1, 1, 0, 1, 0
0, 0, 0, 0, 1, 1, 1, 0, 0
0, 0, 0, 0, 1, 1, 1, 1, 0
0, 0, 0, 1, 0, 0, 0, 0, 0
0, 0, 0, 1, 0, 0, 0, 1, 0
0, 0, 0, 1, 0, 0, 1, 0, 0
0, 0, 0, 1, 0, 0, 1, 1, 0
0, 0, 0, 1, 0, 1, 0, 0, 0
0, 0, 0, 1, 0, 1, 0, 1, 0
0, 0, 0, 1, 0, 1, 1, 0, 0
0, 0, 0, 1, 0, 1, 1, 1, 0
0, 0, 0, 1, 1, 0, 0, 0, 0
0, 0, 0, 1, 1, 0, 0, 1, 0
0, 0, 0, 1, 1, 0, 1, 0, 0
0, 0, 0, 1, 1, 0, 1, 1, 0
0, 0, 0, 1, 1, 1, 0, 0, 0
0, 0, 0, 1, 1, 1, 0, 1, 0
0, 0, 0, 1, 1, 1, 1, 0, 0
0, 0, 0, 1, 1, 1, 1, 1, 0
0, 0, 1, 0, 0, 0, 0, 0, 0
0, 0, 1, 0, 0, 0, 0, 1, 0
0, 0, 1, 0, 0, 0, 1, 0, 0
0, 0, 1, 0, 0, 0, 1, 1, 0
0, 0, 1, 0, 0, 1, 0, 0, 0
0, 0, 1, 0, 0, 1, 0, 1, 0
0, 0, 1, 0, 0, 1, 1, 0, 0
0, 0, 1, 0, 0, 1, 1, 1, 0
0, 0, 1, 0, 1, 0, 0, 0, 0
0, 0, 1, 0, 1, 0, 0, 1, 0
0, 0, 1, 0, 1, 0, 1, 0, 0
0, 0, 1, 0, 1, 0, 1, 1, 0
0, 0, 1, 0, 1, 1, 0, 0, 0
0, 0, 1, 0, 1, 1, 0, 1, 0
0, 0, 1, 0, 1, 1, 1, 0, 0
0, 0, 1, 0, 1, 1, 1, 1, 0
0, 0, 1, 1, 0, 0, 0, 0, 0
0, 0, 1, 1, 0, 0, 0, 1, 0
0, 0, 1, 1, 0, 0, 1, 0, 0
0, 0, 1, 1, 0, 0, 1, 1, 0
0, 0, 1, 1, 0, 1, 0, 0, 0
0, 0, 1, 1, 0, 1, 0, 1, 0
0, 0, 1, 1, 0, 1, 1, 0, 0
0, 0, 1, 1, 0, 1, 1, 1, 0
0, 0, 1, 1, 1, 0, 0, 0, 0
0, 0, 1, 1, 1, 0, 0, 1, 0
0, 0, 1, 1, 1, 0, 1, 0, 0
0, 0, 1, 1, 1, 0, 1, 1, 0
0, 0, 1, 1, 1, 1, 0, 0, 0
0, 0, 1, 1, 1, 1, 0, 1, 0
0, 0, 1, 1, 1, 1, 1, 0, 0
0, 0, 1, 1, 1, 1, 1, 1, 0
0, 1, 0, 0, 0, 0, 0, 0, 0
0, 1, 0, 0, 0, 0, 0, 1, 0
0, 1, 0, 0, 0, 0, 1, 0, 0
0, 1, 0, 0, 0, 0, 1, 1, 0
0, 1, 0, 0, 0, 1, 0, 0, 0
0, 1, 0, 0, 0, 1, 0, 1, 0
0, 1, 0, 0, 0, 1, 1, 0, 0
0, 1, 0, 0, 0, 1, 1, 1, 0
0, 1, 0, 0, 1, 0, 0, 0, 0
0, 1, 0, 0, 1, 0, 0, 1, 0
0, 1, 0, 0, 1, 0, 1, 0, 0
0, 1, 0, 0, 1, 0, 1, 1, 0
0, 1, 0, 0, 1, 1, 0, 0, 0
0, 1, 0, 0, 1, 1, 0, 1, 0
0, 1, 0, 0, 1, 1, 1, 0, 0
0, 1, 0, 0, 1, 1, 1, 1, 0
0, 1, 0, 1, 0, 0, 0, 0, 0
0, 1, 0, 1, 0, 0, 0, 1, 0
0, 1, 0, 1, 0, 0, 1, 0, 0
0, 1, 0, 1, 0, 0, 1, 1, 0
0, 1, 0, 1, 0, 1, 0, 0, 0
0, 1, 0, 1, 0, 1, 0, 1, 0
0, 1, 0, 1, 0, 1, 1, 0, 0
0, 1, 0, 1, 0, 1, 1, 1, 0
0, 1, 0, 1, 1, 0, 0, 0, 0
0, 1, 0, 1, 1, 0, 0, 1, 0
0, 1, 0, 1, 1, 0, 1, 0, 0
0, 1, 0, 1, 1, 0, 1, 1, 0
0, 1, 0, 1, 1, 1, 0, 0, 0
0, 1, 0, 1, 1, 1, 0, 1, 0
0, 1, 0, 1, 1, 1, 1, 0, 0
0, 1, 0, 1, 1, 1, 1, 1, 0
0, 1, 1, 0, 0, 0, 0, 0, 0
0, 1, 1, 0, 0, 0, 0, 1, 0
0, 1, 1, 0, 0, 0, 1, 0, 0
0, 1, 1, 0, 0, 0, 1, 1, 0
0, 1, 1, 0, 0, 1, 0, 0, 0
0, 1, 1, 0, 0, 1, 0, 1, 0
0, 1, 1, 0, 0, 1, 1, 0, 0
0, 1, 1, 0, 0, 1, 1, 1, 0
0, 1, 1, 0, 1, 0, 0, 0, 0
0, 1, 1, 0, 1, 0, 0, 1, 0
0, 1, 1, 0, 1, 0, 1, 0, 0
0, 1, 1, 0, 1, 0, 1, 1, 0
0, 1, 1, 0, 1, 1, 0, 0, 0
0, 1, 1, 0, 1, 1, 0, 1, 0
0, 1, 1, 0, 1, 1, 1, 0, 0
0, 1, 1, 0, 1, 1, 1, 1, 0
0, 1, 1, 1, 0, 0, 0, 0, 0
0, 1, 1, 1, 0, 0, 0, 1, 0
0, 1, 1, 1, 0, 0, 1, 0, 0
0, 1, 1, 1, 0, 0, 1, 1, 0
0, 1, 1, 1, 0, 1, 0, 0, 0
0, 1, 1, 1, 0, 1, 0, 1, 0
0, 1, 1, 1, 0, 1, 1, 0, 0
0, 1, 1, 1, 0, 1, 1, 1, 0
0, 1, 1, 1, 1, 0, 0, 0, 0
0, 1, 1, 1, 1, 0, 0, 1, 0
0, 1, 1, 1, 1, 0, 1, 0, 0
0, 1, 1, 1, 1, 0, 1, 1, 0
0, 1, 1, 1, 1, 1, 0, 0, 0
0, 1, 1, 1, 1, 1, 0, 1, 0
0, 1, 1, 1, 1, 1, 1, 0, 0
0, 1, 1, 1, 1, 1, 1, 1, 0
1, 0, 0, 0, 0, 0, 0, 0, 0
1, 0, 0, 0, 0, 0, 0, 1, 0
1, 0, 0, 0, 0, 0, 1, 0, 0
1, 0, 0, 0, 0, 0, 1, 1, 0
1, 0, 0, 0, 0, 1, 0, 0, 0
1, 0, 0, 0, 0, 1, 0, 1, 0
1, 0, 0, 0, 0, 1, 1, 0, 0
1, 0, 0, 0, 0, 1, 1, 1, 0
1, 0, 0, 0, 1, 0, 0, 0, 0
1, 0, 0, 0, 1, 0, 0, 1, 0
1, 0, 0, 0, 1, 0, 1, 0, 0
1, 0, 0, 0, 1, 0, 1, 1, 0
1, 0, 0, 0, 1, 1, 0, 0, 0
1, 0, 0, 0, 1, 1, 0, 1, 0
1, 0, 0, 0, 1, 1, 1, 0, 0
1, 0, 0, 0, 1, 1, 1, 1, 0
1, 0, 0, 1, 0, 0, 0, 0, 0
1, 0, 0, 1, 0, 0, 0, 1, 0
1, 0, 0, 1, 0, 0, 1, 0, 0
1, 0, 0, 1, 0, 0, 1, 1, 0
1, 0, 0, 1, 0, 1, 0, 0, 0
1, 0, 0, 1, 0, 1, 0, 1, 0
1, 0, 0, 1, 0, 1, 1, 0, 0
1, 0, 0, 1, 0, 1, 1, 1, 0
1, 0, 0, 1, 1, 0, 0, 0, 0
1, 0, 0, 1, 1, 0, 0, 1, 0
1, 0, 0, 1, 1, 0, 1, 0, 0
1, 0, 0, 1, 1, 0, 1, 1, 0
1, 0, 0, 1, 1, 1, 0, 0, 0
1, 0, 0, 1, 1, 1, 0, 1, 0
1, 0, 0, 1, 1, 1, 1, 0, 0
1, 0, 0, 1, 1, 1, 1, 1, 0
1, 0, 1, 0, 0, 0, 0, 0, 0
1, 0, 1, 0, 0, 0, 0, 1, 0
1, 0, 1, 0, 0, 0, 1, 0, 0
1, 0, 1, 0, 0, 0, 1, 1, 0
1, 0, 1, 0, 0, 1, 0, 0, 0
1, 0, 1, 0, 0, 1, 0, 1, 0
1, 0, 1, 0, 0, 1, 1, 0, 0
1, 0, 1, 0, 0, 1, 1, 1, 0
1, 0, 1, 0, 1, 0, 0, 0, 0
1, 0, 1, 0, 1, 0, 0, 1, 0
1, 0, 1, 0, 1, 0, 1, 0, 0
1, 0, 1, 0, 1, 0, 1, 1, 0
1, 0, 1, 0, 1, 1, 0, 0, 0
1, 0, 1, 0, 1, 1, 0, 1, 0
1, 0, 1, 0, 1, 1, 1, 0, 0
1, 0, 1, 0, 1, 1, 1, 1, 0
1, 0, 1, 1, 0, 0, 0, 0, 0
1, 0, 1, 1, 0, 0, 0, 1, 0
1, 0, 1, 1, 0, 0, 1, 0, 0
1, 0, 1, 1, 0, 0, 1, 1, 0
1, 0, 1, 1, 0, 1, 0, 0, 0
1, 0, 1, 1, 0, 1, 0, 1, 0
1, 0, 1, 1, 0, 1, 1, 0, 0
1, 0, 1, 1, 0, 1, 1, 1, 0
1, 0, 1, 1, 1, 0, 0, 0, 0
1, 0, 1, 1, 1, 0, 0, 1, 0
1, 0, 1, 1, 1, 0, 1, 0, 0
1, 0, 1, 1, 1, 0, 1, 1, 0
1, 0, 1, 1, 1, 1, 0, 0, 0
1, 0, 1, 1, 1, 1, 0, 1, 0
1, 0, 1, 1, 1, 1, 1, 0, 0
1, 0, 1, 1, 1, 1, 1, 1, 0
1, 1, 0, 0, 0, 0, 0, 0, 0
1, 1, 0, 0, 0, 0, 0, 1, 0
1, 1, 0, 0, 0, 0, 1, 0, 0
1, 1, 0, 0, 0, 0, 1, 1, 0
1, 1, 0, 0, 0, 1, 0, 0, 0
1, 1, 0, 0, 0, 1, 0, 1, 0
1, 1, 0, 0, 0, 1, 1, 0, 0
1, 1, 0, 0, 0, 1, 1, 1, 0
1, 1, 0, 0, 1, 0, 0, 0, 0
1, 1, 0, 0, 1, 0, 0, 1, 0
1, 1, 0, 0, 1, 0, 1, 0, 0
1, 1, 0, 0, 1, 0, 1, 1, 0
1, 1, 0, 0, 1, 1, 0, 0, 0
1, 1, 0, 0, 1, 1, 0, 1, 0
1, 1, 0, 0, 1, 1, 1, 0, 0
1, 1, 0, 0, 1, 1, 1, 1, 0
1, 1, 0, 1, 0, 0, 0, 0, 0
1, 1, 0, 1, 0, 0, 0, 1, 0
1, 1, 0, 1, 0, 0, 1, 0, 0
1, 1, 0, 1, 0, 0, 1, 1, 0
1, 1, 0, 1, 0, 1, 0, 0, 0
1, 1, 0, 1, 0, 1, 0, 1, 0
1, 1, 0, 1, 0, 1, 1, 0, 0
1, 1, 0, 1, 0, 1, 1, 1, 0
1, 1, 0, 1, 1, 0, 0, 0, 0
1, 1, 0, 1, 1, 0, 0, 1, 0
1, 1, 0, 1, 1, 0, 1, 0, 0
1, 1, 0, 1, 1, 0, 1, 1, 0
1, 1, 0, 1, 1, 1, 0, 0, 0
1, 1, 0, 1, 1, 1, 0, 1, 0
1, 1, 0, 1, 1, 1, 1, 0, 0
1, 1, 0, 1, 1, 1, 1, 1, 0
1, 1, 1, 0, 0, 0, 0, 0, 0
1, 1, 1, 0, 0, 0, 0, 1, 0
1, 1, 1, 0, 0, 0, 1, 0, 0
1, 1, 1, 0, 0, 0, 1, 1, 0
1, 1, 1, 0, 0, 1, 0, 0, 0
1, 1, 1, 0, 0, 1, 0, 1, 0
1, 1, 1, 0, 0, 1, 1, 0, 0
1, 1, 1, 0, 0, 1, 1, 1, 0
1, 1, 1, 0, 1, 0, 0, 0, 0
1, 1, 1, 0, 1, 0, 0, 1, 0
1, 1, 1, 0, 1, 0, 1, 0, 0
1, 1, 1, 0, 1, 0, 1, 1, 0
1, 1, 1, 0, 1, 1, 0, 0, 0
1, 1, 1, 0, 1, 1, 0, 1, 0
1, 1, 1, 0, 1, 1, 1, 0, 0
1, 1, 1, 0, 1, 1, 1, 1, 0
1, 1, 1, 1, 0, 0, 0, 0, 0
1, 1, 1, 1, 0, 0, 0, 1, 0
1, 1, 1, 1, 0, 0, 1, 0, 0
1, 1, 1, 1, 0, 0, 1, 1, 0
1, 1, 1, 1, 0, 1, 0, 0, 0
1, 1, 1, 1, 0, 1, 0, 1, 0
1, 1, 1, 1, 0, 1, 1, 0, 0
1, 1, 1, 1, 0, 1, 1, 1, 0
1, 1, 1, 1, 1, 0, 0, 0, 0
1, 1, 1, 1, 1, 0, 0, 1, 0
1, 1, 1, 1, 1, 0, 1, 0, 0
1, 1, 1, 1, 1, 0, 1, 1, 0
1, 1, 1, 1, 1, 1, 0, 0, 0
1, 1, 1, 1, 1, 1, 0, 1, 0
1, 1, 1, 1, 1, 1, 1, 0, 0
1, 1, 1, 1, 1, 1, 1, 1, 0
# miR203 (SNAI1, ZEB1, ZEB2, p53, miR203)
0, 0, 0, 0, 0
0, 0, 0, 1, 1
0, 0, 1, 0, 0
0, 0, 1, 1, 0
0, 1, 0, 0, 0
0, 1, 0, 1, 0
0, 1, 1, 0, 0
0, 1, 1, 1, 0
1, 0, 0, 0, 0
1, 0, 0, 1, 0
1, 0, 1, 0, 0
1, 0, 1, 1, 0
1, 1, 0, 0, 0
1, 1, 0, 1, 0
1, 1, 1, 0, 0
1, 1, 1, 1, 0
# miR34 (AKT1, AKT2, SNAI1, ZEB1, ZEB2, p53, p63, p73, miR34)
0, 0, 0, 0, 0, 0, 0, 0, 0
0, 0, 0, 0, 0, 0, 0, 1, 0
0, 0, 0, 0, 0, 0, 1, 0, 0
0, 0, 0, 0, 0, 0, 1, 1, 0
0, 0, 0, 0, 0, 1, 0, 0, 0
0, 0, 0, 0, 0, 1, 0, 1, 0
0, 0, 0, 0, 0, 1, 1, 0, 0
0, 0, 0, 0, 0, 1, 1, 1, 0
0, 0, 0, 0, 1, 0, 0, 0, 0
0, 0, 0, 0, 1, 0, 0, 1, 0
0, 0, 0, 0, 1, 0, 1, 0, 0
0, 0, 0, 0, 1, 0, 1, 1, 0
0, 0, 0, 0, 1, 1, 0, 0, 0
0, 0, 0, 0, 1, 1, 0, 1, 0
0, 0, 0, 0, 1, 1, 1, 0, 0
0, 0, 0, 0, 1, 1, 1, 1, 0
0, 0, 0, 1, 0, 0, 0, 0, 0
0, 0, 0, 1, 0, 0, 0, 1, 0
0, 0, 0, 1, 0, 0, 1, 0, 0
0, 0, 0, 1, 0, 0, 1, 1, 0
0, 0, 0, 1, 0, 1, 0, 0, 0
0, 0, 0, 1, 0, 1, 0, 1, 0
0, 0, 0, 1, 0, 1, 1, 0, 0
0, 0, 0, 1, 0, 1, 1, 1, 0
0, 0, 0, 1, 1, 0, 0, 0, 0
0, 0, 0, 1, 1, 0, 0, 1, 0
0, 0, 0, 1, 1, 0, 1, 0, 0
0, 0, 0, 1, 1, 0, 1, 1, 0
0, 0, 0, 1, 1, 1, 0, 0, 0
0, 0, 0, 1, 1, 1, 0, 1, 0
0, 0, 0, 1, 1, 1, 1, 0, 0
0, 0, 0, 1, 1, 1, 1, 1, 0
0, 0, 1, 0, 0, 0, 0, 0, 0
0, 0, 1, 0, 0, 0, 0, 1, 0
0, 0, 1, 0, 0, 0, 1, 0, 0
0, 0, 1, 0, 0, 0, 1, 1, 0
0, 0, 1, 0, 0, 1, 0, 0, 0
0, 0, 1, 0, 0, 1, 0, 1, 0
0, 0, 1, 0, 0, 1, 1, 0, 0
0, 0, 1, 0, 0, 1, 1, 1, 0
0, 0, 1, 0, 1, 0, 0, 0, 0
0, 0, 1, 0, 1, 0, 0, 1, 0
0, 0, 1, 0, 1, 0, 1, 0, 0
0, 0, 1, 0, 1, 0, 1, 1, 0
0, 0, 1, 0, 1, 1, 0, 0, 0
0, 0, 1, 0, 1, 1, 0, 1, 0
0, 0, 1, 0, 1, 1, 1, 0, 0
0, 0, 1, 0, 1, 1, 1, 1, 0
0, 0, 1, 1, 0, 0, 0, 0, 0
0, 0, 1, 1, 0, 0, 0, 1, 0
0, 0, 1, 1, 0, 0, 1, 0, 0
0, 0, 1, 1, 0, 0, 1, 1, 0
0, 0, 1, 1, 0, 1, 0, 0, 0
0, 0, 1, 1, 0, 1, 0, 1, 0
0, 0, 1, 1, 0, 1, 1, 0, 0
0, 0, 1, 1, 0, 1, 1, 1, 0
0, 0, 1, 1, 1, 0, 0, 0, 0
0, 0, 1, 1, 1, 0, 0, 1, 0
0, 0, 1, 1, 1, 0, 1, 0, 0
0, 0, 1, 1, 1, 0, 1, 1, 0
0, 0, 1, 1, 1, 1, 0, 0, 0
0, 0, 1, 1, 1, 1, 0, 1, 0
0, 0, 1, 1, 1, 1, 1, 0, 0
0, 0, 1, 1, 1, 1, 1, 1, 0
0, 1, 0, 0, 0, 0, 0, 0, 0
0, 1, 0, 0, 0, 0, 0, 1, 1
0, 1, 0, 0, 0, 0, 1, 0, 0
0, 1, 0, 0, 0, 0, 1, 1, 0
0, 1, 0, 0, 0, 1, 0, 0, 1
0, 1, 0, 0, 0, 1, 0, 1, 1
0, 1, 0, 0, 0, 1, 1, 0, 0
0, 1, 0, 0, 0, 1, 1, 1, 0
0, 1, 0, 0, 1, 0, 0, 0, 0
0, 1, 0, 0, 1, 0, 0, 1, 0
0, 1, 0, 0, 1, 0, 1, 0, 0
0, 1, 0, 0, 1, 0, 1, 1, 0
0, 1, 0, 0, 1, 1, 0, 0, 0
0, 1, 0, 0, 1, 1, 0, 1, 0
0, 1, 0, 0, 1, 1, 1, 0, 0
0, 1, 0, 0, 1, 1, 1, 1, 0
0, 1, 0, 1, 0, 0, 0, 0, 0
0, 1, 0, 1, 0, 0, 0, 1, 0
0, 1, 0, 1, 0, 0, 1, 0, 0
0, 1, 0, 1, 0, 0, 1, 1, 0
0, 1, 0, 1, 0, 1, 0, 0, 0
0, 1, 0, 1, 0, 1, 0, 1, 0
0, 1, 0, 1, 0, 1, 1, 0, 0
0, 1, 0, 1, 0, 1, 1, 1, 0
0, 1, 0, 1, 1, 0, 0, 0, 0
0, 1, 0, 1, 1, 0, 0, 1, 0
0, 1, 0, 1, 1, 0, 1, 0, 0
0, 1, 0, 1, 1, 0, 1, 1, 0
0, 1, 0, 1, 1, 1, 0, 0, 0
0, 1, 0, 1, 1, 1, 0, 1, 0
0, 1, 0, 1, 1, 1, 1, 0, 0
0, 1, 0, 1, 1, 1, 1, 1, 0
0, 1, 1, 0, 0, 0, 0, 0, 0
0, 1, 1, 0, 0, 0, 0, 1, 0
0, 1, 1, 0, 0, 0, 1, 0, 0
0, 1, 1, 0, 0, 0, 1, 1, 0
0, 1, 1, 0, 0, 1, 0, 0, 0
0, 1, 1, 0, 0, 1, 0, 1, 0
0, 1, 1, 0, 0, 1, 1, 0, 0
0, 1, 1, 0, 0, 1, 1, 1, 0
0, 1, 1, 0, 1, 0, 0, 0, 0
0, 1, 1, 0, 1, 0, 0, 1, 0
0, 1, 1, 0, 1, 0, 1, 0, 0
0, 1, 1, 0, 1, 0, 1, 1, 0
0, 1, 1, 0, 1, 1, 0, 0, 0
0, 1, 1, 0, 1, 1, 0, 1, 0
0, 1, 1, 0, 1, 1, 1, 0, 0
0, 1, 1, 0, 1, 1, 1, 1, 0
0, 1, 1, 1, 0, 0, 0, 0, 0
0, 1, 1, 1, 0, 0, 0, 1, 0
0, 1, 1, 1, 0, 0, 1, 0, 0
0, 1, 1, 1, 0, 0, 1, 1, 0
0, 1, 1, 1, 0, 1, 0, 0, 0
0, 1, 1, 1, 0, 1, 0, 1, 0
0, 1, 1, 1, 0, 1, 1, 0, 0
0, 1, 1, 1, 0, 1, 1, 1, 0
0, 1, 1, 1, 1, 0, 0, 0, 0
0, 1, 1, 1, 1, 0, 0, 1, 0
0, 1, 1, 1, 1, 0, 1, 0, 0
0, 1, 1, 1, 1, 0, 1, 1, 0
0, 1, 1, 1, 1, 1, 0, 0, 0
0, 1, 1, 1, 1, 1, 0, 1, 0
0, 1, 1, 1, 1, 1, 1, 0, 0
0, 1, 1, 1, 1, 1, 1, 1, 0
1, 0, 0, 0, 0, 0, 0, 0, 0
1, 0, 0, 0, 0, 0, 0, 1, 0
1, 0, 0, 0, 0, 0, 1, 0, 0
1, 0, 0, 0, 0, 0, 1, 1, 0
1, 0, 0, 0, 0, 1, 0, 0, 0
1, 0, 0, 0, 0, 1, 0, 1, 0
1, 0, 0, 0, 0, 1, 1, 0, 0
1, 0, 0, 0, 0, 1, 1, 1, 0
1, 0, 0, 0, 1, 0, 0, 0, 0
1, 0, 0, 0, 1, 0, 0, 1, 0
1, 0, 0, 0, 1, 0, 1, 0, 0
1, 0, 0, 0, 1, 0, 1, 1, 0
1, 0, 0, 0, 1, 1, 0, 0, 0
1, 0, 0, 0, 1, 1, 0, 1, 0
1, 0, 0, 0, 1, 1, 1, 0, 0
1, 0, 0, 0, 1, 1, 1, 1, 0
1, 0, 0, 1, 0, 0, 0, 0, 0
1, 0, 0, 1, 0, 0, 0, 1, 0
1, 0, 0, 1, 0, 0, 1, 0, 0
1, 0, 0, 1, 0, 0, 1, 1, 0
1, 0, 0, 1, 0, 1, 0, 0, 0
1, 0, 0, 1, 0, 1, 0, 1, 0
1, 0, 0, 1, 0, 1, 1, 0, 0
1, 0, 0, 1, 0, 1, 1, 1, 0
1, 0, 0, 1, 1, 0, 0, 0, 0
1, 0, 0, 1, 1, 0, 0, 1, 0
1, 0, 0, 1, 1, 0, 1, 0, 0
1, 0, 0, 1, 1, 0, 1, 1, 0
1, 0, 0, 1, 1, 1, 0, 0, 0
1, 0, 0, 1, 1, 1, 0, 1, 0
1, 0, 0, 1, 1, 1, 1, 0, 0
1, 0, 0, 1, 1, 1, 1, 1, 0
1, 0, 1, 0, 0, 0, 0, 0, 0
1, 0, 1, 0, 0, 0, 0, 1, 0
1, 0, 1, 0, 0, 0, 1, 0, 0
1, 0, 1, 0, 0, 0, 1, 1, 0
1, 0, 1, 0, 0, 1, 0, 0, 0
1, 0, 1, 0, 0, 1, 0, 1, 0
1, 0, 1, 0, 0, 1, 1, 0, 0
1, 0, 1, 0, 0, 1, 1, 1, 0
1, 0, 1, 0, 1, 0, 0, 0, 0
1, 0, 1, 0, 1, 0, 0, 1, 0
1, 0, 1, 0, 1, 0, 1, 0, 0
1, 0, 1, 0, 1, 0, 1, 1, 0
1, 0, 1, 0, 1, 1, 0, 0, 0
1, 0, 1, 0, 1, 1, 0, 1, 0
1, 0, 1, 0, 1, 1, 1, 0, 0
1, 0, 1, 0, 1, 1, 1, 1, 0
1, 0, 1, 1, 0, 0, 0, 0, 0
1, 0, 1, 1, 0, 0, 0, 1, 0
1, 0, 1, 1, 0, 0, 1, 0, 0
1, 0, 1, 1, 0, 0, 1, 1, 0
1, 0, 1, 1, 0, 1, 0, 0, 0
1, 0, 1, 1, 0, 1, 0, 1, 0
1, 0, 1, 1, 0, 1, 1, 0, 0
1, 0, 1, 1, 0, 1, 1, 1, 0
1, 0, 1, 1, 1, 0, 0, 0, 0
1, 0, 1, 1, 1, 0, 0, 1, 0
1, 0, 1, 1, 1, 0, 1, 0, 0
1, 0, 1, 1, 1, 0, 1, 1, 0
1, 0, 1, 1, 1, 1, 0, 0, 0
1, 0, 1, 1, 1, 1, 0, 1, 0
1, 0, 1, 1, 1, 1, 1, 0, 0
1, 0, 1, 1, 1, 1, 1, 1, 0
1, 1, 0, 0, 0, 0, 0, 0, 0
1, 1, 0, 0, 0, 0, 0, 1, 0
1, 1, 0, 0, 0, 0, 1, 0, 0
1, 1, 0, 0, 0, 0, 1, 1, 0
1, 1, 0, 0, 0, 1, 0, 0, 0
1, 1, 0, 0, 0, 1, 0, 1, 0
1, 1, 0, 0, 0, 1, 1, 0, 0
1, 1, 0, 0, 0, 1, 1, 1, 0
1, 1, 0, 0, 1, 0, 0, 0, 0
1, 1, 0, 0, 1, 0, 0, 1, 0
1, 1, 0, 0, 1, 0, 1, 0, 0
1, 1, 0, 0, 1, 0, 1, 1, 0
1, 1, 0, 0, 1, 1, 0, 0, 0
1, 1, 0, 0, 1, 1, 0, 1, 0
1, 1, 0, 0, 1, 1, 1, 0, 0
1, 1, 0, 0, 1, 1, 1, 1, 0
1, 1, 0, 1, 0, 0, 0, 0, 0
1, 1, 0, 1, 0, 0, 0, 1, 0
1, 1, 0, 1, 0, 0, 1, 0, 0
1, 1, 0, 1, 0, 0, 1, 1, 0
1, 1, 0, 1, 0, 1, 0, 0, 0
1, 1, 0, 1, 0, 1, 0, 1, 0
1, 1, 0, 1, 0, 1, 1, 0, 0
1, 1, 0, 1, 0, 1, 1, 1, 0
1, 1, 0, 1, 1, 0, 0, 0, 0
1, 1, 0, 1, 1, 0, 0, 1, 0
1, 1, 0, 1, 1, 0, 1, 0, 0
1, 1, 0, 1, 1, 0, 1, 1, 0
1, 1, 0, 1, 1, 1, 0, 0, 0
1, 1, 0, 1, 1, 1, 0, 1, 0
1, 1, 0, 1, 1, 1, 1, 0, 0
1, 1, 0, 1, 1, 1, 1, 1, 0
1, 1, 1, 0, 0, 0, 0, 0, 0
1, 1, 1, 0, 0, 0, 0, 1, 0
1, 1, 1, 0, 0, 0, 1, 0, 0
1, 1, 1, 0, 0, 0, 1, 1, 0
1, 1, 1, 0, 0, 1, 0, 0, 0
1, 1, 1, 0, 0, 1, 0, 1, 0
1, 1, 1, 0, 0, 1, 1, 0, 0
1, 1, 1, 0, 0, 1, 1, 1, 0
1, 1, 1, 0, 1, 0, 0, 0, 0
1, 1, 1, 0, 1, 0, 0, 1, 0
1, 1, 1, 0, 1, 0, 1, 0, 0
1, 1, 1, 0, 1, 0, 1, 1, 0
1, 1, 1, 0, 1, 1, 0, 0, 0
1, 1, 1, 0, 1, 1, 0, 1, 0
1, 1, 1, 0, 1, 1, 1, 0, 0
1, 1, 1, 0, 1, 1, 1, 1, 0
1, 1, 1, 1, 0, 0, 0, 0, 0
1, 1, 1, 1, 0, 0, 0, 1, 0
1, 1, 1, 1, 0, 0, 1, 0, 0
1, 1, 1, 1, 0, 0, 1, 1, 0
1, 1, 1, 1, 0, 1, 0, 0, 0
1, 1, 1, 1, 0, 1, 0, 1, 0
1, 1, 1, 1, 0, 1, 1, 0, 0
1, 1, 1, 1, 0, 1, 1, 1, 0
1, 1, 1, 1, 1, 0, 0, 0, 0
1, 1, 1, 1, 1, 0, 0, 1, 0
1, 1, 1, 1, 1, 0, 1, 0, 0
1, 1, 1, 1, 1, 0, 1, 1, 0
1, 1, 1, 1, 1, 1, 0, 0, 0
1, 1, 1, 1, 1, 1, 0, 1, 0
1, 1, 1, 1, 1, 1, 1, 0, 0
1, 1, 1, 1, 1, 1, 1, 1, 0
# NICD (ECM, miR200, miR34, p53, p63, p73, NICD)
0, 0, 0, 0, 0, 0, 0
0, 0, 0, 0, 0, 1, 0
0, 0, 0, 0, 1, 0, 0
0, 0, 0, 0, 1, 1, 0
0, 0, 0, 1, 0, 0, 0
0, 0, 0, 1, 0, 1, 0
0, 0, 0, 1, 1, 0, 0
0, 0, 0, 1, 1, 1, 0
0, 0, 1, 0, 0, 0, 0
0, 0, 1, 0, 0, 1, 0
0, 0, 1, 0, 1, 0, 0
0, 0, 1, 0, 1, 1, 0
0, 0, 1, 1, 0, 0, 0
0, 0, 1, 1, 0, 1, 0
0, 0, 1, 1, 1, 0, 0
0, 0, 1, 1, 1, 1, 0
0, 1, 0, 0, 0, 0, 0
0, 1, 0, 0, 0, 1, 0
0, 1, 0, 0, 1, 0, 0
0, 1, 0, 0, 1, 1, 0
0, 1, 0, 1, 0, 0, 0
0, 1, 0, 1, 0, 1, 0
0, 1, 0, 1, 1, 0, 0
0, 1, 0, 1, 1, 1, 0
0, 1, 1, 0, 0, 0, 0
0, 1, 1, 0, 0, 1, 0
0, 1, 1, 0, 1, 0, 0
0, 1, 1, 0, 1, 1, 0
0, 1, 1, 1, 0, 0, 0
0, 1, 1, 1, 0, 1, 0
0, 1, 1, 1, 1, 0, 0
0, 1, 1, 1, 1, 1, 0
1, 0, 0, 0, 0, 0, 1
1, 0, 0, 0, 0, 1, 0
1, 0, 0, 0, 1, 0, 0
1, 0, 0, 0, 1, 1, 0
1, 0, 0, 1, 0, 0, 0
1, 0, 0, 1, 0, 1, 0
1, 0, 0, 1, 1, 0, 0
1, 0, 0, 1, 1, 1, 0
1, 0, 1, 0, 0, 0, 0
1, 0, 1, 0, 0, 1, 0
1, 0, 1, 0, 1, 0, 0
1, 0, 1, 0, 1, 1, 0
1, 0, 1, 1, 0, 0, 0
1, 0, 1, 1, 0, 1, 0
1, 0, 1, 1, 1, 0, 0
1, 0, 1, 1, 1, 1, 0
1, 1, 0, 0, 0, 0, 0
1, 1, 0, 0, 0, 1, 0
1, 1, 0, 0, 1, 0, 0
1, 1, 0, 0, 1, 1, 0
1, 1, 0, 1, 0, 0, 0
1, 1, 0, 1, 0, 1, 0
1, 1, 0, 1, 1, 0, 0
1, 1, 0, 1, 1, 1, 0
1, 1, 1, 0, 0, 0, 0
1, 1, 1, 0, 0, 1, 0
1, 1, 1, 0, 1, 0, 0
1, 1, 1, 0, 1, 1, 0
1, 1, 1, 1, 0, 0, 0
1, 1, 1, 1, 0, 1, 0
1, 1, 1, 1, 1, 0, 0
1, 1, 1, 1, 1, 1, 0
# p21 (AKT1, AKT2, ERK, NICD, SMAD, p53, p63, p73, p21)
0, 0, 0, 0, 0, 0, 0, 0, 0
0, 0, 0, 0, 0, 0, 0, 1, 1
0, 0, 0, 0, 0, 0, 1, 0, 1
0, 0, 0, 0, 0, 0, 1, 1, 1
0, 0, 0, 0, 0, 1, 0, 0, 1
0, 0, 0, 0, 0, 1, 0, 1, 1
0, 0, 0, 0, 0, 1, 1, 0, 1
0, 0, 0, 0, 0, 1, 1, 1, 1
0, 0, 0, 0, 1, 0, 0, 0, 0
0, 0, 0, 0, 1, 0, 0, 1, 1
0, 0, 0, 0, 1, 0, 1, 0, 1
0, 0, 0, 0, 1, 0, 1, 1, 1
0, 0, 0, 0, 1, 1, 0, 0, 1
0, 0, 0, 0, 1, 1, 0, 1, 1
0, 0, 0, 0, 1, 1, 1, 0, 1
0, 0, 0, 0, 1, 1, 1, 1, 1
0, 0, 0, 1, 0, 0, 0, 0, 0
0, 0, 0, 1, 0, 0, 0, 1, 1
0, 0, 0, 1, 0, 0, 1, 0, 1
0, 0, 0, 1, 0, 0, 1, 1, 1
0, 0, 0, 1, 0, 1, 0, 0, 1
0, 0, 0, 1, 0, 1, 0, 1, 1
0, 0, 0, 1, 0, 1, 1, 0, 1
0, 0, 0, 1, 0, 1, 1, 1, 1
0, 0, 0, 1, 1, 0, 0, 0, 1
0, 0, 0, 1, 1, 0, 0, 1, 1
0, 0, 0, 1, 1, 0, 1, 0, 1
0, 0, 0, 1, 1, 0, 1, 1, 1
0, 0, 0, 1, 1, 1, 0, 0, 1
0, 0, 0, 1, 1, 1, 0, 1, 1
0, 0, 0, 1, 1, 1, 1, 0, 1
0, 0, 0, 1, 1, 1, 1, 1, 1
0, 0, 1, 0, 0, 0, 0, 0, 0
0, 0, 1, 0, 0, 0, 0, 1, 0
0, 0, 1, 0, 0, 0, 1, 0, 0
0, 0, 1, 0, 0, 0, 1, 1, 0
0, 0, 1, 0, 0, 1, 0, 0, 0
0, 0, 1, 0, 0, 1, 0, 1, 0
0, 0, 1, 0, 0, 1, 1, 0, 0
0, 0, 1, 0, 0, 1, 1, 1, 0
0, 0, 1, 0, 1, 0, 0, 0, 0
0, 0, 1, 0, 1, 0, 0, 1, 0
0, 0, 1, 0, 1, 0, 1, 0, 0
0, 0, 1, 0, 1, 0, 1, 1, 0
0, 0, 1, 0, 1, 1, 0, 0, 0
0, 0, 1, 0, 1, 1, 0, 1, 0
0, 0, 1, 0, 1, 1, 1, 0, 0
0, 0, 1, 0, 1, 1, 1, 1, 0
0, 0, 1, 1, 0, 0, 0, 0, 0
0, 0, 1, 1, 0, 0, 0, 1, 0
0, 0, 1, 1, 0, 0, 1, 0, 0
0, 0, 1, 1, 0, 0, 1, 1, 0
0, 0, 1, 1, 0, 1, 0, 0, 0
0, 0, 1, 1, 0, 1, 0, 1, 0
0, 0, 1, 1, 0, 1, 1, 0, 0
0, 0, 1, 1, 0, 1, 1, 1, 0
0, 0, 1, 1, 1, 0, 0, 0, 0
0, 0, 1, 1, 1, 0, 0, 1, 0
0, 0, 1, 1, 1, 0, 1, 0, 0
0, 0, 1, 1, 1, 0, 1, 1, 0
0, 0, 1, 1, 1, 1, 0, 0, 0
0, 0, 1, 1, 1, 1, 0, 1, 0
0, 0, 1, 1, 1, 1, 1, 0, 0
0, 0, 1, 1, 1, 1, 1, 1, 0
0, 1, 0, 0, 0, 0, 0, 0, 1
0, 1, 0, 0, 0, 0, 0, 1, 1
0, 1, 0, 0, 0, 0, 1, 0, 1
0, 1, 0, 0, 0, 0, 1, 1, 1
0, 1, 0, 0, 0, 1, 0, 0, 1
0, 1, 0, 0, 0, 1, 0, 1, 1
0, 1, 0, 0, 0, 1, 1, 0, 1
0, 1, 0, 0, 0, 1, 1, 1, 1
0, 1, 0, 0, 1, 0, 0, 0, 1
0, 1, 0, 0, 1, 0, 0, 1, 1
0, 1, 0, 0, 1, 0, 1, 0, 1
0, 1, 0, 0, 1, 0, 1, 1, 1
0, 1, 0, 0, 1, 1, 0, 0, 1
0, 1, 0, 0, 1, 1, 0, 1, 1
0, 1, 0, 0, 1, 1, 1, 0, 1
0, 1, 0, 0, 1, 1, 1, 1, 1
0, 1, 0, 1, 0, 0, 0, 0, 1
0, 1, 0, 1, 0, 0, 0, 1, 1
0, 1, 0, 1, 0, 0, 1, 0, 1
0, 1, 0, 1, 0, 0, 1, 1, 1
0, 1, 0, 1, 0, 1, 0, 0, 1
0, 1, 0, 1, 0, 1, 0, 1, 1
0, 1, 0, 1, 0, 1, 1, 0, 1
0, 1, 0, 1, 0, 1, 1, 1, 1
0, 1, 0, 1, 1, 0, 0, 0, 1
0, 1, 0, 1, 1, 0, 0, 1, 1
0, 1, 0, 1, 1, 0, 1, 0, 1
0, 1, 0, 1, 1, 0, 1, 1, 1
0, 1, 0, 1, 1, 1, 0, 0, 1
0, 1, 0, 1, 1, 1, 0, 1, 1
0, 1, 0, 1, 1, 1, 1, 0, 1
0, 1, 0, 1, 1, 1, 1, 1, 1
0, 1, 1, 0, 0, 0, 0, 0, 0
0, 1, 1, 0, 0, 0, 0, 1, 0
0, 1, 1, 0, 0, 0, 1, 0, 0
0, 1, 1, 0, 0, 0, 1, 1, 0
0, 1, 1, 0, 0, 1, 0, 0, 0
0, 1, 1, 0, 0, 1, 0, 1, 0
0, 1, 1, 0, 0, 1, 1, 0, 0
0, 1, 1, 0, 0, 1, 1, 1, 0
0, 1, 1, 0, 1, 0, 0, 0, 0
0, 1, 1, 0, 1, 0, 0, 1, 0
0, 1, 1, 0, 1, 0, 1, 0, 0
0, 1, 1, 0, 1, 0, 1, 1, 0
0, 1, 1, 0, 1, 1, 0, 0, 0
0, 1, 1, 0, 1, 1, 0, 1, 0
0, 1, 1, 0, 1, 1, 1, 0, 0
0, 1, 1, 0, 1, 1, 1, 1, 0
0, 1, 1, 1, 0, 0, 0, 0, 0
0, 1, 1, 1, 0, 0, 0, 1, 0
0, 1, 1, 1, 0, 0, 1, 0, 0
0, 1, 1, 1, 0, 0, 1, 1, 0
0, 1, 1, 1, 0, 1, 0, 0, 0
0, 1, 1, 1, 0, 1, 0, 1, 0
0, 1, 1, 1, 0, 1, 1, 0, 0
0, 1, 1, 1, 0, 1, 1, 1, 0
0, 1, 1, 1, 1, 0, 0, 0, 0
0, 1, 1, 1, 1, 0, 0, 1, 0
0, 1, 1, 1, 1, 0, 1, 0, 0
0, 1, 1, 1, 1, 0, 1, 1, 0
0, 1, 1, 1, 1, 1, 0, 0, 0
0, 1, 1, 1, 1, 1, 0, 1, 0
0, 1, 1, 1, 1, 1, 1, 0, 0
0, 1, 1, 1, 1, 1, 1, 1, 0
1, 0, 0, 0, 0, 0, 0, 0, 0
1, 0, 0, 0, 0, 0, 0, 1, 0
1, 0, 0, 0, 0, 0, 1, 0, 0
1, 0, 0, 0, 0, 0, 1, 1, 0
1, 0, 0, 0, 0, 1, 0, 0, 0
1, 0, 0, 0, 0, 1, 0, 1, 0
1, 0, 0, 0, 0, 1, 1, 0, 0
1, 0, 0, 0, 0, 1, 1, 1, 0
1, 0, 0, 0, 1, 0, 0, 0, 0
1, 0, 0, 0, 1, 0, 0, 1, 0
1, 0, 0, 0, 1, 0, 1, 0, 0
1, 0, 0, 0, 1, 0, 1, 1, 0
1, 0, 0, 0, 1, 1, 0, 0, 0
1, 0, 0, 0, 1, 1, 0, 1, 0
1, 0, 0, 0, 1, 1, 1, 0, 0
1, 0, 0, 0, 1, 1, 1, 1, 0
1, 0, 0, 1, 0, 0, 0, 0, 0
1, 0, 0, 1, 0, 0, 0, 1, 0
1, 0, 0, 1, 0, 0, 1, 0, 0
1, 0, 0, 1, 0, 0, 1, 1, 0
1, 0, 0, 1, 0, 1, 0, 0, 0
1, 0, 0, 1, 0, 1, 0, 1, 0
1, 0, 0, 1, 0, 1, 1, 0, 0
1, 0, 0, 1, 0, 1, 1, 1, 0
1, 0, 0, 1, 1, 0, 0, 0, 0
1, 0, 0, 1, 1, 0, 0, 1, 0
1, 0, 0, 1, 1, 0, 1, 0, 0
1, 0, 0, 1, 1, 0, 1, 1, 0
1, 0, 0, 1, 1, 1, 0, 0, 0
1, 0, 0, 1, 1, 1, 0, 1, 0
1, 0, 0, 1, 1, 1, 1, 0, 0
1, 0, 0, 1, 1, 1, 1, 1, 0
1, 0, 1, 0, 0, 0, 0, 0, 0
1, 0, 1, 0, 0, 0, 0, 1, 0
1, 0, 1, 0, 0, 0, 1, 0, 0
1, 0, 1, 0, 0, 0, 1, 1, 0
1, 0, 1, 0, 0, 1, 0, 0, 0
1, 0, 1, 0, 0, 1, 0, 1, 0
1, 0, 1, 0, 0, 1, 1, 0, 0
1, 0, 1, 0, 0, 1, 1, 1, 0
1, 0, 1, 0, 1, 0, 0, 0, 0
1, 0, 1, 0, 1, 0, 0, 1, 0
1, 0, 1, 0, 1, 0, 1, 0, 0
1, 0, 1, 0, 1, 0, 1, 1, 0
1, 0, 1, 0, 1, 1, 0, 0, 0
1, 0, 1, 0, 1, 1, 0, 1, 0
1, 0, 1, 0, 1, 1, 1, 0, 0
1, 0, 1, 0, 1, 1, 1, 1, 0
1, 0, 1, 1, 0, 0, 0, 0, 0
1, 0, 1, 1, 0, 0, 0, 1, 0
1, 0, 1, 1, 0, 0, 1, 0, 0
1, 0, 1, 1, 0, 0, 1, 1, 0
1, 0, 1, 1, 0, 1, 0, 0, 0
1, 0, 1, 1, 0, 1, 0, 1, 0
1, 0, 1, 1, 0, 1, 1, 0, 0
1, 0, 1, 1, 0, 1, 1, 1, 0
1, 0, 1, 1, 1, 0, 0, 0, 0
1, 0, 1, 1, 1, 0, 0, 1, 0
1, 0, 1, 1, 1, 0, 1, 0, 0
1, 0, 1, 1, 1, 0, 1, 1, 0
1, 0, 1, 1, 1, 1, 0, 0, 0
1, 0, 1, 1, 1, 1, 0, 1, 0
1, 0, 1, 1, 1, 1, 1, 0, 0
1, 0, 1, 1, 1, 1, 1, 1, 0
1, 1, 0, 0, 0, 0, 0, 0, 0
1, 1, 0, 0, 0, 0, 0, 1, 0
1, 1, 0, 0, 0, 0, 1, 0, 0
1, 1, 0, 0, 0, 0, 1, 1, 0
1, 1, 0, 0, 0, 1, 0, 0, 0
1, 1, 0, 0, 0, 1, 0, 1, 0
1, 1, 0, 0, 0, 1, 1, 0, 0
1, 1, 0, 0, 0, 1, 1, 1, 0
1, 1, 0, 0, 1, 0, 0, 0, 0
1, 1, 0, 0, 1, 0, 0, 1, 0
1, 1, 0, 0, 1, 0, 1, 0, 0
1, 1, 0, 0, 1, 0, 1, 1, 0
1, 1, 0, 0, 1, 1, 0, 0, 0
1, 1, 0, 0, 1, 1, 0, 1, 0
1, 1, 0, 0, 1, 1, 1, 0, 0
1, 1, 0, 0, 1, 1, 1, 1, 0
1, 1, 0, 1, 0, 0, 0, 0, 0
1, 1, 0, 1, 0, 0, 0, 1, 0
1, 1, 0, 1, 0, 0, 1, 0, 0
1, 1, 0, 1, 0, 0, 1, 1, 0
1, 1, 0, 1, 0, 1, 0, 0, 0
1, 1, 0, 1, 0, 1, 0, 1, 0
1, 1, 0, 1, 0, 1, 1, 0, 0
1, 1, 0, 1, 0, 1, 1, 1, 0
1, 1, 0, 1, 1, 0, 0, 0, 0
1, 1, 0, 1, 1, 0, 0, 1, 0
1, 1, 0, 1, 1, 0, 1, 0, 0
1, 1, 0, 1, 1, 0, 1, 1, 0
1, 1, 0, 1, 1, 1, 0, 0, 0
1, 1, 0, 1, 1, 1, 0, 1, 0
1, 1, 0, 1, 1, 1, 1, 0, 0
1, 1, 0, 1, 1, 1, 1, 1, 0
1, 1, 1, 0, 0, 0, 0, 0, 0
1, 1, 1, 0, 0, 0, 0, 1, 0
1, 1, 1, 0, 0, 0, 1, 0, 0
1, 1, 1, 0, 0, 0, 1, 1, 0
1, 1, 1, 0, 0, 1, 0, 0, 0
1, 1, 1, 0, 0, 1, 0, 1, 0
1, 1, 1, 0, 0, 1, 1, 0, 0
1, 1, 1, 0, 0, 1, 1, 1, 0
1, 1, 1, 0, 1, 0, 0, 0, 0
1, 1, 1, 0, 1, 0, 0, 1, 0
1, 1, 1, 0, 1, 0, 1, 0, 0
1, 1, 1, 0, 1, 0, 1, 1, 0
1, 1, 1, 0, 1, 1, 0, 0, 0
1, 1, 1, 0, 1, 1, 0, 1, 0
1, 1, 1, 0, 1, 1, 1, 0, 0
1, 1, 1, 0, 1, 1, 1, 1, 0
1, 1, 1, 1, 0, 0, 0, 0, 0
1, 1, 1, 1, 0, 0, 0, 1, 0
1, 1, 1, 1, 0, 0, 1, 0, 0
1, 1, 1, 1, 0, 0, 1, 1, 0
1, 1, 1, 1, 0, 1, 0, 0, 0
1, 1, 1, 1, 0, 1, 0, 1, 0
1, 1, 1, 1, 0, 1, 1, 0, 0
1, 1, 1, 1, 0, 1, 1, 1, 0
1, 1, 1, 1, 1, 0, 0, 0, 0
1, 1, 1, 1, 1, 0, 0, 1, 0
1, 1, 1, 1, 1, 0, 1, 0, 0
1, 1, 1, 1, 1, 0, 1, 1, 0
1, 1, 1, 1, 1, 1, 0, 0, 0
1, 1, 1, 1, 1, 1, 0, 1, 0
1, 1, 1, 1, 1, 1, 1, 0, 0
1, 1, 1, 1, 1, 1, 1, 1, 0
# p53 (AKT1, AKT2, CTNNB1, DNAdamage, NICD, SNAI2, miR34, p73, p53)
0, 0, 0, 0, 0, 0, 0, 0, 0
0, 0, 0, 0, 0, 0, 0, 1, 0
0, 0, 0, 0, 0, 0, 1, 0, 1
0, 0, 0, 0, 0, 0, 1, 1, 0
0, 0, 0, 0, 0, 1, 0, 0, 0
0, 0, 0, 0, 0, 1, 0, 1, 0
0, 0, 0, 0, 0, 1, 1, 0, 0
0, 0, 0, 0, 0, 1, 1, 1, 0
0, 0, 0, 0, 1, 0, 0, 0, 1
0, 0, 0, 0, 1, 0, 0, 1, 0
0, 0, 0, 0, 1, 0, 1, 0, 1
0, 0, 0, 0, 1, 0, 1, 1, 0
0, 0, 0, 0, 1, 1, 0, 0, 0
0, 0, 0, 0, 1, 1, 0, 1, 0
0, 0, 0, 0, 1, 1, 1, 0, 0
0, 0, 0, 0, 1, 1, 1, 1, 0
0, 0, 0, 1, 0, 0, 0, 0, 1
0, 0, 0, 1, 0, 0, 0, 1, 0
0, 0, 0, 1, 0, 0, 1, 0, 1
0, 0, 0, 1, 0, 0, 1, 1, 0
0, 0, 0, 1, 0, 1, 0, 0, 0
0, 0, 0, 1, 0, 1, 0, 1, 0
0, 0, 0, 1, 0, 1, 1, 0, 0
0, 0, 0, 1, 0, 1, 1, 1, 0
0, 0, 0, 1, 1, 0, 0, 0, 1
0, 0, 0, 1, 1, 0, 0, 1, 0
0, 0, 0, 1, 1, 0, 1, 0, 1
0, 0, 0, 1, 1, 0, 1, 1, 0
0, 0, 0, 1, 1, 1, 0, 0, 0
0, 0, 0, 1, 1, 1, 0, 1, 0
0, 0, 0, 1, 1, 1, 1, 0, 0
0, 0, 0, 1, 1, 1, 1, 1, 0
0, 0, 1, 0, 0, 0, 0, 0, 1
0, 0, 1, 0, 0, 0, 0, 1, 0
0, 0, 1, 0, 0, 0, 1, 0, 1
0, 0, 1, 0, 0, 0, 1, 1, 0
0, 0, 1, 0, 0, 1, 0, 0, 0
0, 0, 1, 0, 0, 1, 0, 1, 0
0, 0, 1, 0, 0, 1, 1, 0, 0
0, 0, 1, 0, 0, 1, 1, 1, 0
0, 0, 1, 0, 1, 0, 0, 0, 1
0, 0, 1, 0, 1, 0, 0, 1, 0
0, 0, 1, 0, 1, 0, 1, 0, 1
0, 0, 1, 0, 1, 0, 1, 1, 0
0, 0, 1, 0, 1, 1, 0, 0, 0
0, 0, 1, 0, 1, 1, 0, 1, 0
0, 0, 1, 0, 1, 1, 1, 0, 0
0, 0, 1, 0, 1, 1, 1, 1, 0
0, 0, 1, 1, 0, 0, 0, 0, 1
0, 0, 1, 1, 0, 0, 0, 1, 0
0, 0, 1, 1, 0, 0, 1, 0, 1
0, 0, 1, 1, 0, 0, 1, 1, 0
0, 0, 1, 1, 0, 1, 0, 0, 0
0, 0, 1, 1, 0, 1, 0, 1, 0
0, 0, 1, 1, 0, 1, 1, 0, 0
0, 0, 1, 1, 0, 1, 1, 1, 0
0, 0, 1, 1, 1, 0, 0, 0, 1
0, 0, 1, 1, 1, 0, 0, 1, 0
0, 0, 1, 1, 1, 0, 1, 0, 1
0, 0, 1, 1, 1, 0, 1, 1, 0
0, 0, 1, 1, 1, 1, 0, 0, 0
0, 0, 1, 1, 1, 1, 0, 1, 0
0, 0, 1, 1, 1, 1, 1, 0, 0
0, 0, 1, 1, 1, 1, 1, 1, 0
0, 1, 0, 0, 0, 0, 0, 0, 0
0, 1, 0, 0, 0, 0, 0, 1, 0
0, 1, 0, 0, 0, 0, 1, 0, 0
0, 1, 0, 0, 0, 0, 1, 1, 0
0, 1, 0, 0, 0, 1, 0, 0, 0
0, 1, 0, 0, 0, 1, 0, 1, 0
0, 1, 0, 0, 0, 1, 1, 0, 0
0, 1, 0, 0, 0, 1, 1, 1, 0
0, 1, 0, 0, 1, 0, 0, 0, 0
0, 1, 0, 0, 1, 0, 0, 1, 0
0, 1, 0, 0, 1, 0, 1, 0, 0
0, 1, 0, 0, 1, 0, 1, 1, 0
0, 1, 0, 0, 1, 1, 0, 0, 0
0, 1, 0, 0, 1, 1, 0, 1, 0
0, 1, 0, 0, 1, 1, 1, 0, 0
0, 1, 0, 0, 1, 1, 1, 1, 0
0, 1, 0, 1, 0, 0, 0, 0, 0
0, 1, 0, 1, 0, 0, 0, 1, 0
0, 1, 0, 1, 0, 0, 1, 0, 0
0, 1, 0, 1, 0, 0, 1, 1, 0
0, 1, 0, 1, 0, 1, 0, 0, 0
0, 1, 0, 1, 0, 1, 0, 1, 0
0, 1, 0, 1, 0, 1, 1, 0, 0
0, 1, 0, 1, 0, 1, 1, 1, 0
0, 1, 0, 1, 1, 0, 0, 0, 0
0, 1, 0, 1, 1, 0, 0, 1, 0
0, 1, 0, 1, 1, 0, 1, 0, 0
0, 1, 0, 1, 1, 0, 1, 1, 0
0, 1, 0, 1, 1, 1, 0, 0, 0
0, 1, 0, 1, 1, 1, 0, 1, 0
0, 1, 0, 1, 1, 1, 1, 0, 0
0, 1, 0, 1, 1, 1, 1, 1, 0
0, 1, 1, 0, 0, 0, 0, 0, 0
0, 1, 1, 0, 0, 0, 0, 1, 0
0, 1, 1, 0, 0, 0, 1, 0, 0
0, 1, 1, 0, 0, 0, 1, 1, 0
0, 1, 1, 0, 0, 1, 0, 0, 0
0, 1, 1, 0, 0, 1, 0, 1, 0
0, 1, 1, 0, 0, 1, 1, 0, 0
0, 1, 1, 0, 0, 1, 1, 1, 0
0, 1, 1, 0, 1, 0, 0, 0, 0
0, 1, 1, 0, 1, 0, 0, 1, 0
0, 1, 1, 0, 1, 0, 1, 0, 0
0, 1, 1, 0, 1, 0, 1, 1, 0
0, 1, 1, 0, 1, 1, 0, 0, 0
0, 1, 1, 0, 1, 1, 0, 1, 0
0, 1, 1, 0, 1, 1, 1, 0, 0
0, 1, 1, 0, 1, 1, 1, 1, 0
0, 1, 1, 1, 0, 0, 0, 0, 0
0, 1, 1, 1, 0, 0, 0, 1, 0
0, 1, 1, 1, 0, 0, 1, 0, 0
0, 1, 1, 1, 0, 0, 1, 1, 0
0, 1, 1, 1, 0, 1, 0, 0, 0
0, 1, 1, 1, 0, 1, 0, 1, 0
0, 1, 1, 1, 0, 1, 1, 0, 0
0, 1, 1, 1, 0, 1, 1, 1, 0
0, 1, 1, 1, 1, 0, 0, 0, 0
0, 1, 1, 1, 1, 0, 0, 1, 0
0, 1, 1, 1, 1, 0, 1, 0, 0
0, 1, 1, 1, 1, 0, 1, 1, 0
0, 1, 1, 1, 1, 1, 0, 0, 0
0, 1, 1, 1, 1, 1, 0, 1, 0
0, 1, 1, 1, 1, 1, 1, 0, 0
0, 1, 1, 1, 1, 1, 1, 1, 0
1, 0, 0, 0, 0, 0, 0, 0, 0
1, 0, 0, 0, 0, 0, 0, 1, 0
1, 0, 0, 0, 0, 0, 1, 0, 0
1, 0, 0, 0, 0, 0, 1, 1, 0
1, 0, 0, 0, 0, 1, 0, 0, 0
1, 0, 0, 0, 0, 1, 0, 1, 0
1, 0, 0, 0, 0, 1, 1, 0, 0
1, 0, 0, 0, 0, 1, 1, 1, 0
1, 0, 0, 0, 1, 0, 0, 0, 0
1, 0, 0, 0, 1, 0, 0, 1, 0
1, 0, 0, 0, 1, 0, 1, 0, 0
1, 0, 0, 0, 1, 0, 1, 1, 0
1, 0, 0, 0, 1, 1, 0, 0, 0
1, 0, 0, 0, 1, 1, 0, 1, 0
1, 0, 0, 0, 1, 1, 1, 0, 0
1, 0, 0, 0, 1, 1, 1, 1, 0
1, 0, 0, 1, 0, 0, 0, 0, 0
1, 0, 0, 1, 0, 0, 0, 1, 0
1, 0, 0, 1, 0, 0, 1, 0, 0
1, 0, 0, 1, 0, 0, 1, 1, 0
1, 0, 0, 1, 0, 1, 0, 0, 0
1, 0, 0, 1, 0, 1, 0, 1, 0
1, 0, 0, 1, 0, 1, 1, 0, 0
1, 0, 0, 1, 0, 1, 1, 1, 0
1, 0, 0, 1, 1, 0, 0, 0, 0
1, 0, 0, 1, 1, 0, 0, 1, 0
1, 0, 0, 1, 1, 0, 1, 0, 0
1, 0, 0, 1, 1, 0, 1, 1, 0
1, 0, 0, 1, 1, 1, 0, 0, 0
1, 0, 0, 1, 1, 1, 0, 1, 0
1, 0, 0, 1, 1, 1, 1, 0, 0
1, 0, 0, 1, 1, 1, 1, 1, 0
1, 0, 1, 0, 0, 0, 0, 0, 0
1, 0, 1, 0, 0, 0, 0, 1, 0
1, 0, 1, 0, 0, 0, 1, 0, 0
1, 0, 1, 0, 0, 0, 1, 1, 0
1, 0, 1, 0, 0, 1, 0, 0, 0
1, 0, 1, 0, 0, 1, 0, 1, 0
1, 0, 1, 0, 0, 1, 1, 0, 0
1, 0, 1, 0, 0, 1, 1, 1, 0
1, 0, 1, 0, 1, 0, 0, 0, 0
1, 0, 1, 0, 1, 0, 0, 1, 0
1, 0, 1, 0, 1, 0, 1, 0, 0
1, 0, 1, 0, 1, 0, 1, 1, 0
1, 0, 1, 0, 1, 1, 0, 0, 0
1, 0, 1, 0, 1, 1, 0, 1, 0
1, 0, 1, 0, 1, 1, 1, 0, 0
1, 0, 1, 0, 1, 1, 1, 1, 0
1, 0, 1, 1, 0, 0, 0, 0, 0
1, 0, 1, 1, 0, 0, 0, 1, 0
1, 0, 1, 1, 0, 0, 1, 0, 0
1, 0, 1, 1, 0, 0, 1, 1, 0
1, 0, 1, 1, 0, 1, 0, 0, 0
1, 0, 1, 1, 0, 1, 0, 1, 0
1, 0, 1, 1, 0, 1, 1, 0, 0
1, 0, 1, 1, 0, 1, 1, 1, 0
1, 0, 1, 1, 1, 0, 0, 0, 0
1, 0, 1, 1, 1, 0, 0, 1, 0
1, 0, 1, 1, 1, 0, 1, 0, 0
1, 0, 1, 1, 1, 0, 1, 1, 0
1, 0, 1, 1, 1, 1, 0, 0, 0
1, 0, 1, 1, 1, 1, 0, 1, 0
1, 0, 1, 1, 1, 1, 1, 0, 0
1, 0, 1, 1, 1, 1, 1, 1, 0
1, 1, 0, 0, 0, 0, 0, 0, 0
1, 1, 0, 0, 0, 0, 0, 1, 0
1, 1, 0, 0, 0, 0, 1, 0, 0
1, 1, 0, 0, 0, 0, 1, 1, 0
1, 1, 0, 0, 0, 1, 0, 0, 0
1, 1, 0, 0, 0, 1, 0, 1, 0
1, 1, 0, 0, 0, 1, 1, 0, 0
1, 1, 0, 0, 0, 1, 1, 1, 0
1, 1, 0, 0, 1, 0, 0, 0, 0
1, 1, 0, 0, 1, 0, 0, 1, 0
1, 1, 0, 0, 1, 0, 1, 0, 0
1, 1, 0, 0, 1, 0, 1, 1, 0
1, 1, 0, 0, 1, 1, 0, 0, 0
1, 1, 0, 0, 1, 1, 0, 1, 0
1, 1, 0, 0, 1, 1, 1, 0, 0
1, 1, 0, 0, 1, 1, 1, 1, 0
1, 1, 0, 1, 0, 0, 0, 0, 0
1, 1, 0, 1, 0, 0, 0, 1, 0
1, 1, 0, 1, 0, 0, 1, 0, 0
1, 1, 0, 1, 0, 0, 1, 1, 0
1, 1, 0, 1, 0, 1, 0, 0, 0
1, 1, 0, 1, 0, 1, 0, 1, 0
1, 1, 0, 1, 0, 1, 1, 0, 0
1, 1, 0, 1, 0, 1, 1, 1, 0
1, 1, 0, 1, 1, 0, 0, 0, 0
1, 1, 0, 1, 1, 0, 0, 1, 0
1, 1, 0, 1, 1, 0, 1, 0, 0
1, 1, 0, 1, 1, 0, 1, 1, 0
1, 1, 0, 1, 1, 1, 0, 0, 0
1, 1, 0, 1, 1, 1, 0, 1, 0
1, 1, 0, 1, 1, 1, 1, 0, 0
1, 1, 0, 1, 1, 1, 1, 1, 0
1, 1, 1, 0, 0, 0, 0, 0, 0
1, 1, 1, 0, 0, 0, 0, 1, 0
1, 1, 1, 0, 0, 0, 1, 0, 0
1, 1, 1, 0, 0, 0, 1, 1, 0
1, 1, 1, 0, 0, 1, 0, 0, 0
1, 1, 1, 0, 0, 1, 0, 1, 0
1, 1, 1, 0, 0, 1, 1, 0, 0
1, 1, 1, 0, 0, 1, 1, 1, 0
1, 1, 1, 0, 1, 0, 0, 0, 0
1, 1, 1, 0, 1, 0, 0, 1, 0
1, 1, 1, 0, 1, 0, 1, 0, 0
1, 1, 1, 0, 1, 0, 1, 1, 0
1, 1, 1, 0, 1, 1, 0, 0, 0
1, 1, 1, 0, 1, 1, 0, 1, 0
1, 1, 1, 0, 1, 1, 1, 0, 0
1, 1, 1, 0, 1, 1, 1, 1, 0
1, 1, 1, 1, 0, 0, 0, 0, 0
1, 1, 1, 1, 0, 0, 0, 1, 0
1, 1, 1, 1, 0, 0, 1, 0, 0
1, 1, 1, 1, 0, 0, 1, 1, 0
1, 1, 1, 1, 0, 1, 0, 0, 0
1, 1, 1, 1, 0, 1, 0, 1, 0
1, 1, 1, 1, 0, 1, 1, 0, 0
1, 1, 1, 1, 0, 1, 1, 1, 0
1, 1, 1, 1, 1, 0, 0, 0, 0
1, 1, 1, 1, 1, 0, 0, 1, 0
1, 1, 1, 1, 1, 0, 1, 0, 0
1, 1, 1, 1, 1, 0, 1, 1, 0
1, 1, 1, 1, 1, 1, 0, 0, 0
1, 1, 1, 1, 1, 1, 0, 1, 0
1, 1, 1, 1, 1, 1, 1, 0, 0
1, 1, 1, 1, 1, 1, 1, 1, 0
# p63 (AKT1, AKT2, DNAdamage, NICD, miR203, p53, p63)
0, 0, 0, 0, 0, 0, 0
0, 0, 0, 0, 0, 1, 0
0, 0, 0, 0, 1, 0, 0
0, 0, 0, 0, 1, 1, 0
0, 0, 0, 1, 0, 0, 0
0, 0, 0, 1, 0, 1, 0
0, 0, 0, 1, 1, 0, 0
0, 0, 0, 1, 1, 1, 0
0, 0, 1, 0, 0, 0, 1
0, 0, 1, 0, 0, 1, 0
0, 0, 1, 0, 1, 0, 0
0, 0, 1, 0, 1, 1, 0
0, 0, 1, 1, 0, 0, 0
0, 0, 1, 1, 0, 1, 0
0, 0, 1, 1, 1, 0, 0
0, 0, 1, 1, 1, 1, 0
0, 1, 0, 0, 0, 0, 0
0, 1, 0, 0, 0, 1, 0
0, 1, 0, 0, 1, 0, 0
0, 1, 0, 0, 1, 1, 0
0, 1, 0, 1, 0, 0, 0
0, 1, 0, 1, 0, 1, 0
0, 1, 0, 1, 1, 0, 0
0, 1, 0, 1, 1, 1, 0
0, 1, 1, 0, 0, 0, 0
0, 1, 1, 0, 0, 1, 0
0, 1, 1, 0, 1, 0, 0
0, 1, 1, 0, 1, 1, 0
0, 1, 1, 1, 0, 0, 0
0, 1, 1, 1, 0, 1, 0
0, 1, 1, 1, 1, 0, 0
0, 1, 1, 1, 1, 1, 0
1, 0, 0, 0, 0, 0, 0
1, 0, 0, 0, 0, 1, 0
1, 0, 0, 0, 1, 0, 0
1, 0, 0, 0, 1, 1, 0
1, 0, 0, 1, 0, 0, 0
1, 0, 0, 1, 0, 1, 0
1, 0, 0, 1, 1, 0, 0
1, 0, 0, 1, 1, 1, 0
1, 0, 1, 0, 0, 0, 0
1, 0, 1, 0, 0, 1, 0
1, 0, 1, 0, 1, 0, 0
1, 0, 1, 0, 1, 1, 0
1, 0, 1, 1, 0, 0, 0
1, 0, 1, 1, 0, 1, 0
1, 0, 1, 1, 1, 0, 0
1, 0, 1, 1, 1, 1, 0
1, 1, 0, 0, 0, 0, 0
1, 1, 0, 0, 0, 1, 0
1, 1, 0, 0, 1, 0, 0
1, 1, 0, 0, 1, 1, 0
1, 1, 0, 1, 0, 0, 0
1, 1, 0, 1, 0, 1, 0
1, 1, 0, 1, 1, 0, 0
1, 1, 0, 1, 1, 1, 0
1, 1, 1, 0, 0, 0, 0
1, 1, 1, 0, 0, 1, 0
1, 1, 1, 0, 1, 0, 0
1, 1, 1, 0, 1, 1, 0
1, 1, 1, 1, 0, 0, 0
1, 1, 1, 1, 0, 1, 0
1, 1, 1, 1, 1, 0, 0
1, 1, 1, 1, 1, 1, 0
# p73 (AKT1, AKT2, DNAdamage, ZEB1, p53, p73)
0, 0, 0, 0, 0, 0
0, 0, 0, 0, 1, 0
0, 0, 0, 1, 0, 0
0, 0, 0, 1, 1, 0
0, 0, 1, 0, 0, 1
0, 0, 1, 0, 1, 0
0, 0, 1, 1, 0, 0
0, 0, 1, 1, 1, 0
0, 1, 0, 0, 0, 0
0, 1, 0, 0, 1, 0
0, 1, 0, 1, 0, 0
0, 1, 0, 1, 1, 0
0, 1, 1, 0, 0, 0
0, 1, 1, 0, 1, 0
0, 1, 1, 1, 0, 0
0, 1, 1, 1, 1, 0
1, 0, 0, 0, 0, 0
1, 0, 0, 0, 1, 0
1, 0, 0, 1, 0, 0
1, 0, 0, 1, 1, 0
1, 0, 1, 0, 0, 0
1, 0, 1, 0, 1, 0
1, 0, 1, 1, 0, 0
1, 0, 1, 1, 1, 0
1, 1, 0, 0, 0, 0
1, 1, 0, 0, 1, 0
1, 1, 0, 1, 0, 0
1, 1, 0, 1, 1, 0
1, 1, 1, 0, 0, 0
1, 1, 1, 0, 1, 0
1, 1, 1, 1, 0, 0
1, 1, 1, 1, 1, 0
# SMAD (TGFbeta, miR200, miR203, SMAD)
0, 0, 0, 0
0, 0, 1, 0
0, 1, 0, 0
0, 1, 1, 0
1, 0, 0, 1
1, 0, 1, 0
1, 1, 0, 0
1, 1, 1, 0
# SNAI1 (CTNNB1, NICD, TWIST1, miR203, miR34, p53, SNAI1)
0, 0, 0, 0, 0, 0, 0
0, 0, 0, 0, 0, 1, 0
0, 0, 0, 0, 1, 0, 0
0, 0, 0, 0, 1, 1, 0
0, 0, 0, 1, 0, 0, 0
0, 0, 0, 1, 0, 1, 0
0, 0, 0, 1, 1, 0, 0
0, 0, 0, 1, 1, 1, 0
0, 0, 1, 0, 0, 0, 1
0, 0, 1, 0, 0, 1, 0
0, 0, 1, 0, 1, 0, 0
0, 0, 1, 0, 1, 1, 0
0, 0, 1, 1, 0, 0, 0
0, 0, 1, 1, 0, 1, 0
0, 0, 1, 1, 1, 0, 0
0, 0, 1, 1, 1, 1, 0
0, 1, 0, 0, 0, 0, 1
0, 1, 0, 0, 0, 1, 0
0, 1, 0, 0, 1, 0, 0
0, 1, 0, 0, 1, 1, 0
0, 1, 0, 1, 0, 0, 0
0, 1, 0, 1, 0, 1, 0
0, 1, 0, 1, 1, 0, 0
0, 1, 0, 1, 1, 1, 0
0, 1, 1, 0, 0, 0, 1
0, 1, 1, 0, 0, 1, 0
0, 1, 1, 0, 1, 0, 0
0, 1, 1, 0, 1, 1, 0
0, 1, 1, 1, 0, 0, 0
0, 1, 1, 1, 0, 1, 0
0, 1, 1, 1, 1, 0, 0
0, 1, 1, 1, 1, 1, 0
1, 0, 0, 0, 0, 0, 0
1, 0, 0, 0, 0, 1, 0
1, 0, 0, 0, 1, 0, 0
1, 0, 0, 0, 1, 1, 0
1, 0, 0, 1, 0, 0, 0
1, 0, 0, 1, 0, 1, 0
1, 0, 0, 1, 1, 0, 0
1, 0, 0, 1, 1, 1, 0
1, 0, 1, 0, 0, 0, 0
1, 0, 1, 0, 0, 1, 0
1, 0, 1, 0, 1, 0, 0
1, 0, 1, 0, 1, 1, 0
1, 0, 1, 1, 0, 0, 0
1, 0, 1, 1, 0, 1, 0
1, 0, 1, 1, 1, 0, 0
1, 0, 1, 1, 1, 1, 0
1, 1, 0, 0, 0, 0, 0
1, 1, 0, 0, 0, 1, 0
1, 1, 0, 0, 1, 0, 0
1, 1, 0, 0, 1, 1, 0
1, 1, 0, 1, 0, 0, 0
1, 1, 0, 1, 0, 1, 0
1, 1, 0, 1, 1, 0, 0
1, 1, 0, 1, 1, 1, 0
1, 1, 1, 0, 0, 0, 0
1, 1, 1, 0, 0, 1, 0
1, 1, 1, 0, 1, 0, 0
1, 1, 1, 0, 1, 1, 0
1, 1, 1, 1, 0, 0, 0
1, 1, 1, 1, 0, 1, 0
1, 1, 1, 1, 1, 0, 0
1, 1, 1, 1, 1, 1, 0
# SNAI2 (CTNNB1, NICD, TWIST1, miR200, miR203, p53, SNAI2)
0, 0, 0, 0, 0, 0, 0
0, 0, 0, 0, 0, 1, 0
0, 0, 0, 0, 1, 0, 0
0, 0, 0, 0, 1, 1, 0
0, 0, 0, 1, 0, 0, 0
0, 0, 0, 1, 0, 1, 0
0, 0, 0, 1, 1, 0, 0
0, 0, 0, 1, 1, 1, 0
0, 0, 1, 0, 0, 0, 1
0, 0, 1, 0, 0, 1, 0
0, 0, 1, 0, 1, 0, 0
0, 0, 1, 0, 1, 1, 0
0, 0, 1, 1, 0, 0, 0
0, 0, 1, 1, 0, 1, 0
0, 0, 1, 1, 1, 0, 0
0, 0, 1, 1, 1, 1, 0
0, 1, 0, 0, 0, 0, 1
0, 1, 0, 0, 0, 1, 0
0, 1, 0, 0, 1, 0, 0
0, 1, 0, 0, 1, 1, 0
0, 1, 0, 1, 0, 0, 0
0, 1, 0, 1, 0, 1, 0
0, 1, 0, 1, 1, 0, 0
0, 1, 0, 1, 1, 1, 0
0, 1, 1, 0, 0, 0, 1
0, 1, 1, 0, 0, 1, 0
0, 1, 1, 0, 1, 0, 0
0, 1, 1, 0, 1, 1, 0
0, 1, 1, 1, 0, 0, 0
0, 1, 1, 1, 0, 1, 0
0, 1, 1, 1, 1, 0, 0
0, 1, 1, 1, 1, 1, 0
1, 0, 0, 0, 0, 0, 1
1, 0, 0, 0, 0, 1, 0
1, 0, 0, 0, 1, 0, 0
1, 0, 0, 0, 1, 1, 0
1, 0, 0, 1, 0, 0, 0
1, 0, 0, 1, 0, 1, 0
1, 0, 0, 1, 1, 0, 0
1, 0, 0, 1, 1, 1, 0
1, 0, 1, 0, 0, 0, 1
1, 0, 1, 0, 0, 1, 0
1, 0, 1, 0, 1, 0, 0
1, 0, 1, 0, 1, 1, 0
1, 0, 1, 1, 0, 0, 0
1, 0, 1, 1, 0, 1, 0
1, 0, 1, 1, 1, 0, 0
1, 0, 1, 1, 1, 1, 0
1, 1, 0, 0, 0, 0, 1
1, 1, 0, 0, 0, 1, 0
1, 1, 0, 0, 1, 0, 0
1, 1, 0, 0, 1, 1, 0
1, 1, 0, 1, 0, 0, 0
1, 1, 0, 1, 0, 1, 0
1, 1, 0, 1, 1, 0, 0
1, 1, 0, 1, 1, 1, 0
1, 1, 1, 0, 0, 0, 1
1, 1, 1, 0, 0, 1, 0
1, 1, 1, 0, 1, 0, 0
1, 1, 1, 0, 1, 1, 0
1, 1, 1, 1, 0, 0, 0
1, 1, 1, 1, 0, 1, 0
1, 1, 1, 1, 1, 0, 0
1, 1, 1, 1, 1, 1, 0
# TGFbeta (CTNNB1, ECM, NICD, TGFbeta)
0, 0, 0, 0
0, 0, 1, 1
0, 1, 0, 1
0, 1, 1, 1
1, 0, 0, 0
1, 0, 1, 0
1, 1, 0, 0
1, 1, 1, 0
# TWIST1 (CTNNB1, NICD, SNAI1, TWIST1)
0, 0, 0, 0
0, 0, 1, 1
0, 1, 0, 1
0, 1, 1, 1
1, 0, 0, 1
1, 0, 1, 1
1, 1, 0, 1
1, 1, 1, 1
# VIM (CTNNB1, ZEB2, VIM)
0, 0, 0
0, 1, 1
1, 0, 1
1, 1, 1
# ZEB1 (CTNNB1, NICD, SNAI1, SNAI2, TWIST1, miR200, ZEB1)
0, 0, 0, 0, 0, 0, 0
0, 0, 0, 0, 0, 1, 0
0, 0, 0, 0, 1, 0, 0
0, 0, 0, 0, 1, 1, 0
0, 0, 0, 1, 0, 0, 1
0, 0, 0, 1, 0, 1, 0
0, 0, 0, 1, 1, 0, 1
0, 0, 0, 1, 1, 1, 0
0, 0, 1, 0, 0, 0, 0
0, 0, 1, 0, 0, 1, 0
0, 0, 1, 0, 1, 0, 1
0, 0, 1, 0, 1, 1, 0
0, 0, 1, 1, 0, 0, 1
0, 0, 1, 1, 0, 1, 0
0, 0, 1, 1, 1, 0, 1
0, 0, 1, 1, 1, 1, 0
0, 1, 0, 0, 0, 0, 1
0, 1, 0, 0, 0, 1, 0
0, 1, 0, 0, 1, 0, 1
0, 1, 0, 0, 1, 1, 0
0, 1, 0, 1, 0, 0, 1
0, 1, 0, 1, 0, 1, 0
0, 1, 0, 1, 1, 0, 1
0, 1, 0, 1, 1, 1, 0
0, 1, 1, 0, 0, 0, 1
0, 1, 1, 0, 0, 1, 0
0, 1, 1, 0, 1, 0, 1
0, 1, 1, 0, 1, 1, 0
0, 1, 1, 1, 0, 0, 1
0, 1, 1, 1, 0, 1, 0
0, 1, 1, 1, 1, 0, 1
0, 1, 1, 1, 1, 1, 0
1, 0, 0, 0, 0, 0, 1
1, 0, 0, 0, 0, 1, 0
1, 0, 0, 0, 1, 0, 1
1, 0, 0, 0, 1, 1, 0
1, 0, 0, 1, 0, 0, 1
1, 0, 0, 1, 0, 1, 0
1, 0, 0, 1, 1, 0, 1
1, 0, 0, 1, 1, 1, 0
1, 0, 1, 0, 0, 0, 1
1, 0, 1, 0, 0, 1, 0
1, 0, 1, 0, 1, 0, 1
1, 0, 1, 0, 1, 1, 0
1, 0, 1, 1, 0, 0, 1
1, 0, 1, 1, 0, 1, 0
1, 0, 1, 1, 1, 0, 1
1, 0, 1, 1, 1, 1, 0
1, 1, 0, 0, 0, 0, 1
1, 1, 0, 0, 0, 1, 0
1, 1, 0, 0, 1, 0, 1
1, 1, 0, 0, 1, 1, 0
1, 1, 0, 1, 0, 0, 1
1, 1, 0, 1, 0, 1, 0
1, 1, 0, 1, 1, 0, 1
1, 1, 0, 1, 1, 1, 0
1, 1, 1, 0, 0, 0, 1
1, 1, 1, 0, 0, 1, 0
1, 1, 1, 0, 1, 0, 1
1, 1, 1, 0, 1, 1, 0
1, 1, 1, 1, 0, 0, 1
1, 1, 1, 1, 0, 1, 0
1, 1, 1, 1, 1, 0, 1
1, 1, 1, 1, 1, 1, 0
# ZEB2 (NICD, SNAI1, SNAI2, TWIST1, miR200, miR203, ZEB2)
0, 0, 0, 0, 0, 0, 0
0, 0, 0, 0, 0, 1, 0
0, 0, 0, 0, 1, 0, 0
0, 0, 0, 0, 1, 1, 0
0, 0, 0, 1, 0, 0, 0
0, 0, 0, 1, 0, 1, 0
0, 0, 0, 1, 1, 0, 0
0, 0, 0, 1, 1, 1, 0
0, 0, 1, 0, 0, 0, 0
0, 0, 1, 0, 0, 1, 0
0, 0, 1, 0, 1, 0, 0
0, 0, 1, 0, 1, 1, 0
0, 0, 1, 1, 0, 0, 1
0, 0, 1, 1, 0, 1, 0
0, 0, 1, 1, 1, 0, 0
0, 0, 1, 1, 1, 1, 0
0, 1, 0, 0, 0, 0, 1
0, 1, 0, 0, 0, 1, 0
0, 1, 0, 0, 1, 0, 0
0, 1, 0, 0, 1, 1, 0
0, 1, 0, 1, 0, 0, 1
0, 1, 0, 1, 0, 1, 0
0, 1, 0, 1, 1, 0, 0
0, 1, 0, 1, 1, 1, 0
0, 1, 1, 0, 0, 0, 1
0, 1, 1, 0, 0, 1, 0
0, 1, 1, 0, 1, 0, 0
0, 1, 1, 0, 1, 1, 0
0, 1, 1, 1, 0, 0, 1
0, 1, 1, 1, 0, 1, 0
0, 1, 1, 1, 1, 0, 0
0, 1, 1, 1, 1, 1, 0
1, 0, 0, 0, 0, 0, 1
1, 0, 0, 0, 0, 1, 0
1, 0, 0, 0, 1, 0, 0
1, 0, 0, 0, 1, 1, 0
1, 0, 0, 1, 0, 0, 1
1, 0, 0, 1, 0, 1, 0
1, 0, 0, 1, 1, 0, 0
1, 0, 0, 1, 1, 1, 0
1, 0, 1, 0, 0, 0, 1
1, 0, 1, 0, 0, 1, 0
1, 0, 1, 0, 1, 0, 0
1, 0, 1, 0, 1, 1, 0
1, 0, 1, 1, 0, 0, 1
1, 0, 1, 1, 0, 1, 0
1, 0, 1, 1, 1, 0, 0
1, 0, 1, 1, 1, 1, 0
1, 1, 0, 0, 0, 0, 1
1, 1, 0, 0, 0, 1, 0
1, 1, 0, 0, 1, 0, 0
1, 1, 0, 0, 1, 1, 0
1, 1, 0, 1, 0, 0, 1
1, 1, 0, 1, 0, 1, 0
1, 1, 0, 1, 1, 0, 0
1, 1, 0, 1, 1, 1, 0
1, 1, 1, 0, 0, 0, 1
1, 1, 1, 0, 0, 1, 0
1, 1, 1, 0, 1, 0, 0
1, 1, 1, 0, 1, 1, 0
1, 1, 1, 1, 0, 0, 1
1, 1, 1, 1, 0, 1, 0
1, 1, 1, 1, 1, 0, 0
1, 1, 1, 1, 1, 1, 0
